x,y,p,xt,yt,time
0,0,0,0,0,0
-571.898529053,-261.616012573,0.19921875,0.228346456693,0.763779527559,1168382
-571.898529053,-261.835906982,0.201171875,0.228346456693,0.763779527559,1168386
-571.929092407,-262.000823975,0.19921875,0.244094488189,0.763779527559,1168391
-571.898529053,-262.083282471,0.19921875,0.244094488189,0.763779527559,1168396
-571.806869507,-262.138259888,0.2041015625,0.244094488189,0.763779527559,1168402
-571.806869507,-262.138259888,0.22021484375,0.244094488189,0.763779527559,1168406
-571.715194702,-262.11076355,0.2333984375,0.259842519685,0.763779527559,1168412
-571.715194702,-262.11076355,0.24169921875,0.259842519685,0.763779527559,1168416
-571.715194702,-262.11076355,0.24755859375,0.259842519685,0.763779527559,1168422
-571.715194702,-262.11076355,0.25244140625,0.259842519685,0.779527559055,1168426
-571.623535156,-262.083282471,0.255859375,0.259842519685,0.779527559055,1168431
-571.623535156,-262.083282471,0.25830078125,0.259842519685,0.779527559055,1168436
-571.562423706,-261.863388062,0.26171875,0.259842519685,0.779527559055,1168442
-571.531860352,-261.698471069,0.26806640625,0.259842519685,0.779527559055,1168446
-571.470748901,-261.396118164,0.27978515625,0.259842519685,0.779527559055,1168451
-571.440200806,-261.011306763,0.2890625,0.259842519685,0.779527559055,1168456
-571.440200806,-260.571533203,0.29296875,0.259842519685,0.779527559055,1168462
-571.440200806,-259.911849976,0.29541015625,0.244094488189,0.779527559055,1168467
-571.440200806,-259.224685669,0.29736328125,0.244094488189,0.779527559055,1168472
-571.440200806,-258.37260437,0.3017578125,0.244094488189,0.779527559055,1168477
-571.562423706,-257.355606079,0.30712890625,0.244094488189,0.779527559055,1168482
-571.715194702,-256.228652954,0.31298828125,0.244094488189,0.779527559055,1168487
-571.990203857,-254.936798096,0.32080078125,0.244094488189,0.779527559055,1168492
-572.326324463,-253.534988403,0.3232421875,0.244094488189,0.779527559055,1168497
-572.601318359,-251.995742798,0.330078125,0.244094488189,0.763779527559,1168502
-572.90687561,-250.374038696,0.3349609375,0.228346456693,0.763779527559,1168507
-573.120773315,-248.614898682,0.33935546875,0.228346456693,0.763779527559,1168512
-573.334655762,-246.745819092,0.34228515625,0.228346456693,0.748031496063,1168517
-573.487442017,-244.71182251,0.34326171875,0.228346456693,0.748031496063,1168522
-573.579101562,-242.457931519,0.34423828125,0.228346456693,0.748031496063,1168527
-573.701324463,-239.956665039,0.345703125,0.228346456693,0.732283464567,1168532
-573.823547363,-237.290466309,0.345703125,0.212598425197,0.732283464567,1168537
-573.945770264,-234.486846924,0.34716796875,0.212598425197,0.716535433071,1168542
-574.098556519,-231.65574646,0.34716796875,0.212598425197,0.716535433071,1168547
-574.251342773,-228.742172241,0.34814453125,0.212598425197,0.700787401575,1168552
-574.343002319,-225.85609436,0.34814453125,0.212598425197,0.700787401575,1168557
-574.495788574,-222.970001221,0.34912109375,0.196850393701,0.685039370079,1168562
-574.58744812,-220.166381836,0.35009765625,0.196850393701,0.685039370079,1168567
-574.679122925,-217.335281372,0.35009765625,0.196850393701,0.685039370079,1168572
-574.709671021,-214.366729736,0.35107421875,0.196850393701,0.669291338583,1168577
-574.618011475,-211.288253784,0.3515625,0.196850393701,0.669291338583,1168582
-574.40411377,-207.962387085,0.35205078125,0.196850393701,0.669291338583,1168587
-573.976333618,-204.55406189,0.353515625,0.212598425197,0.653543307087,1168592
-573.334655762,-201.063278198,0.36328125,0.212598425197,0.653543307087,1168597
-572.509658813,-197.544998169,0.37548828125,0.212598425197,0.637795275591,1168603
-571.501312256,-194.054214478,0.38623046875,0.212598425197,0.622047244094,1168607
-570.340179443,-190.728363037,0.39453125,0.212598425197,0.622047244094,1168613
-569.026290894,-187.594894409,0.39892578125,0.212598425197,0.606299212598,1168617
-567.529052734,-184.763793945,0.4013671875,0.228346456693,0.606299212598,1168623
-565.81791687,-182.207550049,0.404296875,0.212598425197,0.590551181102,1168627
-564.045684814,-179.898681641,0.4072265625,0.212598425197,0.590551181102,1168632
-562.059539795,-177.782226562,0.40869140625,0.212598425197,0.574803149606,1168637
-559.890075684,-175.830673218,0.41064453125,0.196850393701,0.574803149606,1168643
-557.598388672,-174.071548462,0.4130859375,0.196850393701,0.574803149606,1168647
-555.062255859,-172.422348022,0.416015625,0.181102362205,0.574803149606,1168653
-552.373336792,-170.938079834,0.4189453125,0.181102362205,0.55905511811,1168657
-549.562194824,-169.618728638,0.4228515625,0.165354330709,0.55905511811,1168662
-546.659393311,-168.354354858,0.427734375,0.165354330709,0.55905511811,1168668
-543.817687988,-167.227401733,0.43212890625,0.149606299213,0.55905511811,1168672
-541.006561279,-166.375320435,0.4375,0.149606299213,0.55905511811,1168677
-538.225967407,-165.715652466,0.44482421875,0.149606299213,0.55905511811,1168682
-535.445388794,-165.385818481,0.45166015625,0.149606299213,0.543307086614,1168687
-532.603683472,-165.468276978,0.4638671875,0.133858267717,0.543307086614,1168692
-529.609222412,-165.798110962,0.474609375,0.133858267717,0.543307086614,1168698
-526.492523193,-166.402816772,0.4814453125,0.133858267717,0.543307086614,1168703
-523.22303772,-167.254898071,0.486328125,0.133858267717,0.543307086614,1168708
-519.892456055,-168.134460449,0.48779296875,0.11811023622,0.527559055118,1168713
-516.592422485,-169.041519165,0.48876953125,0.11811023622,0.527559055118,1168718
-513.445159912,-169.866104126,0.4892578125,0.11811023622,0.527559055118,1168723
-510.603469849,-170.635726929,0.490234375,0.11811023622,0.527559055118,1168728
-508.128448486,-171.377868652,0.490234375,0.11811023622,0.527559055118,1168733
-506.111755371,-171.927597046,0.49072265625,0.11811023622,0.527559055118,1168738
-504.553405762,-172.339889526,0.49072265625,0.11811023622,0.527559055118,1168743
-503.422836304,-172.697219849,0.490234375,0.11811023622,0.527559055118,1168748
-502.720046997,-172.917114258,0.48828125,0.11811023622,0.527559055118,1168753
-502.353378296,-173.109512329,0.48779296875,0.11811023622,0.527559055118,1168758
-502.170043945,-173.246948242,0.4873046875,0.11811023622,0.527559055118,1168763
-502.170043945,-173.246948242,0.4853515625,0.11811023622,0.527559055118,1168768
-502.170043945,-173.246948242,0.48046875,0.11811023622,0.511811023622,1168773
-502.170043945,-173.246948242,0.47216796875,0.11811023622,0.511811023622,1168778
-502.170043945,-173.246948242,0.46044921875,0.11811023622,0.511811023622,1168783
-502.170043945,-173.246948242,0.44091796875,0.11811023622,0.511811023622,1168788
-502.26171875,-173.411865234,0.41162109375,0.11811023622,0.511811023622,1168793
-502.414489746,-173.521820068,0.3671875,0.11811023622,0.511811023622,1168798
-502.658935547,-173.686737061,0.29443359375,0.11811023622,0.511811023622,1168803
-503.086730957,-173.851654053,0.17236328125,0.11811023622,0.511811023622,1168808
-503.697845459,-173.989089966,0.02197265625,0.11811023622,0.511811023622,1168813
-504.492294312,-174.12651062,0.02197265625,0.11811023622,0.511811023622,1168818
0,0,0,0,0,0
-341.904541016,-261.808410645,0.23388671875,0.165354330709,0.653543307087,1169909
-341.904541016,-261.808410645,0.23583984375,0.165354330709,0.653543307087,1169914
-341.904541016,-261.808410645,0.22509765625,0.165354330709,0.653543307087,1169920
-341.812866211,-261.808410645,0.22216796875,0.165354330709,0.669291338583,1169924
-341.812866211,-261.808410645,0.2236328125,0.149606299213,0.669291338583,1169934
-341.782318115,-261.67098999,0.23193359375,0.149606299213,0.669291338583,1169940
-341.843414307,-261.506072998,0.23486328125,0.149606299213,0.669291338583,1169944
-341.904541016,-261.231201172,0.23974609375,0.149606299213,0.669291338583,1169950
-342.026763916,-260.763931274,0.2490234375,0.149606299213,0.669291338583,1169954
-342.179534912,-260.131744385,0.26123046875,0.149606299213,0.669291338583,1169960
-342.362854004,-259.334640503,0.27294921875,0.133858267717,0.669291338583,1169965
-342.668426514,-258.262664795,0.2841796875,0.133858267717,0.669291338583,1169970
-343.004547119,-256.998275757,0.29248046875,0.133858267717,0.669291338583,1169975
-343.462890625,-255.568984985,0.3046875,0.133858267717,0.669291338583,1169980
-343.982330322,-253.947280884,0.31005859375,0.133858267717,0.669291338583,1169985
-344.440673828,-252.298095703,0.3173828125,0.133858267717,0.669291338583,1169990
-344.899017334,-250.566436768,0.32421875,0.133858267717,0.653543307087,1169995
-345.326782227,-248.834793091,0.3291015625,0.133858267717,0.653543307087,1170000
-345.693450928,-246.965713501,0.33203125,0.133858267717,0.653543307087,1170005
-346.121246338,-244.876739502,0.3349609375,0.133858267717,0.637795275591,1170010
-346.518463135,-242.457931519,0.341796875,0.133858267717,0.637795275591,1170015
-346.946258545,-239.681793213,0.34716796875,0.133858267717,0.637795275591,1170020
-347.343475342,-236.603302002,0.35400390625,0.133858267717,0.622047244094,1170025
-347.710144043,-233.304931641,0.3583984375,0.133858267717,0.622047244094,1170030
-348.076812744,-229.814147949,0.3671875,0.133858267717,0.622047244094,1170035
-348.474029541,-226.103469849,0.3720703125,0.133858267717,0.606299212598,1170040
-348.840698242,-222.392791748,0.3759765625,0.133858267717,0.606299212598,1170045
-349.207366943,-218.792068481,0.37890625,0.133858267717,0.606299212598,1170050
-349.482391357,-215.163848877,0.37939453125,0.133858267717,0.590551181102,1170055
-349.665710449,-211.700546265,0.380859375,0.133858267717,0.590551181102,1170060
-349.726837158,-208.209762573,0.3837890625,0.133858267717,0.574803149606,1170065
-349.635162354,-204.746459961,0.39306640625,0.133858267717,0.574803149606,1170070
-349.482391357,-201.420593262,0.3994140625,0.133858267717,0.574803149606,1170075
-349.176818848,-198.177200317,0.40673828125,0.133858267717,0.55905511811,1170080
-348.718475342,-195.098709106,0.4140625,0.133858267717,0.543307086614,1170085
-348.137939453,-192.185134888,0.42041015625,0.133858267717,0.543307086614,1170091
-347.374023438,-189.43649292,0.42626953125,0.133858267717,0.527559055118,1170095
-346.396240234,-186.93522644,0.43505859375,0.133858267717,0.527559055118,1170101
-345.204559326,-184.626358032,0.44287109375,0.133858267717,0.511811023622,1170105
-343.829559326,-182.482406616,0.447265625,0.133858267717,0.511811023622,1170111
-342.332305908,-180.310974121,0.4501953125,0.11811023622,0.496062992126,1170115
-340.651733398,-178.222000122,0.45166015625,0.11811023622,0.496062992126,1170121
-338.848937988,-176.18800354,0.45263671875,0.11811023622,0.48031496063,1170125
-336.862823486,-174.181488037,0.4521484375,0.11811023622,0.48031496063,1170130
-334.785003662,-172.422348022,0.45263671875,0.11811023622,0.48031496063,1170135
-332.584991455,-170.718185425,0.453125,0.11811023622,0.48031496063,1170141
-330.384979248,-169.206436157,0.451171875,0.11811023622,0.48031496063,1170146
-328.215515137,-167.859603882,0.447265625,0.11811023622,0.48031496063,1170151
-326.076599121,-166.595214844,0.44189453125,0.11811023622,0.48031496063,1170156
-324.02935791,-165.550735474,0.4375,0.11811023622,0.48031496063,1170161
-322.043212891,-164.671157837,0.43359375,0.11811023622,0.464566929134,1170166
-320.057098389,-164.011489868,0.4306640625,0.11811023622,0.464566929134,1170171
-318.132080078,-163.544219971,0.4306640625,0.11811023622,0.464566929134,1170176
-316.115386963,-163.214385986,0.43115234375,0.11811023622,0.464566929134,1170181
-313.945922852,-163.049468994,0.43212890625,0.11811023622,0.464566929134,1170186
-311.562561035,-162.966995239,0.4326171875,0.11811023622,0.464566929134,1170191
-308.995849609,-163.049468994,0.43359375,0.11811023622,0.464566929134,1170196
-306.276397705,-163.186889648,0.4326171875,0.11811023622,0.464566929134,1170201
-303.556915283,-163.379302979,0.43408203125,0.11811023622,0.464566929134,1170206
-300.868011475,-163.599197388,0.43408203125,0.11811023622,0.464566929134,1170211
-298.301300049,-163.819076538,0.43408203125,0.11811023622,0.464566929134,1170216
-295.948516846,-164.038970947,0.43505859375,0.11811023622,0.464566929134,1170221
-293.779052734,-164.231384277,0.435546875,0.11811023622,0.464566929134,1170226
-291.792907715,-164.39630127,0.435546875,0.11811023622,0.464566929134,1170231
-290.112335205,-164.478759766,0.435546875,0.11811023622,0.464566929134,1170236
-288.615112305,-164.506240845,0.43603515625,0.11811023622,0.464566929134,1170241
-287.331756592,-164.561218262,0.435546875,0.11811023622,0.464566929134,1170246
-286.323394775,-164.616195679,0.435546875,0.102362204724,0.464566929134,1170252
-285.437286377,-164.671157837,0.43505859375,0.102362204724,0.464566929134,1170256
-284.61227417,-164.836090088,0.43505859375,0.102362204724,0.464566929134,1170261
-283.878936768,-164.973510742,0.43310546875,0.102362204724,0.464566929134,1170266
-283.176147461,-165.110946655,0.42724609375,0.102362204724,0.464566929134,1170272
-282.534484863,-165.248382568,0.41357421875,0.102362204724,0.464566929134,1170276
-282.015045166,-165.358322144,0.3935546875,0.102362204724,0.464566929134,1170282
-281.587249756,-165.495758057,0.36083984375,0.102362204724,0.464566929134,1170286
-281.190032959,-165.660675049,0.31201171875,0.102362204724,0.464566929134,1170292
-280.823364258,-165.853088379,0.24072265625,0.102362204724,0.464566929134,1170296
-280.456695557,-166.100463867,0.13232421875,0.102362204724,0.464566929134,1170302
-280.212249756,-166.402816772,0.13232421875,0.102362204724,0.464566929134,1170306
0,0,0,0,0,0
-98.1604003906,-252.408035278,0.177734375,0.212598425197,0.669291338583,1171342
-98.1298217773,-252.490493774,0.181640625,0.212598425197,0.669291338583,1171347
-98.0992431641,-252.572952271,0.18408203125,0.212598425197,0.669291338583,1171353
-98.0687255859,-252.655410767,0.193359375,0.212598425197,0.669291338583,1171357
-98.0687255859,-252.655410767,0.21533203125,0.212598425197,0.669291338583,1171363
-98.0687255859,-252.655410767,0.234375,0.212598425197,0.669291338583,1171367
-98.0687255859,-252.655410767,0.24755859375,0.212598425197,0.669291338583,1171373
-98.0687255859,-252.655410767,0.255859375,0.212598425197,0.669291338583,1171377
-98.0687255859,-252.655410767,0.2607421875,0.196850393701,0.669291338583,1171383
-98.0687255859,-252.655410767,0.26416015625,0.196850393701,0.669291338583,1171387
-98.0687255859,-252.655410767,0.26611328125,0.196850393701,0.669291338583,1171393
-98.0687255859,-252.655410767,0.27001953125,0.196850393701,0.669291338583,1171398
-97.946472168,-252.463012695,0.27880859375,0.196850393701,0.669291338583,1171403
-97.9159545898,-252.16065979,0.29052734375,0.196850393701,0.669291338583,1171408
-97.8242797852,-251.693389893,0.30126953125,0.196850393701,0.669291338583,1171413
-97.7326049805,-251.061203003,0.30615234375,0.196850393701,0.669291338583,1171418
-97.7326049805,-250.264099121,0.3125,0.196850393701,0.669291338583,1171423
-97.7020263672,-249.302062988,0.31591796875,0.196850393701,0.669291338583,1171428
-97.7326049805,-248.23008728,0.32080078125,0.196850393701,0.669291338583,1171433
-97.7631835938,-246.965713501,0.32373046875,0.196850393701,0.669291338583,1171438
-97.8547973633,-245.591384888,0.32470703125,0.196850393701,0.653543307087,1171443
-97.9159545898,-243.997177124,0.32958984375,0.196850393701,0.653543307087,1171448
-98.0076293945,-242.100601196,0.3349609375,0.196850393701,0.653543307087,1171453
-98.0687255859,-240.039123535,0.3388671875,0.196850393701,0.653543307087,1171458
-98.0992431641,-237.702774048,0.3408203125,0.196850393701,0.653543307087,1171463
-98.221496582,-235.256469727,0.3427734375,0.196850393701,0.637795275591,1171468
-98.3742675781,-232.755203247,0.34375,0.196850393701,0.637795275591,1171473
-98.5576171875,-230.116500854,0.3447265625,0.196850393701,0.637795275591,1171478
-98.8020629883,-227.450302124,0.34619140625,0.196850393701,0.637795275591,1171483
-99.0770874023,-224.811599731,0.345703125,0.196850393701,0.637795275591,1171488
-99.2603759766,-222.090438843,0.34716796875,0.196850393701,0.622047244094,1171493
-99.4743041992,-219.479217529,0.349609375,0.196850393701,0.622047244094,1171498
-99.6270751953,-216.758056641,0.3544921875,0.196850393701,0.622047244094,1171503
-99.71875,-213.954437256,0.35791015625,0.196850393701,0.606299212598,1171508
-99.8104248047,-211.068359375,0.35986328125,0.196850393701,0.606299212598,1171513
-99.71875,-207.962387085,0.36181640625,0.196850393701,0.606299212598,1171518
-99.6270751953,-204.718978882,0.36474609375,0.196850393701,0.590551181102,1171523
-99.4743041992,-201.365631104,0.3662109375,0.196850393701,0.590551181102,1171528
-99.2298583984,-197.902328491,0.36962890625,0.181102362205,0.590551181102,1171533
-98.9242553711,-194.356567383,0.37158203125,0.181102362205,0.574803149606,1171538
-98.4659423828,-190.948242188,0.3740234375,0.181102362205,0.55905511811,1171543
-97.9770507812,-187.677352905,0.37548828125,0.181102362205,0.55905511811,1171548
-97.3659057617,-184.626358032,0.3759765625,0.181102362205,0.543307086614,1171553
-96.6020507812,-181.850219727,0.376953125,0.181102362205,0.543307086614,1171558
-95.8075561523,-179.156539917,0.37890625,0.181102362205,0.527559055118,1171563
-94.8603515625,-176.627792358,0.38330078125,0.181102362205,0.527559055118,1171569
-93.7603149414,-174.12651062,0.38623046875,0.181102362205,0.527559055118,1171573
-92.5992431641,-171.84513855,0.3896484375,0.165354330709,0.511811023622,1171579
-91.2547607422,-169.673706055,0.392578125,0.165354330709,0.511811023622,1171584
-89.7575073242,-167.584732056,0.39501953125,0.165354330709,0.511811023622,1171589
-88.1074829102,-165.660675049,0.396484375,0.165354330709,0.511811023622,1171593
-86.3046875,-163.76411438,0.3974609375,0.165354330709,0.511811023622,1171599
-84.2574462891,-162.032455444,0.39892578125,0.165354330709,0.496062992126,1171604
-82.1185302734,-160.493225098,0.3994140625,0.165354330709,0.496062992126,1171609
-79.857421875,-159.063919067,0.40234375,0.165354330709,0.496062992126,1171614
-77.4129638672,-157.799545288,0.40966796875,0.165354330709,0.496062992126,1171619
-74.7545776367,-156.672592163,0.41796875,0.165354330709,0.48031496063,1171624
-71.8212280273,-155.710571289,0.42578125,0.165354330709,0.48031496063,1171629
-68.6434326172,-154.995925903,0.431640625,0.165354330709,0.48031496063,1171634
-65.2517089844,-154.528656006,0.4345703125,0.149606299213,0.48031496063,1171639
-61.7072143555,-154.25378418,0.4365234375,0.149606299213,0.48031496063,1171644
-57.9794311523,-154.171325684,0.4375,0.149606299213,0.464566929134,1171649
-54.2210693359,-154.25378418,0.43896484375,0.149606299213,0.464566929134,1171654
-50.4321289062,-154.336242676,0.43896484375,0.149606299213,0.464566929134,1171659
-46.7654418945,-154.473678589,0.4404296875,0.149606299213,0.464566929134,1171664
-43.3431396484,-154.638595581,0.43994140625,0.149606299213,0.464566929134,1171669
-40.2875976562,-154.721054077,0.4404296875,0.149606299213,0.464566929134,1171674
-37.6597900391,-154.830993652,0.4404296875,0.149606299213,0.464566929134,1171679
-35.4902954102,-154.885971069,0.43994140625,0.133858267717,0.464566929134,1171684
-33.6875,-154.913467407,0.439453125,0.133858267717,0.464566929134,1171689
-32.190246582,-154.940948486,0.4365234375,0.133858267717,0.464566929134,1171694
-30.9375,-155.023406982,0.435546875,0.133858267717,0.464566929134,1171699
-29.8374633789,-155.133346558,0.43408203125,0.133858267717,0.464566929134,1171704
-28.8291015625,-155.243301392,0.43310546875,0.11811023622,0.464566929134,1171709
-27.9124755859,-155.353240967,0.4326171875,0.11811023622,0.48031496063,1171714
-27.0568847656,-155.408218384,0.43212890625,0.11811023622,0.48031496063,1171719
-26.2624511719,-155.545654297,0.4296875,0.11811023622,0.48031496063,1171724
-25.4985351562,-155.683074951,0.4228515625,0.11811023622,0.48031496063,1171730
-24.7957763672,-155.848007202,0.41015625,0.11811023622,0.48031496063,1171734
-24.1540527344,-156.067886353,0.39208984375,0.11811023622,0.464566929134,1171740
-23.5734863281,-156.205322266,0.36962890625,0.11811023622,0.464566929134,1171744
-23.0845947266,-156.397735596,0.3310546875,0.11811023622,0.464566929134,1171749
-22.7485351562,-156.617630005,0.26416015625,0.11811023622,0.464566929134,1171754
-22.5040893555,-156.837509155,0.15576171875,0.11811023622,0.464566929134,1171760
-22.3818359375,-157.084899902,0.013671875,0.11811023622,0.464566929134,1171765
-22.4429321289,-157.35975647,0.013671875,0.11811023622,0.464566929134,1171770
0,0,0,0,0,0
152.611633301,-251.061203003,0.1435546875,0.133858267717,0.669291338583,1173187
152.611633301,-251.226119995,0.150390625,0.133858267717,0.669291338583,1173192
152.581054688,-251.446014404,0.15234375,0.133858267717,0.669291338583,1173198
152.581054688,-251.610931396,0.158203125,0.133858267717,0.685039370079,1173202
152.581054688,-251.858306885,0.18115234375,0.133858267717,0.685039370079,1173208
152.611633301,-252.050720215,0.201171875,0.133858267717,0.685039370079,1173213
152.642150879,-252.270599365,0.21826171875,0.133858267717,0.685039370079,1173218
152.672729492,-252.490493774,0.228515625,0.133858267717,0.685039370079,1173223
152.70324707,-252.627929688,0.23974609375,0.133858267717,0.685039370079,1173228
152.764404297,-252.765365601,0.25439453125,0.133858267717,0.685039370079,1173233
152.764404297,-252.765365601,0.26416015625,0.133858267717,0.685039370079,1173238
152.794921875,-252.847824097,0.27001953125,0.133858267717,0.685039370079,1173243
152.794921875,-252.847824097,0.2724609375,0.133858267717,0.685039370079,1173248
152.794921875,-252.930282593,0.27294921875,0.133858267717,0.685039370079,1173253
152.764404297,-252.737869263,0.27197265625,0.133858267717,0.685039370079,1173273
152.764404297,-252.435531616,0.2724609375,0.133858267717,0.685039370079,1173278
152.764404297,-251.995742798,0.2734375,0.133858267717,0.685039370079,1173283
152.764404297,-251.363555908,0.27490234375,0.133858267717,0.685039370079,1173288
152.733825684,-250.593933105,0.27783203125,0.133858267717,0.685039370079,1173293
152.70324707,-249.68687439,0.28125,0.133858267717,0.685039370079,1173298
152.611633301,-248.669876099,0.29248046875,0.133858267717,0.669291338583,1173303
152.489379883,-247.570419312,0.29833984375,0.133858267717,0.669291338583,1173308
152.306030273,-246.333526611,0.30224609375,0.133858267717,0.669291338583,1173313
152.031066895,-244.931716919,0.306640625,0.133858267717,0.669291338583,1173318
151.847717285,-243.392471313,0.31201171875,0.133858267717,0.669291338583,1173323
151.603271484,-241.688308716,0.31396484375,0.133858267717,0.653543307087,1173328
151.450500488,-239.846710205,0.31640625,0.133858267717,0.653543307087,1173333
151.358825684,-237.840194702,0.32177734375,0.133858267717,0.653543307087,1173338
151.267150879,-235.613800049,0.3251953125,0.133858267717,0.653543307087,1173343
151.236572266,-233.194976807,0.330078125,0.133858267717,0.653543307087,1173348
151.236572266,-230.556274414,0.33349609375,0.133858267717,0.653543307087,1173353
151.32824707,-227.780151367,0.33642578125,0.133858267717,0.653543307087,1173359
151.572692871,-224.921554565,0.3388671875,0.11811023622,0.653543307087,1173364
151.969909668,-222.090438843,0.3408203125,0.11811023622,0.637795275591,1173369
152.489379883,-219.286819458,0.34033203125,0.11811023622,0.637795275591,1173374
153.161621094,-216.538162231,0.34228515625,0.11811023622,0.637795275591,1173379
153.925537109,-213.844497681,0.3427734375,0.11811023622,0.622047244094,1173383
154.781066895,-210.9584198,0.3427734375,0.11811023622,0.622047244094,1173389
155.72833252,-207.962387085,0.34375,0.11811023622,0.622047244094,1173394
156.736633301,-204.828918457,0.34423828125,0.11811023622,0.606299212598,1173399
157.77557373,-201.613006592,0.34521484375,0.11811023622,0.606299212598,1173404
158.845031738,-198.397079468,0.345703125,0.102362204724,0.606299212598,1173409
159.945007324,-195.153686523,0.345703125,0.102362204724,0.590551181102,1173414
161.106140137,-192.102676392,0.3466796875,0.102362204724,0.590551181102,1173419
162.358947754,-189.24407959,0.345703125,0.102362204724,0.574803149606,1173424
163.764526367,-186.577896118,0.345703125,0.102362204724,0.574803149606,1173429
165.383972168,-184.131591797,0.3466796875,0.0866141732283,0.55905511811,1173434
167.308959961,-181.822738647,0.34765625,0.0866141732283,0.55905511811,1173439
169.570129395,-179.596328735,0.349609375,0.0866141732283,0.55905511811,1173444
172.259033203,-177.562332153,0.35009765625,0.0866141732283,0.543307086614,1173449
175.31463623,-175.55581665,0.3515625,0.0866141732283,0.543307086614,1173454
178.67578125,-173.631759644,0.35400390625,0.0866141732283,0.543307086614,1173459
182.28137207,-171.84513855,0.353515625,0.0866141732283,0.543307086614,1173464
185.978637695,-170.168457031,0.35400390625,0.0708661417323,0.543307086614,1173469
189.736999512,-168.711685181,0.35546875,0.0708661417323,0.543307086614,1173474
193.434265137,-167.47479248,0.3544921875,0.0708661417323,0.543307086614,1173479
197.009277344,-166.540252686,0.35302734375,0.0708661417323,0.543307086614,1173484
200.401000977,-165.825592041,0.35302734375,0.0708661417323,0.543307086614,1173489
203.548217773,-165.385818481,0.35205078125,0.0708661417323,0.543307086614,1173494
206.359375,-165.083465576,0.3515625,0.0708661417323,0.527559055118,1173499
208.895507812,-164.836090088,0.349609375,0.0708661417323,0.527559055118,1173504
211.09552002,-164.753616333,0.3466796875,0.0708661417323,0.527559055118,1173509
213.112243652,-164.753616333,0.3427734375,0.0708661417323,0.527559055118,1173514
214.853881836,-164.753616333,0.337890625,0.0708661417323,0.527559055118,1173519
216.442810059,-164.80859375,0.33447265625,0.0551181102362,0.527559055118,1173524
217.878967285,-164.863571167,0.33203125,0.0551181102362,0.527559055118,1173529
219.253967285,-164.946029663,0.3291015625,0.0551181102362,0.527559055118,1173534
220.598388672,-164.973510742,0.32568359375,0.0551181102362,0.527559055118,1173540
222.003967285,-165.00100708,0.32080078125,0.0551181102362,0.527559055118,1173544
223.409545898,-165.00100708,0.31005859375,0.0551181102362,0.527559055118,1173550
224.784545898,-165.00100708,0.2919921875,0.0551181102362,0.527559055118,1173554
226.098449707,-165.110946655,0.27197265625,0.0551181102362,0.527559055118,1173560
227.351257324,-165.220901489,0.23291015625,0.0393700787402,0.527559055118,1173564
228.512390137,-165.303359985,0.18017578125,0.0393700787402,0.527559055118,1173570
229.520751953,-165.413299561,0.12109375,0.0393700787402,0.527559055118,1173574
230.406860352,-165.523239136,0.03515625,0.0393700787402,0.527559055118,1173580
231.017944336,-165.715652466,0.03515625,0.0393700787402,0.527559055118,1173585
0,0,0,0,0,0
421.258789062,-244.766799927,0.1533203125,0.0236220472441,0.732283464567,1174560
421.319946289,-244.931716919,0.16162109375,0.0236220472441,0.716535433071,1174565
421.411621094,-245.096633911,0.1640625,0.0236220472441,0.716535433071,1174570
421.380981445,-245.206573486,0.16943359375,0.0236220472441,0.716535433071,1174575
421.380981445,-245.289031982,0.193359375,0.0236220472441,0.716535433071,1174580
421.380981445,-245.289031982,0.21533203125,0.00787401574803,0.716535433071,1174585
421.380981445,-245.289031982,0.228515625,0.00787401574803,0.716535433071,1174590
421.319946289,-245.371490479,0.23486328125,0.00787401574803,0.716535433071,1174595
421.319946289,-245.371490479,0.2373046875,0.00787401574803,0.716535433071,1174600
421.258789062,-245.453948975,0.23974609375,0.00787401574803,0.716535433071,1174605
421.258789062,-245.453948975,0.24169921875,0.00787401574803,0.716535433071,1174610
421.258789062,-245.453948975,0.2431640625,0.00787401574803,0.716535433071,1174616
421.258789062,-245.453948975,0.2451171875,0.00787401574803,0.716535433071,1174621
421.197631836,-245.31652832,0.25146484375,0.00787401574803,0.716535433071,1174625
421.167114258,-245.041656494,0.2607421875,0.00787401574803,0.716535433071,1174631
421.13659668,-244.629364014,0.2705078125,0.00787401574803,0.716535433071,1174635
421.105957031,-244.107116699,0.27734375,0.00787401574803,0.716535433071,1174640
421.075439453,-243.44744873,0.28271484375,0.00787401574803,0.716535433071,1174645
420.983764648,-242.622848511,0.28564453125,0.00787401574803,0.716535433071,1174652
420.922729492,-241.715789795,0.28955078125,0.00787401574803,0.716535433071,1174655
420.861572266,-240.643814087,0.29345703125,0.00787401574803,0.716535433071,1174661
420.800415039,-239.461898804,0.29638671875,0.00787401574803,0.716535433071,1174666
420.739379883,-238.170043945,0.29833984375,0.00787401574803,0.716535433071,1174671
420.708740234,-236.740737915,0.30126953125,0.00787401574803,0.716535433071,1174676
420.678222656,-235.256469727,0.3037109375,0.00787401574803,0.716535433071,1174681
420.647705078,-233.607284546,0.30517578125,0.00787401574803,0.716535433071,1174686
420.586547852,-231.903121948,0.3076171875,0.00787401574803,0.716535433071,1174692
420.525390625,-230.006546021,0.31201171875,0.00787401574803,0.716535433071,1174696
420.433837891,-227.862609863,0.31591796875,0.00787401574803,0.716535433071,1174701
420.311523438,-225.526245117,0.31884765625,0.00787401574803,0.700787401575,1174706
420.189331055,-223.052474976,0.3203125,-0.00787401574803,0.700787401575,1174711
420.09765625,-220.468734741,0.32373046875,-0.00787401574803,0.700787401575,1174716
420.005981445,-217.747573853,0.326171875,-0.00787401574803,0.700787401575,1174722
419.914306641,-214.916473389,0.3271484375,-0.00787401574803,0.685039370079,1174726
419.792114258,-211.865463257,0.32958984375,-0.00787401574803,0.685039370079,1174732
419.57824707,-208.649551392,0.33056640625,-0.00787401574803,0.685039370079,1174736
419.333740234,-205.268707275,0.33203125,-0.00787401574803,0.669291338583,1174741
419.119873047,-201.805404663,0.333984375,-0.00787401574803,0.669291338583,1174746
418.844848633,-198.259658813,0.3349609375,-0.00787401574803,0.653543307087,1174751
418.630981445,-194.658920288,0.3349609375,-0.00787401574803,0.653543307087,1174756
418.539306641,-191.113174438,0.3349609375,-0.00787401574803,0.637795275591,1174762
418.569824219,-187.704849243,0.33544921875,-0.00787401574803,0.637795275591,1174766
418.814331055,-184.433944702,0.3388671875,-0.00787401574803,0.622047244094,1174772
419.303222656,-181.327972412,0.3466796875,-0.00787401574803,0.622047244094,1174776
420.036499023,-178.276977539,0.3544921875,-0.00787401574803,0.606299212598,1174781
420.95324707,-175.280944824,0.35888671875,-0.00787401574803,0.606299212598,1174786
422.114379883,-172.312408447,0.3623046875,-0.00787401574803,0.590551181102,1174792
423.458862305,-169.371353149,0.3642578125,-0.00787401574803,0.590551181102,1174796
425.017211914,-166.512756348,0.36572265625,-0.00787401574803,0.590551181102,1174802
426.850463867,-163.846572876,0.3662109375,-0.00787401574803,0.590551181102,1174806
428.958862305,-161.400268555,0.3681640625,-0.00787401574803,0.574803149606,1174813
431.311645508,-159.146377563,0.36865234375,-0.00787401574803,0.574803149606,1174817
433.817260742,-157.002426147,0.369140625,-0.00787401574803,0.574803149606,1174822
436.506103516,-154.85848999,0.369140625,-0.00787401574803,0.574803149606,1174826
439.225585938,-152.824493408,0.36962890625,-0.0236220472441,0.55905511811,1174832
442.006225586,-150.900436401,0.37060546875,-0.0236220472441,0.55905511811,1174836
444.817382812,-149.141296387,0.37109375,-0.0236220472441,0.55905511811,1174842
447.689575195,-147.519592285,0.37109375,-0.0236220472441,0.543307086614,1174847
450.592407227,-146.090301514,0.3740234375,-0.0236220472441,0.543307086614,1174852
453.556396484,-144.90838623,0.3798828125,-0.0236220472441,0.527559055118,1174857
456.55078125,-143.946350098,0.38427734375,-0.0236220472441,0.527559055118,1174862
459.575805664,-143.259185791,0.3876953125,-0.0236220472441,0.527559055118,1174867
462.661987305,-142.791931152,0.390625,-0.0393700787402,0.527559055118,1174872
465.717529297,-142.544525146,0.39208984375,-0.0393700787402,0.527559055118,1174877
468.803710938,-142.407104492,0.39306640625,-0.0393700787402,0.527559055118,1174882
471.920410156,-142.46206665,0.39404296875,-0.0393700787402,0.527559055118,1174887
475.037109375,-142.599517822,0.39453125,-0.0393700787402,0.527559055118,1174892
478.245483398,-142.791931152,0.39306640625,-0.0393700787402,0.527559055118,1174897
481.392700195,-143.039306641,0.39404296875,-0.0393700787402,0.527559055118,1174903
484.509399414,-143.286682129,0.39404296875,-0.0551181102362,0.527559055118,1174907
487.442749023,-143.534057617,0.39453125,-0.0551181102362,0.527559055118,1174912
490.162231445,-143.781433105,0.39453125,-0.0708661417323,0.527559055118,1174917
492.545654297,-144.056304932,0.39404296875,-0.0708661417323,0.527559055118,1174923
494.592895508,-144.30368042,0.39501953125,-0.0866141732283,0.527559055118,1174927
496.303955078,-144.633514404,0.3955078125,-0.0866141732283,0.527559055118,1174932
497.709594727,-144.990844727,0.396484375,-0.0866141732283,0.527559055118,1174937
498.901245117,-145.293182373,0.3974609375,-0.102362204724,0.543307086614,1174943
499.87902832,-145.623031616,0.39990234375,-0.102362204724,0.543307086614,1174947
500.765136719,-145.952865601,0.40234375,-0.102362204724,0.543307086614,1174952
501.498535156,-146.310195923,0.40185546875,-0.102362204724,0.543307086614,1174957
502.140136719,-146.749969482,0.40087890625,-0.11811023622,0.543307086614,1174963
502.690185547,-147.162277222,0.3955078125,-0.11811023622,0.543307086614,1174967
503.14855957,-147.574569702,0.38818359375,-0.11811023622,0.543307086614,1174973
503.484619141,-147.986862183,0.3759765625,-0.11811023622,0.543307086614,1174977
503.698486328,-148.316696167,0.35400390625,-0.11811023622,0.543307086614,1174983
503.851318359,-148.619049072,0.3203125,-0.11811023622,0.543307086614,1174987
503.851318359,-148.866439819,0.2724609375,-0.11811023622,0.543307086614,1174992
503.759643555,-149.08631897,0.2109375,-0.11811023622,0.543307086614,1174997
503.454101562,-149.306213379,0.099609375,-0.11811023622,0.543307086614,1175003
502.904052734,-149.416168213,0.099609375,-0.11811023622,0.543307086614,1175008
0,0,0,0,0,0
-576.512466431,-85.7024841309,0.14208984375,0.228346456693,0.669291338583,1176983
-576.481918335,-86.1972351074,0.14306640625,0.228346456693,0.669291338583,1176988
-576.481918335,-86.6370239258,0.1435546875,0.244094488189,0.669291338583,1176993
-576.604141235,-87.1592712402,0.14697265625,0.244094488189,0.653543307087,1176998
-576.726364136,-87.5715637207,0.169921875,0.244094488189,0.653543307087,1177004
-576.818023682,-87.928894043,0.1962890625,0.244094488189,0.653543307087,1177008
-576.940246582,-88.2862243652,0.2197265625,0.244094488189,0.653543307087,1177014
-576.970809937,-88.5061035156,0.232421875,0.244094488189,0.653543307087,1177019
-576.970809937,-88.6985168457,0.2412109375,0.244094488189,0.653543307087,1177024
-577.001358032,-88.8084411621,0.25048828125,0.244094488189,0.653543307087,1177029
-577.001358032,-88.8084411621,0.2529296875,0.244094488189,0.669291338583,1177033
-577.001358032,-88.8908996582,0.25439453125,0.244094488189,0.669291338583,1177039
-577.001358032,-88.8908996582,0.2568359375,0.244094488189,0.669291338583,1177049
-576.909698486,-88.7809753418,0.26220703125,0.244094488189,0.669291338583,1177054
-576.695800781,-88.5885620117,0.2705078125,0.244094488189,0.669291338583,1177059
-576.39024353,-88.1487731934,0.2802734375,0.244094488189,0.669291338583,1177064
-575.962463379,-87.5440673828,0.2861328125,0.244094488189,0.669291338583,1177069
-575.504119873,-86.691986084,0.29541015625,0.244094488189,0.669291338583,1177074
-575.045791626,-85.6200256348,0.30517578125,0.244094488189,0.653543307087,1177079
-574.556900024,-84.3281555176,0.31787109375,0.244094488189,0.653543307087,1177084
-574.220779419,-82.7614135742,0.32958984375,0.244094488189,0.653543307087,1177089
-574.006896973,-80.9473266602,0.337890625,0.244094488189,0.653543307087,1177094
-573.854110718,-78.9133300781,0.3447265625,0.244094488189,0.653543307087,1177099
-573.823547363,-76.6594238281,0.35302734375,0.244094488189,0.637795275591,1177104
-573.884658813,-74.3780517578,0.357421875,0.228346456693,0.637795275591,1177109
-573.915222168,-72.0691833496,0.36181640625,0.228346456693,0.637795275591,1177114
-574.037445068,-69.7328186035,0.3662109375,0.228346456693,0.637795275591,1177119
-574.129119873,-67.3414916992,0.37109375,0.212598425197,0.637795275591,1177124
-574.190231323,-64.7852478027,0.37353515625,0.212598425197,0.637795275591,1177129
-574.190231323,-62.0640869141,0.37841796875,0.212598425197,0.637795275591,1177134
-574.098556519,-59.1505432129,0.38037109375,0.212598425197,0.637795275591,1177139
-573.945770264,-56.0995178223,0.3837890625,0.196850393701,0.622047244094,1177144
-573.792999268,-53.0210571289,0.3857421875,0.196850393701,0.622047244094,1177149
-573.579101562,-49.9975280762,0.3876953125,0.196850393701,0.622047244094,1177154
-573.456878662,-47.1114501953,0.38916015625,0.196850393701,0.622047244094,1177159
-573.395767212,-44.3078308105,0.38916015625,0.196850393701,0.606299212598,1177164
-573.334655762,-41.5866699219,0.390625,0.196850393701,0.606299212598,1177169
-573.304107666,-38.8380126953,0.39111328125,0.196850393701,0.606299212598,1177174
-573.151321411,-36.1168518066,0.3916015625,0.212598425197,0.590551181102,1177179
-572.90687561,-33.4781494141,0.39208984375,0.212598425197,0.590551181102,1177184
-572.509658813,-30.9494018555,0.3935546875,0.212598425197,0.590551181102,1177189
-571.929092407,-28.5305786133,0.3955078125,0.212598425197,0.574803149606,1177194
-571.256866455,-26.1942443848,0.396484375,0.228346456693,0.55905511811,1177200
-570.370742798,-24.0227966309,0.39892578125,0.228346456693,0.55905511811,1177204
-569.36239624,-21.9338378906,0.40087890625,0.228346456693,0.543307086614,1177210
-568.231826782,-19.9273071289,0.40380859375,0.228346456693,0.543307086614,1177215
-566.917922974,-18.0032653809,0.40576171875,0.228346456693,0.543307086614,1177220
-565.451248169,-16.134185791,0.4091796875,0.228346456693,0.527559055118,1177224
-563.831787109,-14.3750305176,0.4111328125,0.228346456693,0.527559055118,1177230
-562.059539795,-12.6708679199,0.4130859375,0.228346456693,0.527559055118,1177235
-560.195632935,-11.0491638184,0.41455078125,0.228346456693,0.511811023622,1177240
-558.270614624,-9.45495605469,0.41455078125,0.212598425197,0.511811023622,1177245
-556.315048218,-7.970703125,0.41552734375,0.212598425197,0.511811023622,1177250
-554.328918457,-6.59637451172,0.4150390625,0.212598425197,0.511811023622,1177255
-552.342773438,-5.38696289062,0.41650390625,0.196850393701,0.511811023622,1177260
-550.295532227,-4.31497192383,0.41748046875,0.196850393701,0.511811023622,1177265
-548.187179565,-3.4079284668,0.419921875,0.181102362205,0.511811023622,1177270
-545.926055908,-2.63830566406,0.421875,0.181102362205,0.511811023622,1177275
-543.573242188,-1.95114135742,0.42431640625,0.165354330709,0.511811023622,1177280
-541.098220825,-1.48388671875,0.4248046875,0.165354330709,0.511811023622,1177285
-538.348190308,-1.15405273438,0.42578125,0.165354330709,0.511811023622,1177290
-535.47593689,-1.04409790039,0.42626953125,0.149606299213,0.496062992126,1177295
-532.389801025,-1.09906005859,0.4267578125,0.149606299213,0.496062992126,1177300
-529.242538452,-1.34643554688,0.42724609375,0.149606299213,0.496062992126,1177305
-526.095291138,-1.75872802734,0.427734375,0.149606299213,0.496062992126,1177310
-522.917480469,-2.22601318359,0.427734375,0.133858267717,0.496062992126,1177315
-519.80078125,-2.88568115234,0.42822265625,0.133858267717,0.496062992126,1177320
-516.622970581,-3.49038696289,0.42919921875,0.133858267717,0.496062992126,1177325
-513.536834717,-4.15005493164,0.4296875,0.11811023622,0.496062992126,1177330
-510.542358398,-4.83721923828,0.43017578125,0.11811023622,0.496062992126,1177336
-507.67010498,-5.49691772461,0.4306640625,0.11811023622,0.496062992126,1177340
-505.042297363,-6.18405151367,0.431640625,0.11811023622,0.496062992126,1177345
-502.658935547,-6.84375,0.431640625,0.11811023622,0.496062992126,1177350
-500.550582886,-7.44845581055,0.43212890625,0.11811023622,0.48031496063,1177355
-498.747787476,-8.0256652832,0.43212890625,0.11811023622,0.48031496063,1177360
-497.250549316,-8.46545410156,0.43212890625,0.11811023622,0.48031496063,1177365
-495.997756958,-8.90524291992,0.4326171875,0.11811023622,0.48031496063,1177370
-494.928314209,-9.20758056641,0.431640625,0.11811023622,0.48031496063,1177375
-493.950515747,-9.56491088867,0.42919921875,0.11811023622,0.48031496063,1177380
-493.064407349,-9.92224121094,0.423828125,0.11811023622,0.48031496063,1177385
-492.208831787,-10.2795410156,0.4140625,0.11811023622,0.464566929134,1177391
-491.506057739,-10.6918640137,0.39990234375,0.11811023622,0.464566929134,1177396
-490.956039429,-10.9942016602,0.37841796875,0.11811023622,0.464566929134,1177401
-490.589370728,-11.2965393066,0.3486328125,0.11811023622,0.464566929134,1177406
-490.406036377,-11.5164489746,0.3076171875,0.11811023622,0.464566929134,1177411
-490.314376831,-11.6813659668,0.25244140625,0.11811023622,0.464566929134,1177416
-490.375488281,-11.8187866211,0.1728515625,0.11811023622,0.464566929134,1177421
-490.558822632,-11.9287414551,0.08154296875,0.11811023622,0.464566929134,1177426
-490.925491333,-12.0111999512,0.08154296875,0.133858267717,0.464566929134,1177431
0,0,0,0,0,0
-326.901611328,-71.7668151855,0.19482421875,0.165354330709,0.622047244094,1178220
-326.901611328,-72.1791381836,0.19921875,0.165354330709,0.622047244094,1178225
-326.901611328,-72.5639343262,0.19921875,0.165354330709,0.622047244094,1178230
-326.932159424,-72.9487609863,0.19970703125,0.165354330709,0.622047244094,1178235
-326.96270752,-73.2785949707,0.20458984375,0.149606299213,0.622047244094,1178240
-326.993255615,-73.525970459,0.2255859375,0.149606299213,0.606299212598,1178245
-327.023834229,-73.6633911133,0.2470703125,0.149606299213,0.606299212598,1178250
-327.054382324,-73.7733459473,0.2587890625,0.149606299213,0.606299212598,1178255
-327.054382324,-73.7733459473,0.26220703125,0.149606299213,0.606299212598,1178260
-327.054382324,-73.7733459473,0.26025390625,0.149606299213,0.606299212598,1178271
-327.054382324,-73.7733459473,0.25830078125,0.149606299213,0.622047244094,1178275
-327.023834229,-73.635925293,0.25732421875,0.149606299213,0.622047244094,1178280
-326.901611328,-73.4435119629,0.2568359375,0.149606299213,0.622047244094,1178286
-326.748809814,-73.1411437988,0.25732421875,0.149606299213,0.622047244094,1178291
-326.534942627,-72.5914306641,0.259765625,0.149606299213,0.622047244094,1178295
-326.259918213,-71.9042663574,0.26513671875,0.149606299213,0.622047244094,1178301
-325.984924316,-71.0246887207,0.27099609375,0.149606299213,0.606299212598,1178305
-325.771026611,-69.9527282715,0.27783203125,0.149606299213,0.606299212598,1178311
-325.557128906,-68.6883544922,0.28564453125,0.149606299213,0.606299212598,1178316
-325.40435791,-67.2040710449,0.29296875,0.149606299213,0.606299212598,1178321
-325.28213501,-65.5274047852,0.298828125,0.149606299213,0.606299212598,1178326
-325.190460205,-63.6033325195,0.30908203125,0.133858267717,0.606299212598,1178331
-325.129364014,-61.4594116211,0.3203125,0.133858267717,0.606299212598,1178336
-325.037689209,-59.0680847168,0.33203125,0.133858267717,0.606299212598,1178341
-324.976593018,-56.4293823242,0.341796875,0.133858267717,0.590551181102,1178346
-324.915466309,-53.6257324219,0.35009765625,0.133858267717,0.590551181102,1178351
-324.884918213,-50.849609375,0.35498046875,0.133858267717,0.590551181102,1178356
-324.854370117,-48.1284484863,0.36279296875,0.133858267717,0.590551181102,1178361
-324.854370117,-45.4897460938,0.36962890625,0.133858267717,0.590551181102,1178366
-324.854370117,-42.9884643555,0.3740234375,0.133858267717,0.574803149606,1178371
-324.884918213,-40.4047546387,0.3779296875,0.133858267717,0.574803149606,1178376
-324.884918213,-37.7660522461,0.3818359375,0.133858267717,0.574803149606,1178381
-324.884918213,-35.0723571777,0.38525390625,0.133858267717,0.55905511811,1178386
-324.793243408,-32.2962341309,0.38623046875,0.133858267717,0.55905511811,1178391
-324.579345703,-29.4376220703,0.38818359375,0.133858267717,0.543307086614,1178396
-324.212677002,-26.441619873,0.3896484375,0.133858267717,0.543307086614,1178402
-323.7237854,-23.2531738281,0.390625,0.11811023622,0.527559055118,1178406
-323.020996094,-19.9548034668,0.39111328125,0.11811023622,0.527559055118,1178412
-322.1043396,-16.5739746094,0.3896484375,0.11811023622,0.511811023622,1178416
-321.034881592,-13.1381530762,0.39013671875,0.11811023622,0.511811023622,1178421
-319.782073975,-9.81228637695,0.39013671875,0.11811023622,0.496062992126,1178426
-318.407073975,-6.45892333984,0.3916015625,0.11811023622,0.496062992126,1178432
-316.94039917,-3.3254699707,0.39697265625,0.11811023622,0.48031496063,1178436
-315.412597656,-0.329437255859,0.408203125,0.11811023622,0.48031496063,1178442
-313.854248047,2.4192199707,0.4189453125,0.11811023622,0.48031496063,1178446
-312.356994629,4.89297485352,0.427734375,0.11811023622,0.48031496063,1178452
-310.951446533,7.20184326172,0.43310546875,0.11811023622,0.464566929134,1178456
-309.698638916,9.12591552734,0.4375,0.11811023622,0.464566929134,1178462
-308.445861816,10.8025817871,0.44091796875,0.11811023622,0.464566929134,1178466
-307.223632812,12.3418273926,0.44580078125,0.11811023622,0.464566929134,1178472
-305.909729004,13.7436523438,0.44775390625,0.11811023622,0.464566929134,1178476
-304.443023682,15.1179504395,0.44921875,0.11811023622,0.448818897638,1178482
-302.823577881,16.3548583984,0.451171875,0.11811023622,0.448818897638,1178486
-300.929107666,17.5092773438,0.45361328125,0.11811023622,0.448818897638,1178492
-298.820770264,18.4163513184,0.45654296875,0.11811023622,0.448818897638,1178496
-296.437408447,19.1859741211,0.4580078125,0.11811023622,0.448818897638,1178502
-293.80960083,19.818145752,0.45947265625,0.11811023622,0.433070866142,1178507
-291.059570312,20.3128967285,0.46044921875,0.11811023622,0.433070866142,1178512
-288.21786499,20.6702270508,0.4619140625,0.11811023622,0.433070866142,1178517
-285.437286377,21.0000610352,0.4619140625,0.102362204724,0.433070866142,1178522
-282.748382568,21.2474365234,0.462890625,0.102362204724,0.433070866142,1178527
-280.212249756,21.3848876953,0.462890625,0.102362204724,0.433070866142,1178532
-277.828887939,21.5773010254,0.4638671875,0.102362204724,0.417322834646,1178537
-275.628845215,21.7147216797,0.46484375,0.102362204724,0.417322834646,1178542
-273.581604004,21.7971801758,0.46484375,0.102362204724,0.417322834646,1178547
-271.656585693,21.852142334,0.46533203125,0.0866141732283,0.417322834646,1178552
-269.731567383,21.852142334,0.46630859375,0.0866141732283,0.417322834646,1178557
-267.837097168,21.7971801758,0.46728515625,0.0866141732283,0.417322834646,1178562
-265.881530762,21.6872253418,0.46826171875,0.0866141732283,0.417322834646,1178567
-263.773193359,21.4948425293,0.46826171875,0.0866141732283,0.417322834646,1178572
-261.542602539,21.2199707031,0.4677734375,0.0866141732283,0.417322834646,1178577
-259.098144531,20.8076782227,0.46484375,0.0866141732283,0.417322834646,1178582
-256.561981201,20.3128967285,0.46044921875,0.0866141732283,0.417322834646,1178587
-253.995300293,19.7356872559,0.45556640625,0.0866141732283,0.417322834646,1178593
-251.489715576,19.1584777832,0.45166015625,0.0866141732283,0.417322834646,1178597
-249.259155273,18.6362304688,0.44970703125,0.0866141732283,0.417322834646,1178602
-247.334136963,18.1964416504,0.44873046875,0.0866141732283,0.417322834646,1178607
-245.74520874,17.9215698242,0.44873046875,0.0866141732283,0.417322834646,1178614
-244.492431641,17.6741943359,0.4482421875,0.0866141732283,0.417322834646,1178617
-243.545196533,17.5092773438,0.4482421875,0.0866141732283,0.417322834646,1178623
-242.903533936,17.3443603516,0.447265625,0.0866141732283,0.417322834646,1178627
-242.536865234,17.2069396973,0.43994140625,0.0866141732283,0.417322834646,1178633
-242.353515625,17.0969848633,0.42236328125,0.0866141732283,0.433070866142,1178637
-242.322967529,16.959564209,0.38671875,0.0866141732283,0.433070866142,1178643
-242.384063721,16.8221130371,0.31396484375,0.0866141732283,0.433070866142,1178647
-242.506286621,16.6022338867,0.1923828125,0.0866141732283,0.433070866142,1178653
-242.781311035,16.2998962402,0.03857421875,0.0866141732283,0.433070866142,1178657
-243.270202637,15.8601074219,0.03857421875,0.0866141732283,0.433070866142,1178663
0,0,0,0,0,0
-57.4294433594,-71.4095153809,0.11474609375,0.181102362205,0.606299212598,1179462
-57.4294433594,-71.4095153809,0.11669921875,0.181102362205,0.606299212598,1179467
-57.4294433594,-71.4095153809,0.115234375,0.181102362205,0.606299212598,1179477
-57.3682861328,-71.1621398926,0.12060546875,0.181102362205,0.590551181102,1179492
-57.2155151367,-70.8872680664,0.134765625,0.181102362205,0.590551181102,1179497
-57.0321655273,-70.447479248,0.15087890625,0.181102362205,0.590551181102,1179502
-56.8182983398,-69.8427734375,0.16748046875,0.181102362205,0.590551181102,1179507
-56.5738525391,-69.128112793,0.1796875,0.181102362205,0.590551181102,1179512
-56.3905029297,-68.1661071777,0.18896484375,0.181102362205,0.590551181102,1179517
-56.1766357422,-67.0666503906,0.20263671875,0.181102362205,0.590551181102,1179522
-55.9627075195,-65.7472839355,0.2099609375,0.181102362205,0.590551181102,1179527
-55.87109375,-64.2630310059,0.2197265625,0.181102362205,0.590551181102,1179532
-55.748840332,-62.5863342285,0.23095703125,0.165354330709,0.590551181102,1179537
-55.6877441406,-60.7722473145,0.23681640625,0.165354330709,0.590551181102,1179542
-55.6266479492,-58.8756713867,0.24560546875,0.165354330709,0.590551181102,1179547
-55.5654907227,-56.8416748047,0.25244140625,0.165354330709,0.590551181102,1179552
-55.5349731445,-54.6977233887,0.26171875,0.165354330709,0.590551181102,1179557
-55.473815918,-52.3063964844,0.26904296875,0.165354330709,0.574803149606,1179563
-55.4127197266,-49.7776489258,0.279296875,0.165354330709,0.574803149606,1179568
-55.3516235352,-47.1389465332,0.2900390625,0.165354330709,0.574803149606,1179572
-55.2599487305,-44.4177856445,0.302734375,0.165354330709,0.574803149606,1179577
-55.1071777344,-41.669128418,0.3134765625,0.165354330709,0.574803149606,1179582
-54.9849243164,-38.7555541992,0.322265625,0.165354330709,0.55905511811,1179587
-54.8321533203,-35.7870178223,0.32958984375,0.165354330709,0.55905511811,1179593
-54.6793823242,-32.6810302734,0.33544921875,0.165354330709,0.55905511811,1179597
-54.5877075195,-29.6025695801,0.3408203125,0.165354330709,0.543307086614,1179603
-54.4655151367,-26.441619873,0.34912109375,0.165354330709,0.543307086614,1179608
-54.373840332,-23.3081359863,0.35302734375,0.165354330709,0.527559055118,1179614
-54.1599121094,-20.3121337891,0.35791015625,0.165354330709,0.527559055118,1179618
-53.7626953125,-17.4810180664,0.36181640625,0.165354330709,0.511811023622,1179623
-53.2738037109,-14.8423156738,0.37158203125,0.165354330709,0.511811023622,1179628
-52.5404663086,-12.4509887695,0.37744140625,0.165354330709,0.496062992126,1179633
-51.6543579102,-10.2245788574,0.3837890625,0.165354330709,0.496062992126,1179638
-50.5543212891,-8.1081237793,0.38916015625,0.165354330709,0.48031496063,1179643
-49.301574707,-6.07412719727,0.3916015625,0.165354330709,0.48031496063,1179648
-47.9570922852,-4.09509277344,0.39404296875,0.165354330709,0.464566929134,1179653
-46.5820922852,-2.1435546875,0.39599609375,0.165354330709,0.464566929134,1179658
-45.2070922852,-0.274475097656,0.39697265625,0.165354330709,0.464566929134,1179663
-43.8931884766,1.4296875,0.3984375,0.165354330709,0.464566929134,1179668
-42.6403808594,3.05139160156,0.3994140625,0.165354330709,0.464566929134,1179673
-41.5098266602,4.48068237305,0.40380859375,0.165354330709,0.448818897638,1179678
-40.4097900391,5.69009399414,0.41064453125,0.165354330709,0.448818897638,1179683
-39.3098144531,6.81704711914,0.4169921875,0.165354330709,0.448818897638,1179688
-38.1791992188,7.80654907227,0.4208984375,0.165354330709,0.448818897638,1179693
-36.9569702148,8.60366821289,0.42529296875,0.149606299213,0.448818897638,1179698
-35.7042236328,9.31829833984,0.42822265625,0.149606299213,0.448818897638,1179703
-34.2680664062,9.95050048828,0.42919921875,0.149606299213,0.448818897638,1179708
-32.7097167969,10.3627929688,0.43017578125,0.149606299213,0.448818897638,1179713
-30.8458251953,10.7750854492,0.4306640625,0.149606299213,0.448818897638,1179718
-28.6763305664,10.9125366211,0.431640625,0.133858267717,0.448818897638,1179723
-26.1401977539,10.830078125,0.43212890625,0.133858267717,0.433070866142,1179728
-23.2374267578,10.5552062988,0.43212890625,0.133858267717,0.433070866142,1179733
-20.1207275391,10.0054626465,0.431640625,0.133858267717,0.433070866142,1179738
-16.8511962891,9.31829833984,0.4306640625,0.133858267717,0.433070866142,1179743
-13.4900512695,8.5212097168,0.43115234375,0.133858267717,0.433070866142,1179749
-10.251159668,7.77908325195,0.4306640625,0.133858267717,0.433070866142,1179754
-7.13446044922,6.98196411133,0.4306640625,0.11811023622,0.433070866142,1179759
-4.20111083984,6.32229614258,0.4306640625,0.11811023622,0.448818897638,1179763
-1.45104980469,5.71759033203,0.43115234375,0.11811023622,0.448818897638,1179769
1.14617919922,5.16784667969,0.4306640625,0.11811023622,0.448818897638,1179773
3.59063720703,4.72805786133,0.42578125,0.11811023622,0.448818897638,1179779
5.94348144531,4.31576538086,0.4169921875,0.11811023622,0.448818897638,1179783
8.11291503906,3.93096923828,0.40673828125,0.11811023622,0.448818897638,1179789
10.1295776367,3.60113525391,0.396484375,0.11811023622,0.448818897638,1179794
11.9018554688,3.21630859375,0.388671875,0.11811023622,0.448818897638,1179799
13.5518798828,2.83151245117,0.38232421875,0.11811023622,0.448818897638,1179804
15.0185546875,2.4192199707,0.37744140625,0.11811023622,0.448818897638,1179809
16.3324584961,2.00689697266,0.37548828125,0.11811023622,0.448818897638,1179814
17.6463623047,1.62210083008,0.37451171875,0.11811023622,0.448818897638,1179819
18.8380126953,1.26477050781,0.37353515625,0.11811023622,0.448818897638,1179824
19.9991455078,0.989898681641,0.3681640625,0.11811023622,0.464566929134,1179829
21.129699707,0.797515869141,0.35986328125,0.11811023622,0.464566929134,1179834
22.1991577148,0.660064697266,0.3505859375,0.11811023622,0.464566929134,1179839
23.2075195312,0.495147705078,0.33837890625,0.11811023622,0.464566929134,1179844
24.124206543,0.357727050781,0.3203125,0.11811023622,0.464566929134,1179849
24.9186401367,0.220275878906,0.28662109375,0.11811023622,0.464566929134,1179854
25.5297851562,0.0828552246094,0.240234375,0.11811023622,0.464566929134,1179859
26.0186767578,0.0278930664062,0.173828125,0.11811023622,0.464566929134,1179864
26.2631225586,-0.109558105469,0.09423828125,0.11811023622,0.464566929134,1179869
26.3853149414,-0.329437255859,0.09423828125,0.11811023622,0.464566929134,1179874
0,0,0,0,0,0
155.819946289,-68.4409790039,0.1474609375,0.133858267717,0.637795275591,1180543
155.911621094,-68.4409790039,0.1484375,0.11811023622,0.622047244094,1180548
155.911621094,-68.4409790039,0.14599609375,0.11811023622,0.622047244094,1180553
155.911621094,-68.4409790039,0.142578125,0.11811023622,0.606299212598,1180558
155.911621094,-68.4409790039,0.14111328125,0.11811023622,0.606299212598,1180563
155.881103516,-68.3310241699,0.14208984375,0.11811023622,0.606299212598,1180568
155.911621094,-68.1386108398,0.1435546875,0.102362204724,0.606299212598,1180573
155.942199707,-67.9187316895,0.146484375,0.102362204724,0.606299212598,1180578
156.033874512,-67.5888977051,0.14892578125,0.102362204724,0.606299212598,1180583
156.125549316,-67.1491088867,0.15283203125,0.102362204724,0.590551181102,1180588
156.278320312,-66.5718688965,0.1572265625,0.102362204724,0.590551181102,1180593
156.431091309,-65.7472839355,0.1669921875,0.102362204724,0.590551181102,1180598
156.522766113,-64.7577819824,0.1787109375,0.102362204724,0.590551181102,1180603
156.644958496,-63.6033325195,0.1865234375,0.102362204724,0.590551181102,1180608
156.675537109,-62.2565002441,0.19287109375,0.102362204724,0.590551181102,1180614
156.736633301,-60.7447509766,0.2021484375,0.102362204724,0.590551181102,1180618
156.767211914,-59.0680847168,0.2119140625,0.102362204724,0.590551181102,1180623
156.767211914,-57.2264709473,0.21875,0.102362204724,0.590551181102,1180628
156.767211914,-55.2474365234,0.22314453125,0.102362204724,0.590551181102,1180633
156.858886719,-53.2409362793,0.22900390625,0.102362204724,0.590551181102,1180638
157.072753906,-51.0694885254,0.234375,0.102362204724,0.590551181102,1180643
157.317199707,-48.8980712891,0.24267578125,0.102362204724,0.590551181102,1180648
157.653320312,-46.6166992188,0.24853515625,0.0866141732283,0.590551181102,1180653
157.897766113,-44.1154174805,0.25537109375,0.0866141732283,0.574803149606,1180658
158.203308105,-41.4767150879,0.26220703125,0.0866141732283,0.574803149606,1180664
158.417236328,-38.5631408691,0.27490234375,0.0866141732283,0.574803149606,1180669
158.600585938,-35.4571838379,0.283203125,0.0866141732283,0.55905511811,1180673
158.753356934,-32.1313171387,0.2919921875,0.0866141732283,0.55905511811,1180679
158.814453125,-28.6680297852,0.30078125,0.0866141732283,0.55905511811,1180684
158.936645508,-25.0672912598,0.30908203125,0.0866141732283,0.543307086614,1180689
159.089477539,-21.4390563965,0.31884765625,0.0866141732283,0.543307086614,1180694
159.303344727,-17.865814209,0.326171875,0.0866141732283,0.527559055118,1180699
159.670043945,-14.4300231934,0.33349609375,0.0866141732283,0.527559055118,1180704
160.128356934,-11.1041564941,0.33837890625,0.0866141732283,0.511811023622,1180709
160.800598145,-7.88821411133,0.345703125,0.0866141732283,0.511811023622,1180714
161.625610352,-4.83721923828,0.3515625,0.0866141732283,0.496062992126,1180719
162.633911133,-1.86868286133,0.3603515625,0.0866141732283,0.496062992126,1180724
163.764526367,0.962432861328,0.36962890625,0.0866141732283,0.48031496063,1180729
165.017272949,3.68359375,0.375,0.0866141732283,0.48031496063,1180734
166.361755371,6.21234130859,0.37939453125,0.0708661417323,0.48031496063,1180739
167.736755371,8.5212097168,0.3837890625,0.0708661417323,0.464566929134,1180744
169.142333984,10.610168457,0.38671875,0.0708661417323,0.464566929134,1180749
170.67010498,12.561706543,0.3896484375,0.0708661417323,0.464566929134,1180754
172.289611816,14.3758239746,0.392578125,0.0708661417323,0.464566929134,1180759
174.000732422,16.1074829102,0.39892578125,0.0708661417323,0.464566929134,1180764
175.864624023,17.8391113281,0.40576171875,0.0708661417323,0.448818897638,1180769
177.789672852,19.4608154297,0.41357421875,0.0708661417323,0.448818897638,1180774
179.898010254,21.0000610352,0.419921875,0.0708661417323,0.448818897638,1180779
182.128601074,22.4843444824,0.4267578125,0.0708661417323,0.433070866142,1180784
184.481384277,23.8311767578,0.43359375,0.0708661417323,0.433070866142,1180789
187.078613281,24.9856262207,0.4404296875,0.0708661417323,0.433070866142,1180794
189.798095703,25.9476318359,0.44580078125,0.0708661417323,0.433070866142,1180799
192.731445312,26.6897888184,0.451171875,0.0708661417323,0.433070866142,1180804
195.848144531,27.157043457,0.455078125,0.0708661417323,0.417322834646,1180809
199.025939941,27.4044189453,0.45703125,0.0708661417323,0.417322834646,1180815
202.387145996,27.5418701172,0.45849609375,0.0708661417323,0.417322834646,1180819
205.717712402,27.4868774414,0.45947265625,0.0708661417323,0.417322834646,1180824
209.048278809,27.3494567871,0.46044921875,0.0708661417323,0.417322834646,1180829
212.440002441,27.1020812988,0.4609375,0.0708661417323,0.417322834646,1180834
215.74005127,26.7172546387,0.46142578125,0.0551181102362,0.417322834646,1180840
218.948425293,26.2774658203,0.4619140625,0.0551181102362,0.417322834646,1180844
222.034545898,25.7552490234,0.46142578125,0.0551181102362,0.417322834646,1180850
224.967895508,25.123046875,0.4609375,0.0551181102362,0.417322834646,1180854
227.748474121,24.4633789062,0.46142578125,0.0551181102362,0.417322834646,1180860
230.284606934,23.8036804199,0.46142578125,0.0551181102362,0.417322834646,1180865
232.545776367,23.2264709473,0.4609375,0.0393700787402,0.417322834646,1180870
234.501342773,22.7317199707,0.458984375,0.0393700787402,0.417322834646,1180874
236.151367188,22.3743896484,0.4560546875,0.0393700787402,0.417322834646,1180880
237.465270996,22.0445556641,0.45166015625,0.0393700787402,0.417322834646,1180885
238.443054199,21.7147216797,0.44775390625,0.0393700787402,0.433070866142,1180890
239.176391602,21.4398498535,0.44189453125,0.0393700787402,0.433070866142,1180895
239.695800781,21.1924743652,0.43359375,0.0393700787402,0.433070866142,1180900
240.123596191,21.0000610352,0.41943359375,0.0393700787402,0.433070866142,1180905
240.368041992,20.8626403809,0.3994140625,0.0393700787402,0.433070866142,1180910
240.612487793,20.6702270508,0.37060546875,0.0393700787402,0.433070866142,1180915
240.765258789,20.5053100586,0.33349609375,0.0393700787402,0.433070866142,1180920
240.826416016,20.2854309082,0.28173828125,0.0393700787402,0.433070866142,1180925
240.887512207,20.0655212402,0.21044921875,0.0393700787402,0.433070866142,1180931
240.734741211,19.8456420898,0.12109375,0.0393700787402,0.433070866142,1180935
240.398620605,19.5707702637,0.12109375,0.0393700787402,0.433070866142,1180940
0,0,0,0,0,0
455.206298828,-41.861541748,0.2177734375,0.0551181102362,0.669291338583,1181699
455.297973633,-42.3562927246,0.2119140625,0.0551181102362,0.653543307087,1181704
455.328613281,-42.8235473633,0.19580078125,0.0551181102362,0.653543307087,1181709
455.359130859,-43.2633361816,0.17919921875,0.0551181102362,0.653543307087,1181714
455.420288086,-43.6481628418,0.17822265625,0.0393700787402,0.653543307087,1181719
455.481323242,-43.8405456543,0.1884765625,0.0393700787402,0.637795275591,1181724
455.511962891,-43.9779968262,0.20263671875,0.0393700787402,0.637795275591,1181730
455.511962891,-43.9779968262,0.20703125,0.0393700787402,0.637795275591,1181734
455.603637695,-44.0054626465,0.205078125,0.0393700787402,0.637795275591,1181750
455.664672852,-43.813079834,0.2080078125,0.0393700787402,0.637795275591,1181760
455.786865234,-43.593170166,0.212890625,0.0393700787402,0.637795275591,1181765
455.970214844,-43.2083740234,0.224609375,0.0393700787402,0.637795275591,1181770
456.184082031,-42.7685852051,0.22900390625,0.0393700787402,0.637795275591,1181775
456.459106445,-42.1089172363,0.2392578125,0.0393700787402,0.637795275591,1181780
456.642456055,-41.3117980957,0.244140625,0.0393700787402,0.637795275591,1181785
456.917480469,-40.2673034668,0.248046875,0.0393700787402,0.637795275591,1181790
457.192504883,-38.9754333496,0.2548828125,0.0236220472441,0.637795275591,1181795
457.467529297,-37.463684082,0.25927734375,0.0236220472441,0.637795275591,1181800
457.864746094,-35.7045593262,0.26123046875,0.0236220472441,0.622047244094,1181805
458.139770508,-33.6705627441,0.26416015625,0.0236220472441,0.622047244094,1181810
458.506347656,-31.3616943359,0.27001953125,0.0236220472441,0.622047244094,1181816
458.873046875,-28.7779541016,0.2763671875,0.0236220472441,0.622047244094,1181820
459.209228516,-25.9468383789,0.2822265625,0.0236220472441,0.606299212598,1181825
459.606445312,-22.9233398438,0.28564453125,0.0236220472441,0.606299212598,1181830
459.942504883,-19.7898864746,0.2890625,0.0236220472441,0.606299212598,1181835
460.187011719,-16.5464782715,0.29248046875,0.0236220472441,0.590551181102,1181840
460.370239258,-13.2755737305,0.29638671875,0.0236220472441,0.590551181102,1181845
460.461914062,-10.004699707,0.30322265625,0.0236220472441,0.590551181102,1181850
460.492553711,-6.67883300781,0.31201171875,0.0236220472441,0.574803149606,1181855
460.614746094,-3.462890625,0.318359375,0.0236220472441,0.574803149606,1181860
460.859130859,-0.274475097656,0.322265625,0.0236220472441,0.574803149606,1181865
461.256469727,2.91397094727,0.326171875,0.0236220472441,0.574803149606,1181870
461.806396484,5.96496582031,0.32958984375,0.0236220472441,0.55905511811,1181875
462.509155273,8.87854003906,0.33349609375,0.0236220472441,0.55905511811,1181880
463.364746094,11.6821594238,0.3349609375,0.0236220472441,0.55905511811,1181885
464.403686523,14.3758239746,0.33837890625,0.0236220472441,0.543307086614,1181890
465.625854492,17.0694885254,0.341796875,0.0236220472441,0.543307086614,1181895
467.062011719,19.9281005859,0.345703125,0.0236220472441,0.543307086614,1181900
468.712036133,22.7866821289,0.3505859375,0.0236220472441,0.527559055118,1181905
470.575927734,25.6177978516,0.35791015625,0.0236220472441,0.527559055118,1181910
472.623168945,28.283996582,0.36572265625,0.00787401574803,0.527559055118,1181916
474.762084961,30.7027893066,0.3720703125,0.00787401574803,0.511811023622,1181922
477.053833008,32.9017333984,0.37890625,0.00787401574803,0.511811023622,1181926
479.376098633,34.9082336426,0.38623046875,0.00787401574803,0.496062992126,1181931
481.789916992,36.6123962402,0.39111328125,0.00787401574803,0.496062992126,1181936
484.265014648,38.0691833496,0.3955078125,-0.00787401574803,0.48031496063,1181941
486.831665039,39.2785949707,0.3994140625,-0.00787401574803,0.48031496063,1181945
489.551147461,40.2406005859,0.4013671875,-0.0236220472441,0.48031496063,1181951
492.515014648,41.0652160645,0.40185546875,-0.0236220472441,0.48031496063,1181956
495.723388672,41.6973876953,0.40234375,-0.0393700787402,0.48031496063,1181961
499.237304688,42.2196350098,0.4033203125,-0.0393700787402,0.48031496063,1181966
503.056884766,42.6594238281,0.40380859375,-0.0393700787402,0.48031496063,1181972
507.029052734,43.0992126465,0.40380859375,-0.0551181102362,0.48031496063,1181976
511.215209961,43.4565429688,0.4033203125,-0.0551181102362,0.48031496063,1181981
515.370849609,43.7588806152,0.4033203125,-0.0551181102362,0.48031496063,1181986
519.465332031,43.9787902832,0.404296875,-0.0551181102362,0.48031496063,1181991
523.468139648,44.0887145996,0.404296875,-0.0551181102362,0.48031496063,1181996
527.287597656,44.1162109375,0.40380859375,-0.0551181102362,0.496062992126,1182002
530.862670898,44.0612487793,0.40234375,-0.0551181102362,0.496062992126,1182006
534.162719727,43.8688354492,0.4013671875,-0.0551181102362,0.496062992126,1182012
537.096069336,43.5664672852,0.39892578125,-0.0551181102362,0.496062992126,1182016
539.723876953,43.1541748047,0.3955078125,-0.0551181102362,0.496062992126,1182021
542.015625,42.686920166,0.3896484375,-0.0551181102362,0.496062992126,1182026
543.971191406,42.2196350098,0.38232421875,-0.0551181102362,0.496062992126,1182031
545.651733398,41.7523803711,0.369140625,-0.0708661417323,0.496062992126,1182036
547.057250977,41.3125915527,0.35546875,-0.0708661417323,0.496062992126,1182041
548.310058594,40.9277648926,0.33984375,-0.0708661417323,0.496062992126,1182046
549.379516602,40.54296875,0.32080078125,-0.0708661417323,0.511811023622,1182052
550.265625,40.2680969238,0.29833984375,-0.0866141732283,0.511811023622,1182056
550.937866211,39.9657592773,0.27294921875,-0.0866141732283,0.511811023622,1182061
551.396240234,39.7183837891,0.2470703125,-0.102362204724,0.511811023622,1182066
551.640625,39.4709777832,0.21923828125,-0.102362204724,0.511811023622,1182072
551.762939453,39.1686401367,0.17822265625,-0.102362204724,0.511811023622,1182076
551.762939453,38.9762268066,0.130859375,-0.11811023622,0.511811023622,1182082
551.610107422,38.6738891602,0.0751953125,-0.11811023622,0.511811023622,1182086
551.335083008,38.4265136719,0.0751953125,-0.11811023622,0.511811023622,1182092
0,0,0,0,0,0
-549.226089478,122.205322266,0.14990234375,0.244094488189,0.700787401575,1183518
-549.103851318,122.15032959,0.150390625,0.259842519685,0.700787401575,1183523
-549.103851318,122.15032959,0.15185546875,0.259842519685,0.685039370079,1183528
-549.103851318,122.040405273,0.15234375,0.259842519685,0.685039370079,1183533
-549.103851318,122.040405273,0.16259765625,0.275590551181,0.685039370079,1183538
-549.103851318,122.040405273,0.1806640625,0.275590551181,0.685039370079,1183543
-549.103851318,122.12286377,0.19287109375,0.275590551181,0.669291338583,1183548
-549.103851318,122.12286377,0.20458984375,0.291338582677,0.669291338583,1183553
-549.103851318,122.12286377,0.21728515625,0.291338582677,0.669291338583,1183558
-549.103851318,122.12286377,0.22802734375,0.291338582677,0.669291338583,1183563
-549.103851318,122.12286377,0.236328125,0.291338582677,0.669291338583,1183568
-549.012191772,122.205322266,0.24267578125,0.291338582677,0.669291338583,1183573
-549.012191772,122.205322266,0.2470703125,0.291338582677,0.669291338583,1183578
-549.012191772,122.205322266,0.2490234375,0.291338582677,0.669291338583,1183583
-549.012191772,122.205322266,0.25048828125,0.291338582677,0.669291338583,1183588
-548.920516968,122.425231934,0.251953125,0.291338582677,0.669291338583,1183593
-548.859405518,122.727539062,0.25927734375,0.291338582677,0.669291338583,1183598
-548.676071167,123.222351074,0.26708984375,0.291338582677,0.669291338583,1183603
-548.492736816,123.936950684,0.271484375,0.291338582677,0.669291338583,1183608
-548.187179565,124.76159668,0.275390625,0.291338582677,0.669291338583,1183614
-547.820510864,125.806030273,0.27734375,0.291338582677,0.669291338583,1183618
-547.484390259,126.987976074,0.27880859375,0.291338582677,0.669291338583,1183623
-547.026062012,128.389770508,0.28173828125,0.291338582677,0.653543307087,1183628
-546.53717041,130.011474609,0.28515625,0.291338582677,0.653543307087,1183633
-545.926055908,131.798095703,0.2890625,0.291338582677,0.653543307087,1183638
-545.223266602,133.859619141,0.2939453125,0.291338582677,0.637795275591,1183643
-544.428817749,136.168457031,0.3046875,0.291338582677,0.637795275591,1183649
-543.603805542,138.724731445,0.31494140625,0.291338582677,0.637795275591,1183653
-542.748245239,141.610778809,0.32275390625,0.291338582677,0.622047244094,1183659
-541.923233032,144.634277344,0.3291015625,0.291338582677,0.622047244094,1183663
-541.159332275,147.76776123,0.33447265625,0.291338582677,0.622047244094,1183669
-540.425994873,151.011169434,0.3388671875,0.291338582677,0.606299212598,1183673
-539.753768921,154.282043457,0.3408203125,0.307086614173,0.606299212598,1183679
-539.08152771,157.607910156,0.34228515625,0.307086614173,0.590551181102,1183684
-538.409301758,161.098693848,0.34375,0.291338582677,0.590551181102,1183688
-537.737075806,164.699462891,0.34521484375,0.275590551181,0.590551181102,1183694
-536.973175049,168.520080566,0.34716796875,0.275590551181,0.574803149606,1183699
-536.056503296,172.505615234,0.3486328125,0.259842519685,0.574803149606,1183704
-535.078720093,176.491149902,0.3505859375,0.244094488189,0.574803149606,1183709
-534.009262085,180.311767578,0.357421875,0.244094488189,0.55905511811,1183714
-532.848144531,183.885009766,0.365234375,0.228346456693,0.55905511811,1183719
-531.656463623,187.155883789,0.37060546875,0.212598425197,0.55905511811,1183724
-530.464782715,190.234375,0.375,0.196850393701,0.543307086614,1183729
-529.273101807,193.202941895,0.37939453125,0.196850393701,0.543307086614,1183734
-528.111984253,195.951599121,0.38232421875,0.196850393701,0.543307086614,1183739
-527.042526245,198.48034668,0.3837890625,0.196850393701,0.527559055118,1183744
-525.942504883,200.706726074,0.3876953125,0.196850393701,0.511811023622,1183749
-524.811950684,202.65826416,0.390625,0.181102362205,0.511811023622,1183754
-523.681381226,204.362426758,0.39599609375,0.181102362205,0.496062992126,1183759
-522.489700317,205.791748047,0.40380859375,0.181102362205,0.496062992126,1183764
-521.175796509,207.111083984,0.40966796875,0.181102362205,0.48031496063,1183769
-519.7396698,208.210571289,0.41455078125,0.181102362205,0.464566929134,1183774
-518.089660645,209.227539062,0.4189453125,0.181102362205,0.448818897638,1183779
-516.286865234,210.162109375,0.42333984375,0.196850393701,0.433070866142,1183784
-514.270172119,210.959228516,0.42626953125,0.196850393701,0.417322834646,1183789
-512.131256104,211.646362305,0.42822265625,0.196850393701,0.417322834646,1183794
-509.900680542,212.086120605,0.43017578125,0.196850393701,0.40157480315,1183799
-507.60899353,212.306030273,0.43212890625,0.196850393701,0.385826771654,1183804
-505.256195068,212.223571777,0.43359375,0.181102362205,0.385826771654,1183810
-502.781158447,211.893737793,0.43603515625,0.181102362205,0.370078740157,1183815
-500.122802734,211.343994141,0.43701171875,0.181102362205,0.354330708661,1183819
-497.250549316,210.546875,0.4384765625,0.181102362205,0.354330708661,1183824
-494.194961548,209.639831543,0.439453125,0.181102362205,0.354330708661,1183829
-491.078262329,208.705322266,0.43896484375,0.181102362205,0.370078740157,1183834
-487.992126465,207.825744629,0.43896484375,0.181102362205,0.370078740157,1183839
-485.150436401,207.028625488,0.43994140625,0.181102362205,0.385826771654,1183844
-482.67539978,206.36895752,0.4404296875,0.165354330709,0.385826771654,1183849
-480.658721924,205.874206543,0.43994140625,0.165354330709,0.40157480315,1183854
-479.161483765,205.461914062,0.4404296875,0.165354330709,0.40157480315,1183860
-478.061462402,205.159545898,0.44091796875,0.165354330709,0.417322834646,1183865
-477.26701355,204.91217041,0.44140625,0.165354330709,0.417322834646,1183869
-476.808685303,204.664794922,0.44189453125,0.149606299213,0.417322834646,1183875
-476.442001343,204.49987793,0.44140625,0.149606299213,0.433070866142,1183880
-476.197555542,204.334960938,0.439453125,0.149606299213,0.433070866142,1183885
-476.105895996,204.197509766,0.43701171875,0.149606299213,0.433070866142,1183890
-475.891998291,204.11505127,0.4306640625,0.149606299213,0.433070866142,1183895
-475.70866394,203.977661133,0.4189453125,0.149606299213,0.433070866142,1183900
-475.555892944,203.812683105,0.40087890625,0.149606299213,0.433070866142,1183905
-475.311447144,203.647766113,0.37646484375,0.149606299213,0.433070866142,1183910
-475.189224243,203.482849121,0.3408203125,0.149606299213,0.433070866142,1183915
-475.128112793,203.345458984,0.28125,0.149606299213,0.433070866142,1183920
-475.036437988,203.235473633,0.18505859375,0.149606299213,0.433070866142,1183925
-475.036437988,203.235473633,0.07080078125,0.149606299213,0.433070866142,1183930
-474.975326538,203.153015137,0.07080078125,0.149606299213,0.433070866142,1183935
0,0,0,0,0,0
-271.198242188,126.740600586,0.16015625,0.165354330709,0.622047244094,1184659
-271.228820801,126.575683594,0.16015625,0.149606299213,0.622047244094,1184664
-271.289916992,126.355773926,0.15869140625,0.149606299213,0.606299212598,1184669
-271.351043701,126.163391113,0.16015625,0.149606299213,0.606299212598,1184674
-271.442687988,126.025939941,0.16650390625,0.149606299213,0.606299212598,1184679
-271.442687988,126.025939941,0.173828125,0.149606299213,0.606299212598,1184684
-271.534362793,126.135864258,0.1767578125,0.133858267717,0.606299212598,1184694
-271.534362793,126.300842285,0.1845703125,0.133858267717,0.606299212598,1184699
-271.534362793,126.300842285,0.19775390625,0.133858267717,0.606299212598,1184704
-271.595489502,126.520690918,0.21435546875,0.133858267717,0.606299212598,1184709
-271.626037598,126.878051758,0.22314453125,0.133858267717,0.606299212598,1184714
-271.687164307,127.427734375,0.2353515625,0.133858267717,0.606299212598,1184719
-271.748260498,128.279846191,0.24267578125,0.133858267717,0.606299212598,1184724
-271.839935303,129.461730957,0.25390625,0.133858267717,0.606299212598,1184729
-271.962158203,130.946044922,0.26220703125,0.133858267717,0.590551181102,1184734
-272.176055908,132.622680664,0.27001953125,0.133858267717,0.590551181102,1184739
-272.359375,134.54675293,0.2734375,0.133858267717,0.590551181102,1184744
-272.573272705,136.718200684,0.2783203125,0.133858267717,0.590551181102,1184749
-272.756591797,139.191955566,0.28662109375,0.133858267717,0.590551181102,1184754
-272.909393311,141.940612793,0.29296875,0.133858267717,0.574803149606,1184759
-273.031616211,144.936645508,0.29931640625,0.133858267717,0.574803149606,1184764
-273.062164307,148.097595215,0.30419921875,0.133858267717,0.574803149606,1184770
-273.001037598,151.368469238,0.30859375,0.133858267717,0.55905511811,1184775
-272.817718506,154.721862793,0.3125,0.133858267717,0.55905511811,1184780
-272.542724609,158.102661133,0.3193359375,0.133858267717,0.543307086614,1184785
-272.145477295,161.565979004,0.32373046875,0.133858267717,0.543307086614,1184790
-271.656585693,165.056762695,0.33056640625,0.133858267717,0.543307086614,1184795
-271.1065979,168.602539062,0.33642578125,0.149606299213,0.527559055118,1184800
-270.434356689,172.340698242,0.341796875,0.133858267717,0.527559055118,1184805
-269.670471191,176.106323242,0.34521484375,0.133858267717,0.527559055118,1184810
-268.784332275,179.817016602,0.34765625,0.133858267717,0.511811023622,1184815
-267.806549072,183.472717285,0.3544921875,0.133858267717,0.511811023622,1184820
-266.737091064,186.990966797,0.361328125,0.133858267717,0.496062992126,1184825
-265.606536865,190.289367676,0.3681640625,0.133858267717,0.496062992126,1184830
-264.353729248,193.532775879,0.37158203125,0.133858267717,0.496062992126,1184835
-263.009277344,196.556274414,0.37744140625,0.133858267717,0.48031496063,1184840
-261.48147583,199.359924316,0.3837890625,0.133858267717,0.48031496063,1184845
-259.770355225,201.943603516,0.3916015625,0.133858267717,0.464566929134,1184850
-257.937011719,204.252502441,0.39794921875,0.133858267717,0.464566929134,1184855
-255.981445312,206.36895752,0.40380859375,0.133858267717,0.448818897638,1184860
-253.934204102,208.238037109,0.412109375,0.133858267717,0.448818897638,1184865
-251.856384277,209.859741211,0.41748046875,0.133858267717,0.433070866142,1184870
-249.686920166,211.343994141,0.4208984375,0.133858267717,0.417322834646,1184875
-247.456359863,212.690856934,0.4248046875,0.133858267717,0.417322834646,1184880
-245.164642334,213.900268555,0.4306640625,0.133858267717,0.40157480315,1184885
-242.68963623,214.972229004,0.4345703125,0.133858267717,0.385826771654,1184890
-240.031280518,215.796813965,0.435546875,0.133858267717,0.385826771654,1184895
-237.189575195,216.374023438,0.4365234375,0.133858267717,0.370078740157,1184900
-234.195098877,216.731384277,0.43798828125,0.133858267717,0.354330708661,1184905
-231.108947754,216.92376709,0.43798828125,0.133858267717,0.354330708661,1184910
-228.053375244,217.006225586,0.4384765625,0.133858267717,0.338582677165,1184915
-225.089447021,217.006225586,0.43798828125,0.133858267717,0.338582677165,1184920
-222.217193604,217.006225586,0.43798828125,0.11811023622,0.338582677165,1184926
-219.528289795,216.978759766,0.43701171875,0.11811023622,0.338582677165,1184931
-217.022705078,216.978759766,0.4375,0.11811023622,0.338582677165,1184936
-214.669891357,216.978759766,0.4375,0.11811023622,0.338582677165,1184941
-212.531005859,217.006225586,0.43798828125,0.11811023622,0.338582677165,1184946
-210.605987549,217.006225586,0.43798828125,0.11811023622,0.338582677165,1184951
-208.86428833,217.006225586,0.43798828125,0.102362204724,0.338582677165,1184956
-207.336486816,217.006225586,0.4384765625,0.102362204724,0.338582677165,1184961
-206.083709717,216.978759766,0.4384765625,0.102362204724,0.338582677165,1184966
-205.0753479,216.89630127,0.43896484375,0.102362204724,0.338582677165,1184971
-204.189239502,216.813842773,0.43896484375,0.102362204724,0.338582677165,1184976
-203.517028809,216.731384277,0.43896484375,0.102362204724,0.338582677165,1184981
-202.875366211,216.566467285,0.4375,0.102362204724,0.338582677165,1184986
-202.325317383,216.484008789,0.43505859375,0.102362204724,0.338582677165,1184991
-201.867004395,216.401550293,0.43017578125,0.102362204724,0.338582677165,1184996
-201.530883789,216.291564941,0.4228515625,0.102362204724,0.338582677165,1185001
-201.255859375,216.264099121,0.41162109375,0.102362204724,0.338582677165,1185006
-201.072570801,216.236633301,0.400390625,0.102362204724,0.338582677165,1185012
-200.889221191,216.236633301,0.39111328125,0.102362204724,0.338582677165,1185016
-200.614196777,216.319091797,0.3798828125,0.102362204724,0.338582677165,1185021
-200.430847168,216.429016113,0.36181640625,0.11811023622,0.338582677165,1185026
-200.155883789,216.566467285,0.33203125,0.11811023622,0.338582677165,1185031
-199.880859375,216.731384277,0.2958984375,0.11811023622,0.338582677165,1185036
-199.697509766,216.92376709,0.25146484375,0.11811023622,0.338582677165,1185041
-199.514221191,217.116149902,0.19873046875,0.11811023622,0.338582677165,1185046
-199.422546387,217.363525391,0.13623046875,0.11811023622,0.338582677165,1185051
-199.391967773,217.610900879,0.0791015625,0.11811023622,0.338582677165,1185056
-199.391967773,217.803344727,0.0791015625,0.11811023622,0.338582677165,1185061
0,0,0,0,0,0
-13.276184082,125.943481445,0.14599609375,0.149606299213,0.590551181102,1185871
-13.1845092773,125.806030273,0.1484375,0.149606299213,0.590551181102,1185876
-13.2150878906,125.613647461,0.14892578125,0.149606299213,0.590551181102,1185881
-13.2150878906,125.476196289,0.14892578125,0.133858267717,0.590551181102,1185886
-13.2456054688,125.311279297,0.14990234375,0.133858267717,0.590551181102,1185891
-13.276184082,125.228820801,0.1533203125,0.133858267717,0.574803149606,1185896
-13.276184082,125.228820801,0.16357421875,0.133858267717,0.574803149606,1185901
-13.276184082,125.228820801,0.1708984375,0.133858267717,0.574803149606,1185906
-13.276184082,125.228820801,0.16943359375,0.133858267717,0.574803149606,1185916
-13.3067626953,125.448730469,0.17431640625,0.133858267717,0.590551181102,1185926
-13.3067626953,125.751098633,0.18310546875,0.133858267717,0.590551181102,1185931
-13.3067626953,126.190856934,0.19482421875,0.11811023622,0.590551181102,1185936
-13.276184082,126.795593262,0.203125,0.11811023622,0.590551181102,1185941
-13.2150878906,127.620178223,0.2099609375,0.11811023622,0.590551181102,1185946
-13.1845092773,128.719604492,0.21826171875,0.11811023622,0.590551181102,1185951
-13.1539916992,130.121459961,0.2275390625,0.11811023622,0.574803149606,1185956
-13.2150878906,131.743164062,0.23486328125,0.11811023622,0.574803149606,1185961
-13.276184082,133.749633789,0.2412109375,0.11811023622,0.574803149606,1185966
-13.3984375,135.976074219,0.251953125,0.11811023622,0.574803149606,1185971
-13.5206298828,138.422363281,0.26220703125,0.11811023622,0.574803149606,1185976
-13.5512084961,141.061035156,0.27197265625,0.11811023622,0.574803149606,1185981
-13.5817260742,143.809692383,0.2783203125,0.11811023622,0.55905511811,1185986
-13.4595336914,146.723266602,0.28369140625,0.11811023622,0.55905511811,1185991
-13.2150878906,149.774291992,0.29150390625,0.11811023622,0.55905511811,1185996
-12.8789672852,152.99017334,0.30029296875,0.11811023622,0.543307086614,1186001
-12.4206542969,156.453491211,0.3076171875,0.11811023622,0.543307086614,1186006
-12.0233764648,160.109191895,0.3134765625,0.11811023622,0.543307086614,1186012
-11.5956420898,163.984802246,0.3203125,0.11811023622,0.527559055118,1186017
-11.1067504883,168.245178223,0.32177734375,0.11811023622,0.527559055118,1186021
-10.5567016602,172.670532227,0.32373046875,0.11811023622,0.511811023622,1186026
-9.85394287109,177.123352051,0.3232421875,0.11811023622,0.511811023622,1186032
-9.02893066406,181.383728027,0.32373046875,0.11811023622,0.511811023622,1186037
-8.05114746094,185.341796875,0.32470703125,0.11811023622,0.496062992126,1186041
-6.89001464844,188.997497559,0.3251953125,0.102362204724,0.496062992126,1186047
-5.54553222656,192.46081543,0.32421875,0.102362204724,0.48031496063,1186052
-4.01776123047,195.759155273,0.32421875,0.102362204724,0.48031496063,1186057
-2.306640625,198.86517334,0.3251953125,0.102362204724,0.48031496063,1186062
-0.442749023438,201.696228027,0.32666015625,0.102362204724,0.464566929134,1186067
1.6044921875,204.279968262,0.32666015625,0.102362204724,0.448818897638,1186072
3.74340820312,206.561340332,0.328125,0.0866141732283,0.448818897638,1186077
6.03509521484,208.512878418,0.33056640625,0.0866141732283,0.433070866142,1186082
8.41845703125,210.327026367,0.333984375,0.0866141732283,0.433070866142,1186087
10.8323974609,211.976196289,0.33740234375,0.0866141732283,0.417322834646,1186092
13.2768554688,213.487976074,0.34423828125,0.0866141732283,0.40157480315,1186097
15.7518920898,214.972229004,0.35302734375,0.0866141732283,0.385826771654,1186102
18.379699707,216.264099121,0.3603515625,0.0866141732283,0.385826771654,1186107
21.1908569336,217.33605957,0.36962890625,0.0866141732283,0.370078740157,1186112
24.2158813477,218.160644531,0.37841796875,0.0866141732283,0.354330708661,1186117
27.3936767578,218.875305176,0.384765625,0.0866141732283,0.354330708661,1186122
30.7854003906,219.370056152,0.388671875,0.0708661417323,0.338582677165,1186127
34.2993164062,219.727416992,0.3896484375,0.0708661417323,0.338582677165,1186132
37.8743286133,219.97479248,0.39013671875,0.0708661417323,0.338582677165,1186137
41.4799194336,220.057250977,0.39111328125,0.0708661417323,0.322834645669,1186142
44.9633178711,220.029724121,0.390625,0.0708661417323,0.322834645669,1186147
48.2633056641,219.947265625,0.39111328125,0.0708661417323,0.322834645669,1186152
51.3494873047,219.782348633,0.39111328125,0.0551181102362,0.322834645669,1186157
54.130065918,219.534973145,0.39111328125,0.0551181102362,0.322834645669,1186162
56.6356201172,219.20513916,0.3896484375,0.0551181102362,0.322834645669,1186168
58.8356323242,218.930297852,0.3857421875,0.0551181102362,0.322834645669,1186172
60.6079101562,218.627929688,0.37890625,0.0551181102362,0.322834645669,1186177
61.9218139648,218.435546875,0.37255859375,0.0551181102362,0.322834645669,1186182
62.8690185547,218.298095703,0.369140625,0.0551181102362,0.322834645669,1186187
63.3884887695,218.215637207,0.36767578125,0.0551181102362,0.322834645669,1186193
63.6940307617,218.160644531,0.3662109375,0.0551181102362,0.322834645669,1186198
63.8468017578,218.105712891,0.36083984375,0.0551181102362,0.322834645669,1186203
63.8773803711,218.023254395,0.34814453125,0.0551181102362,0.322834645669,1186207
63.8773803711,218.023254395,0.3251953125,0.0551181102362,0.322834645669,1186213
63.8162841797,217.858337402,0.2880859375,0.0551181102362,0.322834645669,1186218
63.6329345703,217.748352051,0.24169921875,0.0551181102362,0.322834645669,1186223
63.3273925781,217.555969238,0.16796875,0.0551181102362,0.322834645669,1186228
62.7468261719,217.30859375,0.0849609375,0.0551181102362,0.322834645669,1186233
61.9829101562,217.033691406,0.0849609375,0.0551181102362,0.322834645669,1186238
0,0,0,0,0,0
193.55645752,122.315246582,0.14892578125,0.0866141732283,0.574803149606,1186967
193.739807129,121.985412598,0.1513671875,0.0866141732283,0.574803149606,1186972
193.892578125,121.683105469,0.1552734375,0.0708661417323,0.55905511811,1186977
194.014831543,121.408203125,0.1611328125,0.0708661417323,0.55905511811,1186982
194.198120117,121.270812988,0.17578125,0.0708661417323,0.55905511811,1186987
194.350952148,121.188354492,0.193359375,0.0708661417323,0.55905511811,1186992
194.442565918,121.188354492,0.20361328125,0.0708661417323,0.55905511811,1186997
194.534240723,121.160827637,0.2099609375,0.0708661417323,0.55905511811,1187002
194.534240723,121.160827637,0.2158203125,0.0708661417323,0.55905511811,1187007
194.534240723,121.160827637,0.22021484375,0.0708661417323,0.574803149606,1187012
194.625915527,121.298278809,0.22509765625,0.0708661417323,0.574803149606,1187017
194.717590332,121.545654297,0.2333984375,0.0708661417323,0.574803149606,1187022
194.870361328,121.902954102,0.2431640625,0.0708661417323,0.574803149606,1187027
195.023132324,122.425231934,0.25341796875,0.0708661417323,0.574803149606,1187032
195.084289551,123.029907227,0.26220703125,0.0708661417323,0.574803149606,1187037
195.17590332,123.744567871,0.27294921875,0.0551181102362,0.574803149606,1187042
195.17590332,124.651611328,0.27978515625,0.0551181102362,0.574803149606,1187047
195.084289551,125.751098633,0.28564453125,0.0551181102362,0.574803149606,1187052
194.900939941,127.097900391,0.291015625,0.0551181102362,0.55905511811,1187057
194.564819336,128.719604492,0.29833984375,0.0551181102362,0.55905511811,1187062
194.106445312,130.671142578,0.3076171875,0.0551181102362,0.55905511811,1187067
193.617553711,132.980041504,0.314453125,0.0551181102362,0.55905511811,1187072
193.067565918,135.591247559,0.3212890625,0.0551181102362,0.55905511811,1187077
192.578674316,138.422363281,0.326171875,0.0551181102362,0.543307086614,1187082
192.212036133,141.500854492,0.33203125,0.0551181102362,0.543307086614,1187087
191.99810791,144.771728516,0.33349609375,0.0551181102362,0.543307086614,1187092
191.875915527,148.207519531,0.33642578125,0.0551181102362,0.527559055118,1187098
191.99810791,151.780761719,0.33740234375,0.0551181102362,0.527559055118,1187102
192.212036133,155.381530762,0.33837890625,0.0551181102362,0.527559055118,1187107
192.578674316,158.954772949,0.33740234375,0.0551181102362,0.511811023622,1187112
192.975891113,162.555480957,0.33740234375,0.0551181102362,0.511811023622,1187117
193.342590332,166.18371582,0.337890625,0.0551181102362,0.496062992126,1187122
193.678710938,169.89440918,0.3388671875,0.0551181102362,0.496062992126,1187128
194.045349121,173.742492676,0.345703125,0.0551181102362,0.48031496063,1187133
194.503723145,177.535644531,0.35205078125,0.0551181102362,0.48031496063,1187138
195.114807129,181.356262207,0.35498046875,0.0551181102362,0.48031496063,1187143
195.939819336,185.066955566,0.357421875,0.0551181102362,0.464566929134,1187148
197.039855957,188.695129395,0.35986328125,0.0551181102362,0.464566929134,1187153
198.44543457,192.240905762,0.36279296875,0.0551181102362,0.464566929134,1187158
200.156555176,195.649230957,0.365234375,0.0551181102362,0.448818897638,1187163
202.112121582,198.837646484,0.3681640625,0.0551181102362,0.448818897638,1187168
204.189941406,201.723754883,0.369140625,0.0551181102362,0.448818897638,1187173
206.328796387,204.362426758,0.37060546875,0.0551181102362,0.433070866142,1187178
208.467712402,206.643798828,0.37255859375,0.0551181102362,0.417322834646,1187183
210.514953613,208.705322266,0.375,0.0551181102362,0.40157480315,1187188
212.470581055,210.491943359,0.37744140625,0.0551181102362,0.385826771654,1187193
214.334472656,212.031188965,0.38330078125,0.0551181102362,0.370078740157,1187198
216.259460449,213.405517578,0.390625,0.0393700787402,0.370078740157,1187203
218.215026855,214.66986084,0.39453125,0.0393700787402,0.354330708661,1187208
220.353942871,215.714355469,0.3984375,0.0393700787402,0.338582677165,1187213
222.828979492,216.648925781,0.40576171875,0.0393700787402,0.338582677165,1187218
225.579040527,217.500976562,0.4140625,0.0393700787402,0.322834645669,1187223
228.665161133,218.243103027,0.4208984375,0.0393700787402,0.322834645669,1187228
232.087402344,219.040222168,0.42431640625,0.0393700787402,0.307086614173,1187233
235.723571777,219.754882812,0.4248046875,0.0393700787402,0.307086614173,1187238
239.45135498,220.442016602,0.42529296875,0.0236220472441,0.307086614173,1187243
243.148620605,221.156677246,0.42578125,0.0236220472441,0.307086614173,1187248
246.662536621,221.733886719,0.42529296875,0.0236220472441,0.307086614173,1187253
249.840393066,222.311096191,0.42529296875,0.0236220472441,0.307086614173,1187258
252.62097168,222.723388672,0.42333984375,0.0236220472441,0.307086614173,1187263
255.034851074,223.053283691,0.41845703125,0.0236220472441,0.307086614173,1187268
257.051574707,223.30065918,0.41552734375,0.0236220472441,0.307086614173,1187273
258.823791504,223.410583496,0.412109375,0.0236220472441,0.307086614173,1187278
260.382141113,223.465576172,0.40234375,0.0236220472441,0.307086614173,1187284
261.757141113,223.465576172,0.388671875,0.0236220472441,0.307086614173,1187288
262.948852539,223.328125,0.3740234375,0.0236220472441,0.307086614173,1187294
264.048828125,223.190673828,0.3525390625,0.0236220472441,0.307086614173,1187299
264.99609375,222.91583252,0.326171875,0.0236220472441,0.307086614173,1187304
265.882202148,222.55847168,0.291015625,0.0236220472441,0.307086614173,1187309
266.676635742,222.118713379,0.24462890625,0.0393700787402,0.307086614173,1187314
267.348876953,221.596496582,0.1845703125,0.0393700787402,0.307086614173,1187319
267.929443359,221.07421875,0.126953125,0.0393700787402,0.307086614173,1187324
268.296142578,220.524475098,0.08056640625,0.0393700787402,0.307086614173,1187329
268.479431152,219.97479248,0.08056640625,0.0393700787402,0.307086614173,1187334
0,0,0,0,0,0
460.859130859,139.769165039,0.19189453125,0.0708661417323,0.606299212598,1188163
460.950805664,139.631774902,0.19482421875,0.0708661417323,0.606299212598,1188168
461.011962891,139.46685791,0.19921875,0.0551181102362,0.590551181102,1188173
460.950805664,139.356872559,0.2001953125,0.0551181102362,0.590551181102,1188178
460.889770508,139.219482422,0.205078125,0.0551181102362,0.590551181102,1188183
460.889770508,139.219482422,0.2255859375,0.0551181102362,0.590551181102,1188189
460.798095703,139.137023926,0.2451171875,0.0551181102362,0.590551181102,1188193
460.798095703,139.137023926,0.259765625,0.0551181102362,0.590551181102,1188199
460.798095703,139.137023926,0.271484375,0.0551181102362,0.590551181102,1188204
460.798095703,139.137023926,0.2763671875,0.0551181102362,0.590551181102,1188209
460.798095703,139.246948242,0.2763671875,0.0393700787402,0.590551181102,1188229
460.828613281,139.549316406,0.27880859375,0.0393700787402,0.590551181102,1188234
460.859130859,140.181518555,0.28466796875,0.0393700787402,0.590551181102,1188239
460.889770508,141.171020508,0.28955078125,0.0393700787402,0.590551181102,1188244
460.950805664,142.572814941,0.29638671875,0.0393700787402,0.590551181102,1188249
460.981445312,144.386901855,0.30419921875,0.0393700787402,0.590551181102,1188254
460.981445312,146.558349609,0.3125,0.0393700787402,0.590551181102,1188259
460.889770508,149.087097168,0.31689453125,0.0393700787402,0.590551181102,1188264
460.798095703,151.835754395,0.32470703125,0.0393700787402,0.574803149606,1188269
460.736938477,154.831787109,0.32861328125,0.0393700787402,0.574803149606,1188274
460.67590332,157.937744141,0.33544921875,0.0393700787402,0.574803149606,1188279
460.767578125,161.153686523,0.34375,0.0393700787402,0.574803149606,1188284
460.981445312,164.507019043,0.35205078125,0.0393700787402,0.55905511811,1188289
461.286987305,167.915344238,0.359375,0.0393700787402,0.55905511811,1188294
461.806396484,171.488586426,0.36474609375,0.0393700787402,0.55905511811,1188299
462.417480469,175.144287109,0.37109375,0.0393700787402,0.543307086614,1188304
463.150878906,178.772521973,0.37744140625,0.0393700787402,0.543307086614,1188309
464.006469727,182.34576416,0.3818359375,0.0393700787402,0.543307086614,1188314
464.923095703,185.864013672,0.3857421875,0.0393700787402,0.527559055118,1188319
465.962036133,189.244873047,0.3876953125,0.0393700787402,0.527559055118,1188324
467.123168945,192.735656738,0.390625,0.0236220472441,0.527559055118,1188329
468.437011719,196.22644043,0.39453125,0.0236220472441,0.511811023622,1188334
469.96484375,199.607299805,0.3994140625,0.0236220472441,0.511811023622,1188339
471.676025391,202.905639648,0.40625,0.0236220472441,0.496062992126,1188344
473.692626953,206.039123535,0.41552734375,0.00787401574803,0.496062992126,1188349
476.014892578,209.007629395,0.419921875,0.00787401574803,0.48031496063,1188355
478.642700195,211.838745117,0.4208984375,0.00787401574803,0.464566929134,1188360
481.576049805,214.559936523,0.42236328125,0.00787401574803,0.433070866142,1188365
484.723266602,217.143676758,0.42333984375,-0.00787401574803,0.417322834646,1188370
488.145629883,219.5625,0.42578125,-0.0236220472441,0.40157480315,1188375
491.751220703,221.678955078,0.427734375,-0.0236220472441,0.385826771654,1188380
495.509521484,223.465576172,0.43017578125,-0.0393700787402,0.370078740157,1188385
499.512329102,224.839904785,0.43017578125,-0.0551181102362,0.370078740157,1188390
503.698486328,225.856872559,0.431640625,-0.0551181102362,0.354330708661,1188395
508.098510742,226.598999023,0.43115234375,-0.0708661417323,0.338582677165,1188400
512.712524414,227.06628418,0.43115234375,-0.0708661417323,0.338582677165,1188405
517.387573242,227.47857666,0.43212890625,-0.0866141732283,0.338582677165,1188410
522.031982422,227.753417969,0.43212890625,-0.0866141732283,0.338582677165,1188415
526.676513672,228.055786133,0.43310546875,-0.0866141732283,0.338582677165,1188420
531.198852539,228.413146973,0.435546875,-0.0866141732283,0.338582677165,1188425
535.598876953,228.715454102,0.4375,-0.102362204724,0.338582677165,1188430
539.846069336,229.127746582,0.43798828125,-0.102362204724,0.338582677165,1188435
543.879516602,229.485107422,0.4384765625,-0.102362204724,0.338582677165,1188440
547.668457031,229.842407227,0.43896484375,-0.102362204724,0.338582677165,1188445
551.090698242,230.144775391,0.439453125,-0.11811023622,0.338582677165,1188450
554.176757812,230.419616699,0.4384765625,-0.11811023622,0.338582677165,1188455
556.835205078,230.612060547,0.4365234375,-0.11811023622,0.338582677165,1188460
559.096313477,230.694519043,0.43115234375,-0.133858267717,0.338582677165,1188465
560.868530273,230.721984863,0.4228515625,-0.133858267717,0.338582677165,1188470
562.274047852,230.612060547,0.41064453125,-0.133858267717,0.338582677165,1188475
563.343505859,230.447143555,0.3974609375,-0.133858267717,0.338582677165,1188480
564.138061523,230.227233887,0.375,-0.149606299213,0.338582677165,1188485
564.810302734,229.952392578,0.341796875,-0.149606299213,0.338582677165,1188490
565.360229492,229.595031738,0.29296875,-0.133858267717,0.338582677165,1188495
565.849121094,229.210205078,0.23095703125,-0.133858267717,0.338582677165,1188500
566.307495117,228.687988281,0.13232421875,-0.133858267717,0.338582677165,1188505
566.735229492,228.028320312,0.13232421875,-0.133858267717,0.338582677165,1188510
0,0,0,0,0,0
