x,y,p,xt,yt,time
STROKE
-21.2249755859,-284.283065796,0.5,0.0,0.0,28526844
STROKE
2.39472961426,17.8681182861,0.154296875,-0.700787401575,-0.307086614173,14568096
2.73085021973,18.1429748535,0.15283203125,-0.669291338583,-0.275590551181,14568100
3.12808227539,18.3078918457,0.15283203125,-0.637795275591,-0.244094488189,14568105
3.52529907227,18.5277862549,0.150390625,-0.606299212598,-0.212598425197,14568110
3.70863342285,18.665222168,0.14501953125,-0.590551181102,-0.196850393701,14568115
3.76974487305,18.9125976562,0.14453125,-0.55905511811,-0.165354330709,14568121
3.76974487305,19.2149505615,0.14453125,-0.543307086614,-0.149606299213,14568126
3.76974487305,19.4623260498,0.1455078125,-0.543307086614,-0.149606299213,14568131
3.76974487305,19.682220459,0.14697265625,-0.527559055118,-0.133858267717,14568136
3.76974487305,19.8471374512,0.1552734375,-0.527559055118,-0.133858267717,14568141
3.76974487305,19.9295959473,0.16796875,-0.527559055118,-0.133858267717,14568146
3.76974487305,19.9295959473,0.17919921875,-0.527559055118,-0.133858267717,14568151
3.76974487305,19.9295959473,0.18798828125,-0.527559055118,-0.149606299213,14568156
3.76974487305,19.9295959473,0.19677734375,-0.527559055118,-0.149606299213,14568161
3.76974487305,19.9295959473,0.20751953125,-0.527559055118,-0.149606299213,14568166
3.76974487305,19.9295959473,0.22021484375,-0.527559055118,-0.149606299213,14568171
3.76974487305,19.9295959473,0.23291015625,-0.527559055118,-0.149606299213,14568176
3.83085632324,19.8471374512,0.24267578125,-0.527559055118,-0.149606299213,14568181
3.83085632324,19.7646789551,0.24951171875,-0.527559055118,-0.149606299213,14568186
3.89196777344,19.682220459,0.25439453125,-0.527559055118,-0.149606299213,14568191
3.92253112793,19.5173034668,0.2578125,-0.527559055118,-0.149606299213,14568196
3.95307922363,19.3248901367,0.2607421875,-0.527559055118,-0.149606299213,14568201
3.98364257812,19.0775146484,0.26318359375,-0.527559055118,-0.149606299213,14568206
4.01419067383,18.7751617432,0.26611328125,-0.527559055118,-0.149606299213,14568211
4.10586547852,18.4728088379,0.27001953125,-0.527559055118,-0.149606299213,14568216
4.16697692871,18.2529144287,0.2734375,-0.527559055118,-0.149606299213,14568221
4.1975402832,18.0330352783,0.275390625,-0.527559055118,-0.149606299213,14568226
4.22808837891,17.8131408691,0.27685546875,-0.543307086614,-0.149606299213,14568231
4.16697692871,17.6207275391,0.27783203125,-0.543307086614,-0.149606299213,14568236
4.16697692871,17.4008483887,0.2783203125,-0.543307086614,-0.149606299213,14568241
4.13641357422,17.2084350586,0.27880859375,-0.543307086614,-0.149606299213,14568246
4.10586547852,17.0709991455,0.27880859375,-0.543307086614,-0.149606299213,14568251
4.07530212402,16.9610595703,0.27880859375,-0.543307086614,-0.149606299213,14568256
4.01419067383,16.8786010742,0.2783203125,-0.543307086614,-0.133858267717,14568266
4.01419067383,16.8786010742,0.27685546875,-0.543307086614,-0.133858267717,14568271
4.01419067383,16.8786010742,0.2744140625,-0.543307086614,-0.133858267717,14568276
4.01419067383,16.8786010742,0.26953125,-0.543307086614,-0.133858267717,14568281
4.01419067383,16.8786010742,0.26220703125,-0.543307086614,-0.133858267717,14568286
4.01419067383,16.8786010742,0.25390625,-0.543307086614,-0.133858267717,14568292
4.01419067383,16.8786010742,0.2470703125,-0.543307086614,-0.133858267717,14568297
4.01419067383,16.8786010742,0.2421875,-0.543307086614,-0.133858267717,14568302
3.92253112793,16.9885406494,0.2392578125,-0.543307086614,-0.133858267717,14568307
3.92253112793,16.9885406494,0.24072265625,-0.543307086614,-0.133858267717,14568322
3.92253112793,16.9885406494,0.24267578125,-0.543307086614,-0.133858267717,14568332
3.98364257812,16.9060821533,0.24609375,-0.543307086614,-0.133858267717,14568337
3.98364257812,16.8236236572,0.24951171875,-0.543307086614,-0.133858267717,14568342
4.01419067383,16.7411651611,0.25048828125,-0.543307086614,-0.133858267717,14568347
4.10586547852,16.521270752,0.2509765625,-0.543307086614,-0.133858267717,14568352
4.1975402832,16.1364593506,0.2509765625,-0.543307086614,-0.133858267717,14568357
4.2891998291,15.641708374,0.25146484375,-0.543307086614,-0.133858267717,14568362
4.41142272949,15.0095214844,0.25244140625,-0.543307086614,-0.133858267717,14568367
4.47253417969,14.3773193359,0.25341796875,-0.543307086614,-0.133858267717,14568372
4.53364562988,13.8001098633,0.2548828125,-0.543307086614,-0.133858267717,14568377
4.59475708008,13.3053588867,0.2548828125,-0.543307086614,-0.133858267717,14568382
4.62532043457,12.9205474854,0.25439453125,-0.543307086614,-0.11811023622,14568387
4.59475708008,12.6456756592,0.25439453125,-0.543307086614,-0.11811023622,14568392
4.53364562988,12.480758667,0.25439453125,-0.543307086614,-0.11811023622,14568397
4.50309753418,12.370803833,0.25439453125,-0.543307086614,-0.11811023622,14568402
4.44198608398,12.2608642578,0.25390625,-0.543307086614,-0.11811023622,14568407
4.38087463379,12.1509246826,0.25390625,-0.543307086614,-0.11811023622,14568412
4.31976318359,12.0409698486,0.25439453125,-0.543307086614,-0.11811023622,14568417
4.2586517334,11.9585113525,0.25390625,-0.543307086614,-0.11811023622,14568422
4.13641357422,11.8760528564,0.25244140625,-0.543307086614,-0.11811023622,14568432
4.13641357422,11.8760528564,0.25048828125,-0.543307086614,-0.11811023622,14568437
4.04475402832,11.8210754395,0.248046875,-0.543307086614,-0.11811023622,14568442
4.04475402832,11.8210754395,0.2451171875,-0.543307086614,-0.11811023622,14568447
3.98364257812,11.9035339355,0.24365234375,-0.543307086614,-0.11811023622,14568453
3.86141967773,11.9585113525,0.24169921875,-0.543307086614,-0.11811023622,14568457
3.76974487305,12.1234283447,0.24169921875,-0.543307086614,-0.11811023622,14568462
3.58641052246,12.3433227539,0.2412109375,-0.543307086614,-0.11811023622,14568467
3.40307617188,12.6456756592,0.2412109375,-0.543307086614,-0.11811023622,14568472
3.28085327148,12.9480285645,0.2412109375,-0.543307086614,-0.11811023622,14568477
3.15863037109,13.2228851318,0.2412109375,-0.543307086614,-0.11811023622,14568483
3.0975189209,13.4152984619,0.2412109375,-0.543307086614,-0.11811023622,14568488
3.0364074707,13.5252380371,0.24072265625,-0.543307086614,-0.11811023622,14568493
2.97529602051,13.6076965332,0.24072265625,-0.527559055118,-0.11811023622,14568498
2.97529602051,13.6076965332,0.2421875,-0.527559055118,-0.102362204724,14568523
2.91418457031,13.5252380371,0.24365234375,-0.527559055118,-0.102362204724,14568533
2.91418457031,13.5252380371,0.24560546875,-0.527559055118,-0.102362204724,14568538
3.0364074707,13.3328399658,0.24609375,-0.527559055118,-0.102362204724,14568543
3.0975189209,13.1679229736,0.24658203125,-0.527559055118,-0.102362204724,14568548
3.15863037109,13.0030059814,0.24609375,-0.527559055118,-0.102362204724,14568553
3.18919372559,12.7281341553,0.24609375,-0.527559055118,-0.102362204724,14568558
3.21974182129,12.5082397461,0.24560546875,-0.527559055118,-0.102362204724,14568563
3.25030517578,12.2883453369,0.24462890625,-0.527559055118,-0.102362204724,14568568
3.21974182129,12.0684661865,0.24365234375,-0.527559055118,-0.102362204724,14568573
3.0975189209,11.9860076904,0.2412109375,-0.543307086614,-0.11811023622,14568578
2.91418457031,11.8210754395,0.23779296875,-0.543307086614,-0.11811023622,14568583
2.66973876953,11.7386169434,0.232421875,-0.543307086614,-0.11811023622,14568588
2.33361816406,11.6561584473,0.22216796875,-0.543307086614,-0.11811023622,14568593
2.05862426758,11.6011962891,0.21240234375,-0.543307086614,-0.11811023622,14568598
1.72250366211,11.6011962891,0.20556640625,-0.543307086614,-0.11811023622,14568603
1.41694641113,11.6836547852,0.20361328125,-0.543307086614,-0.11811023622,14568608
1.05027770996,11.8485717773,0.201171875,-0.543307086614,-0.11811023622,14568613
0.683609008789,12.0134887695,0.19287109375,-0.543307086614,-0.11811023622,14568618
0.408599853516,12.2883453369,0.1796875,-0.527559055118,-0.11811023622,14568623
0.164154052734,12.5632171631,0.173828125,-0.527559055118,-0.11811023622,14568628
0.0419311523438,12.7831115723,0.1728515625,-0.527559055118,-0.11811023622,14568633
-0.0497283935547,12.9480285645,0.173828125,-0.527559055118,-0.11811023622,14568638
-0.141403198242,13.0304870605,0.17626953125,-0.527559055118,-0.11811023622,14568644
-0.141403198242,13.0304870605,0.1845703125,-0.527559055118,-0.11811023622,14568648
-0.141403198242,13.0304870605,0.1962890625,-0.511811023622,-0.11811023622,14568654
-0.141403198242,12.9480285645,0.2041015625,-0.511811023622,-0.11811023622,14568659
-0.0191802978516,12.7281341553,0.20654296875,-0.511811023622,-0.11811023622,14568664
0.164154052734,12.3983001709,0.20654296875,-0.511811023622,-0.11811023622,14568668
0.408599853516,11.7935943604,0.20849609375,-0.527559055118,-0.11811023622,14568674
0.775268554688,11.0789489746,0.22021484375,-0.527559055118,-0.11811023622,14568679
1.01972961426,10.3643035889,0.2265625,-0.527559055118,-0.11811023622,14568684
1.20306396484,9.67713928223,0.232421875,-0.527559055118,-0.11811023622,14568689
1.41694641113,9.15489196777,0.236328125,-0.527559055118,-0.11811023622,14568694
1.50862121582,8.79756164551,0.24072265625,-0.527559055118,-0.11811023622,14568699
1.56973266602,8.57768249512,0.23974609375,-0.543307086614,-0.102362204724,14568709
1.56973266602,8.57768249512,0.23583984375,-0.543307086614,-0.102362204724,14568714
1.56973266602,8.57768249512,0.22900390625,-0.543307086614,-0.102362204724,14568719
1.56973266602,8.57768249512,0.22119140625,-0.543307086614,-0.102362204724,14568724
1.44750976562,8.55018615723,0.21435546875,-0.543307086614,-0.11811023622,14568729
1.44750976562,8.55018615723,0.2060546875,-0.543307086614,-0.11811023622,14568734
1.20306396484,8.68762207031,0.19921875,-0.543307086614,-0.11811023622,14568739
0.958618164062,8.8800201416,0.19140625,-0.543307086614,-0.11811023622,14568744
0.744720458984,9.07243347168,0.18017578125,-0.543307086614,-0.11811023622,14568749
0.439163208008,9.23735046387,0.17041015625,-0.543307086614,-0.11811023622,14568754
0.255828857422,9.34729003906,0.1630859375,-0.543307086614,-0.11811023622,14568759
0.133605957031,9.40226745605,0.1611328125,-0.527559055118,-0.11811023622,14568764
0.0419311523438,9.42976379395,0.1630859375,-0.527559055118,-0.11811023622,14568774
0.0419311523438,9.42976379395,0.169921875,-0.527559055118,-0.102362204724,14568779
0.0419311523438,9.42976379395,0.17919921875,-0.527559055118,-0.102362204724,14568784
0.0724945068359,9.31980895996,0.18603515625,-0.527559055118,-0.102362204724,14568789
0.103042602539,9.12741088867,0.18896484375,-0.527559055118,-0.102362204724,14568794
0.133605957031,8.8800201416,0.19140625,-0.527559055118,-0.102362204724,14568799
0.133605957031,8.66014099121,0.1923828125,-0.527559055118,-0.102362204724,14568804
0.164154052734,8.46772766113,0.19189453125,-0.527559055118,-0.102362204724,14568809
0.164154052734,8.46772766113,0.1806640625,-0.527559055118,-0.102362204724,14568814
0.164154052734,8.46772766113,0.1337890625,-0.527559055118,-0.102362204724,14568819
0.0419311523438,8.41275024414,0.05126953125,-0.527559055118,-0.102362204724,14568824
-0.0497283935547,8.49520874023,0.05126953125,-0.527559055118,-0.102362204724,14568829
STROKE
1326.50268555,5.279296875,0.076171875,-0.858267716535,0.212598425197,14575446
1326.59436035,5.279296875,0.07861328125,-0.858267716535,0.228346456693,14575451
1326.59436035,5.279296875,0.0810546875,-0.858267716535,0.228346456693,14575456
1326.59436035,5.279296875,0.0849609375,-0.858267716535,0.228346456693,14575461
1326.59436035,5.279296875,0.087890625,-0.858267716535,0.228346456693,14575466
1326.59436035,5.279296875,0.08984375,-0.858267716535,0.228346456693,14575471
1326.59436035,5.279296875,0.091796875,-0.858267716535,0.228346456693,14575476
1326.59436035,5.279296875,0.09326171875,-0.874015748031,0.228346456693,14575481
1326.59436035,5.279296875,0.09619140625,-0.874015748031,0.228346456693,14575486
1326.59436035,5.279296875,0.1015625,-0.858267716535,0.228346456693,14575491
1326.59436035,5.279296875,0.10693359375,-0.858267716535,0.228346456693,14575496
1326.59436035,5.279296875,0.11279296875,-0.858267716535,0.228346456693,14575501
1326.68603516,5.33427429199,0.11865234375,-0.858267716535,0.228346456693,14575506
1326.68603516,5.33427429199,0.12353515625,-0.858267716535,0.228346456693,14575511
1326.68603516,5.33427429199,0.12841796875,-0.858267716535,0.228346456693,14575516
1326.68603516,5.33427429199,0.1328125,-0.858267716535,0.228346456693,14575521
1326.68603516,5.33427429199,0.13525390625,-0.858267716535,0.228346456693,14575526
1326.59436035,5.279296875,0.13671875,-0.858267716535,0.228346456693,14575536
1326.59436035,5.279296875,0.13818359375,-0.874015748031,0.228346456693,14575546
1326.50268555,5.2518157959,0.138671875,-0.874015748031,0.228346456693,14575551
1326.50268555,5.2518157959,0.14013671875,-0.874015748031,0.228346456693,14575556
1326.50268555,5.2518157959,0.14208984375,-0.874015748031,0.228346456693,14575561
1326.50268555,5.2518157959,0.1435546875,-0.874015748031,0.228346456693,14575566
1326.50268555,5.2518157959,0.14501953125,-0.874015748031,0.228346456693,14575576
1326.50268555,5.2518157959,0.14697265625,-0.874015748031,0.228346456693,14575591
1326.50268555,5.2518157959,0.1484375,-0.874015748031,0.228346456693,14575596
1326.50268555,5.2518157959,0.1513671875,-0.874015748031,0.228346456693,14575602
1326.50268555,5.2518157959,0.15576171875,-0.874015748031,0.228346456693,14575607
1326.50268555,5.2518157959,0.1591796875,-0.874015748031,0.228346456693,14575612
1326.62487793,5.22431945801,0.162109375,-0.874015748031,0.228346456693,14575617
1326.62487793,5.22431945801,0.16357421875,-0.874015748031,0.228346456693,14575622
1326.74707031,5.19683837891,0.1669921875,-0.874015748031,0.228346456693,14575627
1326.83874512,5.11437988281,0.169921875,-0.874015748031,0.228346456693,14575632
1326.9609375,5.03192138672,0.1728515625,-0.874015748031,0.228346456693,14575637
1327.0526123,4.83950805664,0.17431640625,-0.874015748031,0.228346456693,14575642
1327.14428711,4.59213256836,0.17626953125,-0.874015748031,0.228346456693,14575647
1327.20544434,4.23481750488,0.1787109375,-0.874015748031,0.228346456693,14575652
1327.17492676,3.74005126953,0.181640625,-0.874015748031,0.228346456693,14575657
1327.14428711,3.19032287598,0.18310546875,-0.874015748031,0.228346456693,14575662
1327.02209473,2.55813598633,0.18359375,-0.874015748031,0.228346456693,14575667
1326.8692627,1.89845275879,0.18505859375,-0.874015748031,0.228346456693,14575672
1326.62487793,1.32124328613,0.18408203125,-0.874015748031,0.228346456693,14575677
1326.41101074,0.79899597168,0.18359375,-0.874015748031,0.244094488189,14575682
1326.13598633,0.414184570312,0.18359375,-0.874015748031,0.244094488189,14575687
1325.73876953,0.0843505859375,0.18310546875,-0.874015748031,0.244094488189,14575692
1324.82202148,-0.382919311523,0.1826171875,-0.889763779528,0.244094488189,14575702
1324.3026123,-0.492858886719,0.1826171875,-0.889763779528,0.244094488189,14575707
1323.84423828,-0.547836303711,0.18212890625,-0.889763779528,0.259842519685,14575712
1323.38598633,-0.547836303711,0.185546875,-0.889763779528,0.259842519685,14575717
1322.98876953,-0.547836303711,0.18603515625,-0.889763779528,0.259842519685,14575722
1322.59155273,-0.382919311523,0.1875,-0.889763779528,0.259842519685,14575727
1322.19421387,-0.190521240234,0.1904296875,-0.905511811024,0.259842519685,14575732
1321.5526123,0.634078979492,0.19287109375,-0.905511811024,0.259842519685,14575742
1321.30810547,1.12882995605,0.19384765625,-0.889763779528,0.259842519685,14575747
1321.03320312,1.78851318359,0.19677734375,-0.889763779528,0.259842519685,14575752
1320.88037109,2.50315856934,0.197265625,-0.889763779528,0.259842519685,14575757
1320.69702148,3.30026245117,0.19775390625,-0.889763779528,0.259842519685,14575762
1320.63586426,4.1248626709,0.1982421875,-0.889763779528,0.259842519685,14575768
1320.66650391,4.83950805664,0.19970703125,-0.889763779528,0.244094488189,14575773
1320.78869629,5.44421386719,0.201171875,-0.889763779528,0.244094488189,14575778
1321.00256348,5.85650634766,0.20361328125,-0.874015748031,0.244094488189,14575782
1321.21643066,6.13137817383,0.20849609375,-0.874015748031,0.244094488189,14575788
1321.52209473,6.29629516602,0.2216796875,-0.874015748031,0.228346456693,14575793
1321.79699707,6.35127258301,0.2373046875,-0.874015748031,0.228346456693,14575798
1322.10266113,6.37875366211,0.24462890625,-0.874015748031,0.228346456693,14575803
1322.49987793,6.37875366211,0.24853515625,-0.874015748031,0.228346456693,14575808
1322.9276123,6.35127258301,0.25341796875,-0.874015748031,0.212598425197,14575813
1323.3248291,6.21383666992,0.259765625,-0.874015748031,0.212598425197,14575818
1323.7220459,6.10389709473,0.2626953125,-0.874015748031,0.212598425197,14575823
1323.99707031,5.91148376465,0.26416015625,-0.874015748031,0.212598425197,14575828
1324.24157715,5.69158935547,0.265625,-0.874015748031,0.212598425197,14575833
1324.45544434,5.55416870117,0.26513671875,-0.874015748031,0.212598425197,14575838
1324.54711914,5.41673278809,0.2646484375,-0.874015748031,0.212598425197,14575843
1324.63879395,5.36175537109,0.2626953125,-0.874015748031,0.212598425197,14575848
1324.63879395,5.36175537109,0.2578125,-0.874015748031,0.212598425197,14575853
1324.63879395,5.36175537109,0.2509765625,-0.874015748031,0.212598425197,14575858
1324.63879395,5.36175537109,0.24755859375,-0.874015748031,0.212598425197,14575863
1324.48596191,5.2518157959,0.24658203125,-0.874015748031,0.212598425197,14575868
1324.24157715,5.19683837891,0.24658203125,-0.874015748031,0.212598425197,14575873
1323.96655273,5.11437988281,0.24609375,-0.874015748031,0.212598425197,14575878
1323.59985352,5.00442504883,0.2451171875,-0.874015748031,0.212598425197,14575883
1323.26367188,4.94946289062,0.24365234375,-0.874015748031,0.212598425197,14575888
1322.89709473,4.89448547363,0.24072265625,-0.874015748031,0.212598425197,14575894
1322.53039551,4.89448547363,0.234375,-0.874015748031,0.212598425197,14575898
1322.16369629,4.97694396973,0.22802734375,-0.874015748031,0.212598425197,14575903
1321.76647949,5.1693572998,0.22412109375,-0.874015748031,0.212598425197,14575908
1321.39978027,5.44421386719,0.2236328125,-0.874015748031,0.212598425197,14575913
1321.00256348,5.82902526855,0.224609375,-0.874015748031,0.212598425197,14575918
1320.63586426,6.26881408691,0.22509765625,-0.874015748031,0.212598425197,14575923
1320.36096191,6.76356506348,0.22607421875,-0.874015748031,0.212598425197,14575928
1320.11645508,7.28581237793,0.22607421875,-0.874015748031,0.228346456693,14575933
1319.96374512,7.6706237793,0.22705078125,-0.874015748031,0.228346456693,14575938
1319.90258789,7.97297668457,0.228515625,-0.874015748031,0.228346456693,14575943
1319.87207031,8.11041259766,0.234375,-0.874015748031,0.228346456693,14575948
1319.87207031,8.11041259766,0.2490234375,-0.874015748031,0.228346456693,14575954
1319.78039551,8.16537475586,0.26123046875,-0.874015748031,0.228346456693,14575959
1319.78039551,8.16537475586,0.26953125,-0.858267716535,0.228346456693,14575964
1319.78039551,8.16537475586,0.27880859375,-0.858267716535,0.228346456693,14575969
1319.78039551,8.16537475586,0.2890625,-0.858267716535,0.228346456693,14575974
1319.78039551,8.16537475586,0.2939453125,-0.858267716535,0.228346456693,14575979
1319.81091309,8.02793884277,0.2958984375,-0.858267716535,0.228346456693,14575984
1319.93310547,7.89051818848,0.2958984375,-0.858267716535,0.212598425197,14575989
1319.9942627,7.78056335449,0.294921875,-0.858267716535,0.212598425197,14575994
1320.11645508,7.6706237793,0.2939453125,-0.858267716535,0.212598425197,14575999
1320.1776123,7.56066894531,0.2919921875,-0.858267716535,0.212598425197,14576004
1320.1776123,7.56066894531,0.28662109375,-0.858267716535,0.212598425197,14576009
1320.1776123,7.56066894531,0.27783203125,-0.874015748031,0.212598425197,14576014
1320.1776123,7.56066894531,0.27001953125,-0.874015748031,0.212598425197,14576019
1320.1776123,7.56066894531,0.26416015625,-0.874015748031,0.212598425197,14576024
1320.0859375,7.53318786621,0.2587890625,-0.874015748031,0.212598425197,14576029
1320.0859375,7.53318786621,0.25390625,-0.874015748031,0.212598425197,14576034
1319.9942627,7.53318786621,0.24951171875,-0.874015748031,0.212598425197,14576039
1319.9942627,7.53318786621,0.2470703125,-0.874015748031,0.212598425197,14576044
1319.78039551,7.6156463623,0.24169921875,-0.874015748031,0.212598425197,14576049
1319.65808105,7.6981048584,0.24072265625,-0.874015748031,0.212598425197,14576054
1319.56652832,7.83554077148,0.2412109375,-0.874015748031,0.212598425197,14576059
1319.44421387,7.97297668457,0.24169921875,-0.874015748031,0.212598425197,14576064
1319.35253906,8.11041259766,0.2431640625,-0.874015748031,0.228346456693,14576074
1319.35253906,8.11041259766,0.24462890625,-0.874015748031,0.228346456693,14576079
1319.26086426,8.13789367676,0.24658203125,-0.874015748031,0.228346456693,14576084
1319.26086426,8.13789367676,0.25,-0.874015748031,0.228346456693,14576089
1319.26086426,8.13789367676,0.25439453125,-0.874015748031,0.228346456693,14576095
1319.26086426,8.13789367676,0.26123046875,-0.858267716535,0.228346456693,14576099
1319.26086426,8.13789367676,0.26904296875,-0.858267716535,0.228346456693,14576104
1319.26086426,8.13789367676,0.27490234375,-0.858267716535,0.228346456693,14576109
1319.26086426,8.13789367676,0.2802734375,-0.858267716535,0.228346456693,14576114
1319.26086426,8.13789367676,0.283203125,-0.858267716535,0.228346456693,14576119
1319.26086426,8.13789367676,0.27978515625,-0.858267716535,0.228346456693,14576124
1319.26086426,8.13789367676,0.26318359375,-0.858267716535,0.228346456693,14576130
1319.32202148,8.05543518066,0.22412109375,-0.858267716535,0.228346456693,14576135
1319.35253906,7.91799926758,0.14990234375,-0.858267716535,0.212598425197,14576140
1319.23034668,7.6431427002,0.076171875,-0.858267716535,0.212598425197,14576144
1319.07751465,7.20335388184,0.076171875,-0.858267716535,0.212598425197,14576150
STROKE
1316.72473145,674.932617188,0.08935546875,-0.716535433071,0.354330708661,14580802
1316.72473145,674.850158691,0.09033203125,-0.716535433071,0.354330708661,14580807
1316.75537109,674.767700195,0.087890625,-0.732283464567,0.338582677165,14580817
1316.8470459,674.767700195,0.087890625,-0.732283464567,0.338582677165,14580827
1316.8470459,674.767700195,0.0908203125,-0.748031496063,0.338582677165,14580837
1316.8470459,674.767700195,0.09423828125,-0.748031496063,0.338582677165,14580842
1316.8470459,674.767700195,0.09716796875,-0.748031496063,0.338582677165,14580847
1316.9387207,674.795227051,0.099609375,-0.748031496063,0.338582677165,14580852
1316.9387207,674.795227051,0.1025390625,-0.748031496063,0.338582677165,14580857
1316.9387207,674.795227051,0.10791015625,-0.748031496063,0.338582677165,14580862
1317.03027344,674.850158691,0.115234375,-0.748031496063,0.338582677165,14580867
1317.03027344,674.850158691,0.12451171875,-0.748031496063,0.338582677165,14580872
1317.12194824,674.987609863,0.1328125,-0.748031496063,0.338582677165,14580877
1317.21362305,675.125061035,0.13720703125,-0.748031496063,0.338582677165,14580882
1317.36645508,675.317443848,0.138671875,-0.748031496063,0.338582677165,14580887
1317.58032227,675.509887695,0.13916015625,-0.748031496063,0.338582677165,14580892
1317.7331543,675.784729004,0.140625,-0.748031496063,0.338582677165,14580897
1317.97753906,675.977111816,0.1416015625,-0.748031496063,0.338582677165,14580902
1318.16088867,676.224487305,0.142578125,-0.748031496063,0.338582677165,14580907
1318.3137207,676.416931152,0.14306640625,-0.748031496063,0.338582677165,14580912
1318.49707031,676.581848145,0.1435546875,-0.748031496063,0.338582677165,14580917
1318.58862305,676.746765137,0.14501953125,-0.748031496063,0.338582677165,14580922
1318.7109375,676.829223633,0.14599609375,-0.748031496063,0.338582677165,14580927
1318.8026123,676.911682129,0.14697265625,-0.748031496063,0.338582677165,14580932
1318.8026123,676.911682129,0.150390625,-0.748031496063,0.338582677165,14580937
1318.8026123,676.911682129,0.1533203125,-0.748031496063,0.338582677165,14580942
1318.8026123,676.911682129,0.150390625,-0.748031496063,0.338582677165,14580947
1318.8026123,676.911682129,0.15234375,-0.748031496063,0.338582677165,14580952
1318.7109375,676.801696777,0.1533203125,-0.748031496063,0.338582677165,14580957
1318.55810547,676.774230957,0.1552734375,-0.748031496063,0.338582677165,14580962
1318.28308105,676.719238281,0.15771484375,-0.748031496063,0.338582677165,14580967
1317.8248291,676.636779785,0.15966796875,-0.748031496063,0.338582677165,14580973
1317.27478027,676.471862793,0.1611328125,-0.748031496063,0.338582677165,14580978
1316.63305664,676.334472656,0.1611328125,-0.748031496063,0.338582677165,14580983
1315.93029785,676.224487305,0.162109375,-0.748031496063,0.338582677165,14580987
1315.25805664,676.142028809,0.1640625,-0.748031496063,0.338582677165,14580993
1314.61645508,676.142028809,0.16455078125,-0.748031496063,0.338582677165,14580998
1314.00524902,676.142028809,0.16455078125,-0.748031496063,0.338582677165,14581003
1313.48583984,676.169555664,0.16357421875,-0.748031496063,0.338582677165,14581008
1313.02746582,676.224487305,0.16259765625,-0.748031496063,0.338582677165,14581013
1312.66088867,676.361938477,0.16162109375,-0.748031496063,0.338582677165,14581018
1312.29418945,676.499389648,0.16015625,-0.748031496063,0.338582677165,14581023
1312.01916504,676.691772461,0.15771484375,-0.732283464567,0.338582677165,14581028
1311.80529785,676.939147949,0.1513671875,-0.732283464567,0.338582677165,14581033
1311.62194824,677.186523438,0.14599609375,-0.732283464567,0.338582677165,14581038
1311.56079102,677.488891602,0.1494140625,-0.732283464567,0.338582677165,14581043
1311.53027344,677.791259766,0.15087890625,-0.732283464567,0.338582677165,14581048
1311.59143066,678.176025391,0.15283203125,-0.732283464567,0.322834645669,14581053
1311.68310547,678.560852051,0.15380859375,-0.732283464567,0.322834645669,14581058
1311.92749023,679.000671387,0.15478515625,-0.716535433071,0.322834645669,14581063
1312.26367188,679.467895508,0.15673828125,-0.716535433071,0.322834645669,14581068
1312.56921387,679.880187988,0.158203125,-0.716535433071,0.322834645669,14581073
1312.96643066,680.237548828,0.162109375,-0.716535433071,0.322834645669,14581078
1313.24145508,680.512390137,0.16748046875,-0.716535433071,0.322834645669,14581083
1313.45532227,680.649841309,0.17626953125,-0.716535433071,0.322834645669,14581088
1313.60803223,680.732299805,0.1865234375,-0.716535433071,0.322834645669,14581094
1313.69970703,680.732299805,0.197265625,-0.716535433071,0.322834645669,14581098
1313.69970703,680.732299805,0.20751953125,-0.716535433071,0.307086614173,14581103
1313.82202148,680.732299805,0.21337890625,-0.716535433071,0.307086614173,14581108
1313.82202148,680.732299805,0.2119140625,-0.732283464567,0.307086614173,14581118
1313.82202148,680.649841309,0.21630859375,-0.732283464567,0.307086614173,14581123
1313.73034668,680.484924316,0.212890625,-0.732283464567,0.307086614173,14581133
1313.69970703,680.347473145,0.2099609375,-0.732283464567,0.307086614173,14581138
1313.54699707,680.127563477,0.20849609375,-0.732283464567,0.307086614173,14581143
1313.39416504,679.852722168,0.20751953125,-0.732283464567,0.307086614173,14581148
1313.14978027,679.60534668,0.20654296875,-0.732283464567,0.307086614173,14581154
1312.87475586,679.330505371,0.20703125,-0.732283464567,0.307086614173,14581159
1312.63024902,679.165588379,0.20654296875,-0.732283464567,0.307086614173,14581164
1312.38586426,679.055603027,0.20556640625,-0.732283464567,0.307086614173,14581169
1312.17199707,678.918212891,0.2041015625,-0.732283464567,0.307086614173,14581174
1311.89697266,678.890686035,0.20263671875,-0.732283464567,0.322834645669,14581178
1311.68310547,678.835754395,0.1982421875,-0.732283464567,0.322834645669,14581184
1311.37744141,678.890686035,0.193359375,-0.732283464567,0.322834645669,14581189
1311.16357422,679.000671387,0.1875,-0.732283464567,0.322834645669,14581194
1310.94970703,679.193054199,0.18017578125,-0.732283464567,0.322834645669,14581199
1310.73583984,679.495422363,0.17236328125,-0.716535433071,0.322834645669,14581204
1310.61364746,679.852722168,0.17333984375,-0.716535433071,0.322834645669,14581209
1310.52197266,680.292480469,0.17431640625,-0.716535433071,0.322834645669,14581214
1310.49133301,680.78729248,0.1748046875,-0.716535433071,0.322834645669,14581219
1310.64416504,681.336975098,0.17431640625,-0.716535433071,0.322834645669,14581224
1310.91918945,681.941711426,0.1748046875,-0.716535433071,0.322834645669,14581229
1311.19421387,682.573913574,0.17529296875,-0.716535433071,0.322834645669,14581234
1311.74414062,683.673339844,0.17626953125,-0.716535433071,0.322834645669,14581244
1311.89697266,684.003173828,0.17724609375,-0.716535433071,0.322834645669,14581248
1312.04968262,684.195617676,0.18115234375,-0.716535433071,0.322834645669,14581254
1312.08032227,684.305541992,0.1962890625,-0.716535433071,0.338582677165,14581259
1312.08032227,684.305541992,0.21142578125,-0.716535433071,0.338582677165,14581264
1312.08032227,684.305541992,0.220703125,-0.700787401575,0.338582677165,14581269
1312.08032227,684.305541992,0.22265625,-0.700787401575,0.338582677165,14581274
1312.17199707,684.085632324,0.22705078125,-0.700787401575,0.354330708661,14581284
1312.23303223,683.838256836,0.22802734375,-0.700787401575,0.354330708661,14581289
1312.29418945,683.508422852,0.2294921875,-0.700787401575,0.354330708661,14581294
1312.41638184,683.068664551,0.23486328125,-0.700787401575,0.354330708661,14581299
1312.56921387,682.189086914,0.24462890625,-0.716535433071,0.338582677165,14581309
1312.66088867,681.804260254,0.24560546875,-0.716535433071,0.338582677165,14581314
1312.72192383,681.364501953,0.24609375,-0.716535433071,0.338582677165,14581319
1312.78308105,680.924682617,0.24609375,-0.716535433071,0.322834645669,14581324
1312.81359863,680.539916992,0.24609375,-0.716535433071,0.322834645669,14581329
1312.81359863,680.155090332,0.24560546875,-0.716535433071,0.322834645669,14581334
1312.81359863,679.797729492,0.2451171875,-0.716535433071,0.322834645669,14581340
1312.81359863,679.577880859,0.2431640625,-0.716535433071,0.322834645669,14581344
1312.81359863,679.440429688,0.2373046875,-0.716535433071,0.322834645669,14581350
1312.81359863,679.357971191,0.22021484375,-0.716535433071,0.322834645669,14581355
1312.81359863,679.357971191,0.19677734375,-0.716535433071,0.322834645669,14581360
1312.81359863,679.357971191,0.1806640625,-0.732283464567,0.322834645669,14581365
1312.84423828,679.522888184,0.171875,-0.716535433071,0.322834645669,14581370
1312.84423828,679.742797852,0.1708984375,-0.716535433071,0.322834645669,14581375
1312.78308105,680.01763916,0.17041015625,-0.716535433071,0.322834645669,14581380
1312.75256348,680.429931641,0.1689453125,-0.716535433071,0.322834645669,14581385
1312.75256348,680.869750977,0.16943359375,-0.716535433071,0.322834645669,14581390
1312.75256348,681.227050781,0.16650390625,-0.716535433071,0.322834645669,14581395
1312.81359863,681.611877441,0.16796875,-0.716535433071,0.322834645669,14581400
1312.87475586,681.831726074,0.1708984375,-0.716535433071,0.322834645669,14581405
1312.96643066,681.941711426,0.1865234375,-0.716535433071,0.322834645669,14581410
1313.02746582,682.051635742,0.21240234375,-0.716535433071,0.322834645669,14581415
1313.02746582,682.051635742,0.2333984375,-0.716535433071,0.322834645669,14581420
1313.11914062,682.079101562,0.24853515625,-0.716535433071,0.338582677165,14581425
1313.11914062,682.079101562,0.2607421875,-0.716535433071,0.338582677165,14581430
1313.11914062,682.079101562,0.26708984375,-0.716535433071,0.338582677165,14581435
1313.33312988,681.996643066,0.27490234375,-0.716535433071,0.338582677165,14581440
1313.48583984,681.831726074,0.27978515625,-0.716535433071,0.338582677165,14581445
1313.73034668,681.639343262,0.279296875,-0.716535433071,0.338582677165,14581450
1313.94421387,681.364501953,0.27978515625,-0.716535433071,0.338582677165,14581455
1314.12756348,681.034667969,0.27734375,-0.716535433071,0.322834645669,14581460
1314.28027344,680.677307129,0.26806640625,-0.716535433071,0.322834645669,14581465
1314.37194824,680.292480469,0.25244140625,-0.732283464567,0.322834645669,14581470
1314.40258789,679.935180664,0.2236328125,-0.732283464567,0.322834645669,14581475
1314.37194824,679.6328125,0.177734375,-0.732283464567,0.322834645669,14581480
1314.24975586,679.412963867,0.1171875,-0.732283464567,0.322834645669,14581485
1314.06640625,679.248046875,0.02685546875,-0.732283464567,0.322834645669,14581491
1313.88305664,679.110595703,0.02685546875,-0.732283464567,0.322834645669,14581496
STROKE
-2.70809936523,677.626342773,0.13671875,-0.606299212598,0.0393700787402,14584251
-2.58587646484,677.598815918,0.14111328125,-0.590551181102,0.0236220472441,14584256
-2.46365356445,677.598815918,0.142578125,-0.574803149606,0.00787401574803,14584261
-2.37197875977,677.571350098,0.14306640625,-0.55905511811,0.00787401574803,14584266
-2.37197875977,677.571350098,0.14453125,-0.55905511811,0.00787401574803,14584271
-2.40252685547,677.488891602,0.14892578125,-0.543307086614,0.00787401574803,14584276
-2.40252685547,677.488891602,0.1591796875,-0.543307086614,-0.00787401574803,14584281
-2.40252685547,677.488891602,0.16845703125,-0.527559055118,-0.00787401574803,14584286
-2.40252685547,677.488891602,0.17822265625,-0.527559055118,-0.00787401574803,14584291
-2.40252685547,677.488891602,0.1884765625,-0.527559055118,-0.00787401574803,14584297
-2.31086730957,677.488891602,0.1982421875,-0.527559055118,-0.0236220472441,14584301
-2.21919250488,677.516357422,0.2060546875,-0.527559055118,-0.0236220472441,14584306
-2.06642150879,677.543884277,0.216796875,-0.527559055118,-0.0236220472441,14584311
-1.91363525391,677.516357422,0.22607421875,-0.543307086614,-0.0236220472441,14584316
-1.91363525391,677.516357422,0.23046875,-0.543307086614,-0.0236220472441,14584321
-1.69975280762,677.378967285,0.23046875,-0.543307086614,-0.0236220472441,14584326
-1.57752990723,677.159057617,0.22998046875,-0.543307086614,-0.0236220472441,14584331
-1.36363220215,676.801696777,0.2314453125,-0.543307086614,-0.0236220472441,14584336
-1.08863830566,676.306945801,0.23095703125,-0.543307086614,-0.0236220472441,14584340
-0.874740600586,675.757263184,0.2294921875,-0.543307086614,-0.0236220472441,14584346
-0.660842895508,675.179992676,0.2294921875,-0.543307086614,-0.0236220472441,14584352
-0.538619995117,674.657775879,0.232421875,-0.543307086614,-0.00787401574803,14584357
-0.508071899414,674.272949219,0.232421875,-0.543307086614,-0.00787401574803,14584362
-0.508071899414,673.97064209,0.23193359375,-0.543307086614,-0.00787401574803,14584366
-0.538619995117,673.723266602,0.23193359375,-0.543307086614,-0.00787401574803,14584371
-0.569183349609,673.58581543,0.23193359375,-0.543307086614,-0.00787401574803,14584376
-0.599731445312,673.448364258,0.23193359375,-0.543307086614,0.00787401574803,14584382
-0.660842895508,673.338439941,0.2314453125,-0.543307086614,0.00787401574803,14584387
-0.752517700195,673.255981445,0.2314453125,-0.543307086614,0.00787401574803,14584391
-0.844192504883,673.145996094,0.23046875,-0.543307086614,0.00787401574803,14584397
-1.02752685547,672.953613281,0.22998046875,-0.543307086614,0.00787401574803,14584402
-1.18029785156,672.816162109,0.2294921875,-0.543307086614,0.00787401574803,14584407
-1.30252075195,672.706237793,0.22900390625,-0.543307086614,0.00787401574803,14584412
-1.39419555664,672.541320801,0.22705078125,-0.543307086614,0.00787401574803,14584417
-1.48585510254,672.486328125,0.2255859375,-0.543307086614,0.00787401574803,14584422
-1.63864135742,672.431396484,0.22509765625,-0.543307086614,0.00787401574803,14584427
-1.76086425781,672.376403809,0.22412109375,-0.543307086614,0.00787401574803,14584432
-1.8830871582,672.376403809,0.22314453125,-0.543307086614,0.00787401574803,14584437
-2.00531005859,672.376403809,0.22314453125,-0.543307086614,0.00787401574803,14584442
-2.09696960449,672.458862305,0.224609375,-0.543307086614,0.00787401574803,14584447
-2.18864440918,672.541320801,0.2255859375,-0.543307086614,0.00787401574803,14584452
-2.31086730957,672.733703613,0.22705078125,-0.543307086614,0.00787401574803,14584457
-2.52476501465,673.036071777,0.228515625,-0.543307086614,0.00787401574803,14584461
-2.67753601074,673.393371582,0.22900390625,-0.543307086614,0.0236220472441,14584467
-2.89143371582,673.915649414,0.2314453125,-0.543307086614,0.0236220472441,14584471
-3.10531616211,674.492858887,0.2314453125,-0.543307086614,0.0236220472441,14584477
-3.25810241699,675.09753418,0.232421875,-0.527559055118,0.00787401574803,14584481
-3.41087341309,675.729736328,0.23388671875,-0.527559055118,0.00787401574803,14584487
-3.53309631348,676.25201416,0.234375,-0.527559055118,0.00787401574803,14584494
-3.56365966797,676.609313965,0.236328125,-0.527559055118,0.00787401574803,14584497
-3.59420776367,676.829223633,0.2392578125,-0.511811023622,0.00787401574803,14584503
-3.59420776367,676.829223633,0.24365234375,-0.511811023622,0.00787401574803,14584508
-3.59420776367,676.719238281,0.25146484375,-0.511811023622,0.00787401574803,14584518
-3.59420776367,676.609313965,0.25439453125,-0.511811023622,-0.00787401574803,14584523
-3.53309631348,676.444396973,0.2548828125,-0.511811023622,-0.00787401574803,14584527
-3.38032531738,676.169555664,0.25341796875,-0.511811023622,-0.00787401574803,14584533
-3.1664276123,675.757263184,0.25341796875,-0.511811023622,-0.00787401574803,14584538
-2.92198181152,675.09753418,0.2568359375,-0.511811023622,-0.00787401574803,14584543
-2.58587646484,674.300476074,0.255859375,-0.511811023622,-0.00787401574803,14584548
-2.24975585938,673.365905762,0.2587890625,-0.511811023622,-0.00787401574803,14584553
-2.00531005859,672.321411133,0.2587890625,-0.527559055118,0.00787401574803,14584558
-1.79141235352,671.386901855,0.2568359375,-0.527559055118,0.00787401574803,14584563
-1.69975280762,670.589782715,0.255859375,-0.527559055118,0.00787401574803,14584567
-1.69975280762,669.985046387,0.25732421875,-0.527559055118,0.00787401574803,14584573
-1.69975280762,669.46282959,0.25830078125,-0.527559055118,0.00787401574803,14584577
-1.85252380371,668.995544434,0.25830078125,-0.543307086614,0.00787401574803,14584582
-1.9747467041,668.555786133,0.2578125,-0.543307086614,0.00787401574803,14584587
-2.21919250488,668.115966797,0.25732421875,-0.543307086614,0.00787401574803,14584593
-2.49420166016,667.758666992,0.25537109375,-0.543307086614,0.00787401574803,14584598
-2.76921081543,667.483825684,0.25146484375,-0.543307086614,0.0236220472441,14584602
-3.1358795166,667.291381836,0.248046875,-0.527559055118,0.0236220472441,14584608
-3.47198486328,667.153991699,0.248046875,-0.527559055118,0.0236220472441,14584613
-3.80810546875,667.098999023,0.2470703125,-0.527559055118,0.0236220472441,14584618
-4.11366271973,667.098999023,0.24755859375,-0.527559055118,0.0236220472441,14584623
-4.388671875,667.153991699,0.24560546875,-0.527559055118,0.0236220472441,14584628
-4.63311767578,667.291381836,0.24658203125,-0.527559055118,0.0393700787402,14584633
-4.87756347656,667.56628418,0.24658203125,-0.527559055118,0.0393700787402,14584638
-5.21366882324,667.951049805,0.24951171875,-0.527559055118,0.0393700787402,14584643
-5.48867797852,668.500793457,0.25048828125,-0.527559055118,0.0393700787402,14584648
-5.88591003418,669.242919922,0.25244140625,-0.527559055118,0.0393700787402,14584653
-6.19146728516,670.067504883,0.251953125,-0.511811023622,0.0393700787402,14584658
-6.37480163574,670.919616699,0.25146484375,-0.511811023622,0.0393700787402,14584663
-6.64979553223,671.689208984,0.25341796875,-0.511811023622,0.0393700787402,14584668
-6.71090698242,672.293945312,0.2548828125,-0.511811023622,0.0393700787402,14584673
-6.80258178711,672.706237793,0.25634765625,-0.511811023622,0.0393700787402,14584678
-6.83312988281,672.981079102,0.259765625,-0.511811023622,0.0236220472441,14584682
-6.71090698242,673.173522949,0.26318359375,-0.511811023622,0.0236220472441,14584688
-6.58868408203,673.255981445,0.26708984375,-0.511811023622,0.0236220472441,14584693
-6.46646118164,673.310913086,0.2685546875,-0.511811023622,0.0236220472441,14584698
-6.25257873535,673.365905762,0.26953125,-0.511811023622,0.0236220472441,14584704
-6.03868103027,673.310913086,0.27294921875,-0.511811023622,0.0236220472441,14584709
-5.7331237793,673.255981445,0.27490234375,-0.511811023622,0.0236220472441,14584714
-5.36645507812,673.145996094,0.2763671875,-0.511811023622,0.0236220472441,14584719
-4.99978637695,672.981079102,0.2763671875,-0.511811023622,0.00787401574803,14584724
-4.57200622559,672.733703613,0.27685546875,-0.511811023622,0.00787401574803,14584729
-4.08309936523,672.458862305,0.27880859375,-0.511811023622,0.00787401574803,14584734
-3.65531921387,672.074035645,0.27978515625,-0.511811023622,0.00787401574803,14584739
-3.2886505127,671.689208984,0.27880859375,-0.511811023622,0.00787401574803,14584744
-2.92198181152,671.221984863,0.27783203125,-0.511811023622,0.00787401574803,14584749
-2.64698791504,670.617248535,0.27734375,-0.527559055118,0.00787401574803,14584754
-2.40252685547,669.84765625,0.2763671875,-0.527559055118,0.00787401574803,14584758
-2.15808105469,668.913085938,0.27587890625,-0.527559055118,0.00787401574803,14584764
-2.06642150879,667.786132812,0.27587890625,-0.527559055118,0.00787401574803,14584769
-1.9747467041,666.549255371,0.2763671875,-0.527559055118,0.0236220472441,14584774
-2.06642150879,665.284912109,0.27734375,-0.527559055118,0.0236220472441,14584779
-2.18864440918,663.993041992,0.2763671875,-0.543307086614,0.0236220472441,14584784
-2.46365356445,662.866088867,0.27490234375,-0.543307086614,0.0236220472441,14584789
-2.76921081543,661.904052734,0.27392578125,-0.543307086614,0.0236220472441,14584793
-3.10531616211,661.16192627,0.271484375,-0.527559055118,0.0236220472441,14584798
-3.53309631348,660.584716797,0.2705078125,-0.527559055118,0.0393700787402,14584803
-3.93032836914,660.144897461,0.26904296875,-0.527559055118,0.0393700787402,14584809
-4.29699707031,659.897521973,0.26611328125,-0.527559055118,0.0393700787402,14584814
-4.57200622559,659.70513916,0.26416015625,-0.527559055118,0.0393700787402,14584819
-4.78588867188,659.622680664,0.263671875,-0.527559055118,0.0393700787402,14584824
-4.78588867188,659.622680664,0.26220703125,-0.511811023622,0.0551181102362,14584829
-4.90811157227,659.622680664,0.26318359375,-0.511811023622,0.0551181102362,14584834
-4.96922302246,659.73260498,0.26611328125,-0.511811023622,0.0551181102362,14584843
-4.99978637695,660.007507324,0.2685546875,-0.511811023622,0.0551181102362,14584849
-5.09144592285,660.474731445,0.26904296875,-0.511811023622,0.0551181102362,14584855
-5.21366882324,661.106933594,0.2705078125,-0.511811023622,0.0551181102362,14584859
-5.36645507812,661.766601562,0.27197265625,-0.511811023622,0.0708661417323,14584864
-5.48867797852,662.261352539,0.2724609375,-0.511811023622,0.0708661417323,14584869
-5.58033752441,662.618713379,0.2734375,-0.511811023622,0.0708661417323,14584874
-5.6720123291,662.756103516,0.27392578125,-0.511811023622,0.0708661417323,14584878
-5.6720123291,662.756103516,0.2783203125,-0.511811023622,0.0708661417323,14584884
-5.76368713379,662.728637695,0.29296875,-0.511811023622,0.0708661417323,14584890
-5.7025604248,662.618713379,0.3017578125,-0.496062992126,0.0708661417323,14584895
-5.58033752441,662.371337891,0.30517578125,-0.496062992126,0.0708661417323,14584899
-5.30534362793,661.904052734,0.30859375,-0.496062992126,0.0551181102362,14584904
-4.90811157227,661.21685791,0.3115234375,-0.496062992126,0.0551181102362,14584909
-4.388671875,660.254882812,0.31640625,-0.496062992126,0.0551181102362,14584915
-3.77754211426,659.127929688,0.32568359375,-0.496062992126,0.0551181102362,14584920
-3.04420471191,657.918518066,0.33203125,-0.496062992126,0.0551181102362,14584925
-2.37197875977,656.709106445,0.3388671875,-0.496062992126,0.0551181102362,14584930
-1.76086425781,655.637145996,0.34033203125,-0.511811023622,0.0551181102362,14584935
-1.27197265625,654.78503418,0.34033203125,-0.511811023622,0.0551181102362,14584940
-0.996963500977,654.180358887,0.33935546875,-0.511811023622,0.0551181102362,14584945
-0.844192504883,653.768066406,0.3349609375,-0.511811023622,0.0708661417323,14584949
-0.905303955078,653.383239746,0.3056640625,-0.511811023622,0.0708661417323,14584955
-1.18029785156,652.998413086,0.24169921875,-0.511811023622,0.0708661417323,14584960
-1.79141235352,652.558654785,0.14892578125,-0.527559055118,0.0708661417323,14584965
-2.79975891113,652.201293945,0.14892578125,-0.527559055118,0.0708661417323,14584970
STROKE
