x,y,p,xt,yt,time
0,0,0,0,0,0
-584.312561035,-255.476043701,0.1044921875,0.196850393701,0.716535433071,258839764
-584.312561035,-255.668441772,0.1064453125,0.196850393701,0.716535433071,258839769
-584.312561035,-255.860855103,0.109375,0.196850393701,0.716535433071,258839774
-584.312561035,-256.025772095,0.123046875,0.196850393701,0.716535433071,258839779
-584.343109131,-256.245666504,0.1455078125,0.196850393701,0.716535433071,258839784
-584.343109131,-256.465545654,0.169921875,0.196850393701,0.716535433071,258839789
-584.373672485,-256.602981567,0.18505859375,0.196850393701,0.716535433071,258839794
-584.404220581,-256.74041748,0.19970703125,0.196850393701,0.716535433071,258839799
-584.465332031,-256.905334473,0.220703125,0.212598425197,0.716535433071,258839804
-584.495895386,-257.015289307,0.2392578125,0.212598425197,0.716535433071,258839809
-584.557006836,-257.125228882,0.25537109375,0.212598425197,0.716535433071,258839814
-584.58757019,-257.235168457,0.2705078125,0.212598425197,0.716535433071,258839819
-584.58757019,-257.235168457,0.28515625,0.212598425197,0.716535433071,258839824
-584.709793091,-257.317626953,0.2978515625,0.212598425197,0.716535433071,258839829
-584.709793091,-257.317626953,0.30712890625,0.212598425197,0.716535433071,258839834
-584.709793091,-257.317626953,0.3134765625,0.196850393701,0.716535433071,258839840
-584.709793091,-257.317626953,0.31884765625,0.196850393701,0.716535433071,258839844
-584.709793091,-257.317626953,0.322265625,0.196850393701,0.716535433071,258839850
-584.709793091,-257.317626953,0.32421875,0.196850393701,0.716535433071,258839860
-584.373672485,-257.317626953,0.32763671875,0.196850393701,0.716535433071,258839865
-583.823669434,-257.290145874,0.3408203125,0.196850393701,0.716535433071,258839870
-582.845870972,-257.152709961,0.357421875,0.196850393701,0.732283464567,258839874
-581.348648071,-256.987792969,0.37109375,0.196850393701,0.732283464567,258839880
-579.393066406,-256.877853394,0.3828125,0.196850393701,0.732283464567,258839885
-577.00970459,-256.712936401,0.39208984375,0.196850393701,0.732283464567,258839890
-574.320785522,-256.602981567,0.40234375,0.212598425197,0.732283464567,258839895
-571.448547363,-256.520523071,0.4091796875,0.196850393701,0.732283464567,258839900
-568.484619141,-256.438064575,0.41455078125,0.196850393701,0.732283464567,258839905
-565.398483276,-256.465545654,0.4169921875,0.196850393701,0.732283464567,258839910
-562.220672607,-256.520523071,0.41748046875,0.196850393701,0.732283464567,258839915
-558.828964233,-256.685440063,0.4189453125,0.196850393701,0.732283464567,258839920
-555.223373413,-256.96031189,0.4189453125,0.181102362205,0.732283464567,258839925
-551.464996338,-257.317626953,0.4208984375,0.181102362205,0.732283464567,258839930
-547.584411621,-257.812393188,0.41943359375,0.181102362205,0.716535433071,258839935
-543.764923096,-258.224685669,0.421875,0.165354330709,0.716535433071,258839940
-540.159332275,-258.636978149,0.4208984375,0.165354330709,0.716535433071,258839945
-536.82875061,-258.939331055,0.419921875,0.165354330709,0.716535433071,258839950
-533.987045288,-259.214202881,0.419921875,0.149606299213,0.716535433071,258839955
-531.634246826,-259.406600952,0.42041015625,0.133858267717,0.716535433071,258839960
-529.800888062,-259.544036865,0.4208984375,0.133858267717,0.716535433071,258839965
-528.456436157,-259.681472778,0.42041015625,0.11811023622,0.716535433071,258839970
-527.600875854,-259.763931274,0.42138671875,0.102362204724,0.700787401575,258839975
-527.142532349,-259.846389771,0.421875,0.102362204724,0.700787401575,258839980
-527.020309448,-259.928848267,0.42333984375,0.0866141732283,0.700787401575,258839985
-527.020309448,-260.011306763,0.4248046875,0.0866141732283,0.700787401575,258839990
-527.081420898,-260.121261597,0.43115234375,0.0866141732283,0.700787401575,258839995
-527.173095703,-260.203720093,0.44140625,0.0866141732283,0.700787401575,258840000
-527.173095703,-260.203720093,0.45263671875,0.0866141732283,0.700787401575,258840005
-527.295318604,-260.341140747,0.4619140625,0.0866141732283,0.700787401575,258840010
-527.295318604,-260.341140747,0.46630859375,0.0866141732283,0.700787401575,258840015
-527.417541504,-260.451095581,0.46875,0.0866141732283,0.700787401575,258840020
-527.478652954,-260.561035156,0.470703125,0.0866141732283,0.700787401575,258840025
-527.539764404,-260.67098999,0.47314453125,0.0866141732283,0.700787401575,258840030
-527.600875854,-260.753448486,0.47509765625,0.0866141732283,0.700787401575,258840035
-527.723098755,-260.835906982,0.4755859375,0.0866141732283,0.700787401575,258840046
-527.814758301,-260.835906982,0.47412109375,0.0708661417323,0.700787401575,258840055
-527.814758301,-260.835906982,0.47119140625,0.0708661417323,0.700787401575,258840065
-527.875869751,-260.753448486,0.4697265625,0.0708661417323,0.700787401575,258840071
-527.845321655,-260.506072998,0.46875,0.0708661417323,0.716535433071,258840076
-527.753646851,-260.121261597,0.46875,0.0708661417323,0.716535433071,258840081
-527.5703125,-259.516555786,0.46923828125,0.0708661417323,0.716535433071,258840086
-527.264755249,-258.8019104,0.4697265625,0.0708661417323,0.716535433071,258840091
-526.806427002,-257.922332764,0.4697265625,0.0708661417323,0.700787401575,258840096
-526.256408691,-256.877853394,0.47021484375,0.0708661417323,0.700787401575,258840101
-525.523071289,-255.723419189,0.470703125,0.0708661417323,0.700787401575,258840107
-524.667510986,-254.349090576,0.47119140625,0.0708661417323,0.700787401575,258840111
-523.689727783,-252.864822388,0.4716796875,0.0708661417323,0.700787401575,258840116
-522.650817871,-251.16065979,0.47314453125,0.0551181102362,0.700787401575,258840121
-521.611923218,-249.264099121,0.47509765625,0.0551181102362,0.700787401575,258840126
-520.48135376,-247.202606201,0.47412109375,0.0551181102362,0.700787401575,258840131
-519.350784302,-244.866256714,0.474609375,0.0551181102362,0.685039370079,258840136
-518.220214844,-242.200057983,0.4755859375,0.0551181102362,0.685039370079,258840141
-517.028549194,-239.204040527,0.47509765625,0.0551181102362,0.685039370079,258840146
-515.836868286,-235.878173828,0.474609375,0.0551181102362,0.669291338583,258840151
-514.584075928,-232.33241272,0.474609375,0.0551181102362,0.669291338583,258840156
-513.39239502,-228.731689453,0.47509765625,0.0551181102362,0.653543307087,258840161
-512.200714111,-225.07598877,0.474609375,0.0551181102362,0.653543307087,258840166
-511.100708008,-221.530227661,0.4736328125,0.0551181102362,0.637795275591,258840172
-510.1534729,-218.121902466,0.4736328125,0.0551181102362,0.637795275591,258840176
-509.328460693,-214.713577271,0.47314453125,0.0551181102362,0.622047244094,258840182
-508.809020996,-211.332733154,0.4736328125,0.0551181102362,0.606299212598,258840186
-508.41178894,-207.814468384,0.47314453125,0.0551181102362,0.606299212598,258840192
-508.22845459,-204.103790283,0.47314453125,0.0551181102362,0.590551181102,258840196
-508.259002686,-200.283172607,0.47509765625,0.0551181102362,0.590551181102,258840201
-508.41178894,-196.325119019,0.47509765625,0.0551181102362,0.574803149606,258840206
-508.717346191,-192.284606934,0.47607421875,0.0551181102362,0.55905511811,258840212
-509.175689697,-188.24407959,0.47607421875,0.0551181102362,0.543307086614,258840216
-509.725692749,-184.258544922,0.47412109375,0.0551181102362,0.543307086614,258840222
-510.336807251,-180.300491333,0.47509765625,0.0551181102362,0.527559055118,258840226
-511.039596558,-176.507354736,0.4736328125,0.0551181102362,0.527559055118,258840232
-511.742370605,-172.796676636,0.47509765625,0.0551181102362,0.511811023622,258840236
-512.475723267,-169.250915527,0.47412109375,0.0708661417323,0.511811023622,258840242
-513.270172119,-166.062484741,0.470703125,0.0708661417323,0.496062992126,258840246
-514.186843872,-163.203887939,0.46923828125,0.0708661417323,0.496062992126,258840252
-515.25630188,-160.840057373,0.46533203125,0.0708661417323,0.496062992126,258840256
-516.478530884,-158.83354187,0.46337890625,0.0708661417323,0.496062992126,258840262
-517.853546143,-157.156860352,0.4609375,0.0708661417323,0.48031496063,258840266
-519.381347656,-155.72756958,0.46044921875,0.0866141732283,0.48031496063,258840272
-521.031356812,-154.49067688,0.46142578125,0.0866141732283,0.48031496063,258840276
-522.803604126,-153.501159668,0.462890625,0.0866141732283,0.464566929134,258840282
-524.575836182,-152.759033203,0.46240234375,0.0866141732283,0.464566929134,258840286
-526.409194946,-152.154327393,0.4619140625,0.0866141732283,0.464566929134,258840292
-528.303649902,-151.851974487,0.46337890625,0.0866141732283,0.464566929134,258840297
-530.350906372,-151.742034912,0.46337890625,0.0866141732283,0.448818897638,258840303
-532.673141479,-151.824493408,0.46435546875,0.0866141732283,0.448818897638,258840307
-535.270401001,-152.181808472,0.46435546875,0.0866141732283,0.448818897638,258840312
-538.173202515,-152.786514282,0.46533203125,0.0866141732283,0.448818897638,258840317
-541.412124634,-153.583618164,0.46240234375,0.0866141732283,0.448818897638,258840322
-544.895492554,-154.600616455,0.45458984375,0.0866141732283,0.448818897638,258840327
-548.562194824,-155.837509155,0.44140625,0.102362204724,0.448818897638,258840333
-552.351119995,-157.321792603,0.43115234375,0.102362204724,0.448818897638,258840337
-556.078933716,-158.970977783,0.42626953125,0.102362204724,0.448818897638,258840343
-559.562301636,-160.922515869,0.4248046875,0.11811023622,0.464566929134,258840347
-562.648452759,-162.929031372,0.42626953125,0.11811023622,0.464566929134,258840353
-565.245697021,-164.935546875,0.42626953125,0.11811023622,0.464566929134,258840357
-567.262390137,-166.749649048,0.4267578125,0.133858267717,0.48031496063,258840362
-568.729064941,-168.233917236,0.4287109375,0.133858267717,0.48031496063,258840367
-569.706863403,-169.415847778,0.43017578125,0.133858267717,0.48031496063,258840373
-570.317977905,-170.405349731,0.43115234375,0.133858267717,0.496062992126,258840377
-570.654083252,-171.284927368,0.43115234375,0.133858267717,0.496062992126,258840383
-570.837417603,-172.054550171,0.43115234375,0.11811023622,0.496062992126,258840387
-570.867980957,-172.796676636,0.42919921875,0.11811023622,0.511811023622,258840393
-570.806869507,-173.511322021,0.419921875,0.11811023622,0.511811023622,258840397
-570.684646606,-174.225982666,0.38916015625,0.11811023622,0.511811023622,258840403
-570.440200806,-174.913131714,0.33935546875,0.11811023622,0.527559055118,258840407
-570.1040802,-175.737731934,0.26025390625,0.11811023622,0.527559055118,258840413
-569.615188599,-176.644790649,0.12060546875,0.11811023622,0.527559055118,258840417
-568.851287842,-177.744247437,0.12060546875,0.11811023622,0.527559055118,258840423
0,0,0,0,0,0
-460.286300659,-249.731369019,0.17529296875,0.11811023622,0.637795275591,258841071
-460.286300659,-250.253601074,0.17919921875,0.102362204724,0.637795275591,258841076
-460.286300659,-250.720870972,0.181640625,0.102362204724,0.637795275591,258841081
-460.347412109,-251.188140869,0.201171875,0.102362204724,0.637795275591,258841086
-460.40852356,-251.600448608,0.2353515625,0.102362204724,0.637795275591,258841091
-460.500183105,-251.957763672,0.2626953125,0.102362204724,0.653543307087,258841096
-460.59185791,-252.232635498,0.2890625,0.102362204724,0.653543307087,258841101
-460.65296936,-252.452529907,0.30517578125,0.102362204724,0.653543307087,258841107
-460.714080811,-252.589950562,0.31787109375,0.102362204724,0.653543307087,258841111
-460.714080811,-252.589950562,0.32763671875,0.102362204724,0.653543307087,258841116
-460.714080811,-252.589950562,0.333984375,0.0866141732283,0.653543307087,258841121
-460.805755615,-252.644927979,0.3359375,0.0866141732283,0.669291338583,258841126
-460.805755615,-252.644927979,0.33251953125,0.0866141732283,0.669291338583,258841136
-460.958526611,-252.452529907,0.33251953125,0.0866141732283,0.669291338583,258841142
-461.141860962,-251.98526001,0.333984375,0.0866141732283,0.669291338583,258841147
-461.416870117,-251.133178711,0.33740234375,0.0866141732283,0.669291338583,258841152
-461.752975464,-249.868789673,0.34326171875,0.0866141732283,0.669291338583,258841157
-462.027984619,-248.247085571,0.35205078125,0.0866141732283,0.669291338583,258841162
-462.241867065,-246.350524902,0.35986328125,0.0866141732283,0.669291338583,258841167
-462.364105225,-244.206573486,0.3642578125,0.0866141732283,0.669291338583,258841171
-462.302993774,-241.787765503,0.37109375,0.0866141732283,0.685039370079,258841176
-462.089096069,-239.286499023,0.37744140625,0.0866141732283,0.669291338583,258841182
-461.661315918,-236.730255127,0.3828125,0.0866141732283,0.669291338583,258841187
-461.019638062,-234.091552734,0.390625,0.0866141732283,0.669291338583,258841193
-460.164077759,-231.480331421,0.3955078125,0.0866141732283,0.653543307087,258841197
-459.216842651,-228.786651611,0.40087890625,0.0866141732283,0.653543307087,258841202
-458.147399902,-226.065490723,0.40576171875,0.0708661417323,0.653543307087,258841207
-456.955718994,-223.289352417,0.41064453125,0.0708661417323,0.637795275591,258841213
-455.641815186,-220.650650024,0.4150390625,0.0708661417323,0.637795275591,258841217
-454.205688477,-218.149383545,0.4189453125,0.0708661417323,0.622047244094,258841222
-452.677886963,-215.813034058,0.42236328125,0.0708661417323,0.606299212598,258841227
-451.027862549,-213.724060059,0.42431640625,0.0708661417323,0.606299212598,258841233
-449.347290039,-211.717544556,0.42578125,0.0708661417323,0.606299212598,258841237
-447.636169434,-209.9584198,0.4267578125,0.0708661417323,0.590551181102,258841242
-445.925048828,-208.419174194,0.427734375,0.0708661417323,0.590551181102,258841247
-444.213928223,-207.127304077,0.4287109375,0.0708661417323,0.574803149606,258841253
-442.472229004,-206.165283203,0.4287109375,0.0708661417323,0.574803149606,258841257
-440.669433594,-205.3956604,0.4296875,0.0708661417323,0.55905511811,258841262
-438.897186279,-204.900894165,0.43017578125,0.0708661417323,0.55905511811,258841267
-437.155517578,-204.680999756,0.4306640625,0.0708661417323,0.55905511811,258841272
-435.505493164,-204.626037598,0.43115234375,0.0551181102362,0.55905511811,258841277
-433.947143555,-204.873413086,0.43017578125,0.0551181102362,0.55905511811,258841282
-432.511016846,-205.423141479,0.4296875,0.0551181102362,0.55905511811,258841287
-431.074890137,-206.192764282,0.427734375,0.0551181102362,0.55905511811,258841293
-429.577667236,-207.457138062,0.42578125,0.0551181102362,0.55905511811,258841297
-428.110961914,-208.996383667,0.42431640625,0.0551181102362,0.55905511811,258841302
-426.583190918,-210.837982178,0.419921875,0.0551181102362,0.55905511811,258841308
-425.0859375,-213.06439209,0.41796875,0.0551181102362,0.55905511811,258841313
-423.649810791,-215.648117065,0.4150390625,0.0551181102362,0.55905511811,258841317
-422.335906982,-218.754089355,0.40966796875,0.0551181102362,0.55905511811,258841323
-421.113677979,-222.107437134,0.408203125,0.0551181102362,0.55905511811,258841327
-420.074768066,-225.653198242,0.4072265625,0.0551181102362,0.574803149606,258841333
-419.249755859,-229.143981934,0.40869140625,0.0551181102362,0.574803149606,258841337
-418.669219971,-232.33241272,0.40869140625,0.0393700787402,0.574803149606,258841343
-418.30255127,-235.273468018,0.41015625,0.0393700787402,0.590551181102,258841347
-418.088653564,-237.884689331,0.41455078125,0.0393700787402,0.590551181102,258841353
-418.027526855,-240.138580322,0.4228515625,0.0393700787402,0.590551181102,258841358
-418.088653564,-241.980178833,0.4384765625,0.0393700787402,0.606299212598,258841363
-418.241424561,-243.436950684,0.455078125,0.0393700787402,0.606299212598,258841368
-418.516418457,-244.536422729,0.46484375,0.0393700787402,0.606299212598,258841373
-418.852539062,-245.36100769,0.47900390625,0.0393700787402,0.606299212598,258841378
-419.188659668,-245.99319458,0.49560546875,0.0393700787402,0.606299212598,258841383
-419.524780273,-246.542922974,0.50927734375,0.0393700787402,0.606299212598,258841388
-419.769226074,-246.872772217,0.51806640625,0.0393700787402,0.606299212598,258841393
-419.952545166,-247.092666626,0.521484375,0.0393700787402,0.622047244094,258841398
-420.074768066,-247.202606201,0.52197265625,0.0393700787402,0.622047244094,258841403
-420.074768066,-247.202606201,0.52001953125,0.0393700787402,0.622047244094,258841408
-420.166442871,-247.120147705,0.5166015625,0.0393700787402,0.606299212598,258841413
-420.196990967,-246.845275879,0.51611328125,0.0393700787402,0.606299212598,258841418
-420.319213867,-246.268066406,0.5166015625,0.0393700787402,0.606299212598,258841423
-420.441436768,-245.251068115,0.517578125,0.0393700787402,0.606299212598,258841428
-420.563659668,-243.739303589,0.51708984375,0.0393700787402,0.606299212598,258841433
-420.624786377,-241.760284424,0.5166015625,0.0393700787402,0.606299212598,258841438
-420.472015381,-239.313980103,0.51806640625,0.0393700787402,0.606299212598,258841443
-420.135894775,-236.620300293,0.51806640625,0.0393700787402,0.606299212598,258841448
-419.555328369,-233.706741333,0.51806640625,0.0393700787402,0.590551181102,258841453
-418.760864258,-230.765686035,0.5185546875,0.0393700787402,0.590551181102,258841458
-417.783081055,-227.852111816,0.5185546875,0.0393700787402,0.590551181102,258841463
-416.713623047,-225.021011353,0.52001953125,0.0393700787402,0.590551181102,258841468
-415.552520752,-222.244873047,0.5185546875,0.0393700787402,0.590551181102,258841474
-414.421936035,-219.633651733,0.52001953125,0.0393700787402,0.590551181102,258841478
-413.230255127,-217.104904175,0.5205078125,0.0236220472441,0.590551181102,258841483
-412.038574219,-214.686080933,0.5205078125,0.0236220472441,0.590551181102,258841488
-410.785797119,-212.432189941,0.521484375,0.0236220472441,0.574803149606,258841493
-409.502441406,-210.205795288,0.52099609375,0.0236220472441,0.574803149606,258841499
-408.249664307,-208.144302368,0.5205078125,0.0236220472441,0.574803149606,258841504
-406.996856689,-206.247741699,0.5224609375,0.0236220472441,0.55905511811,258841508
-405.805175781,-204.516082764,0.52197265625,0.00787401574803,0.55905511811,258841514
-404.552398682,-203.004333496,0.5224609375,0.00787401574803,0.55905511811,258841519
-403.269042969,-201.657485962,0.5224609375,0.00787401574803,0.543307086614,258841524
-401.95513916,-200.530548096,0.5234375,0.00787401574803,0.543307086614,258841529
-400.58013916,-199.568511963,0.5244140625,0.00787401574803,0.543307086614,258841533
-399.266235352,-198.826385498,0.52490234375,0.00787401574803,0.527559055118,258841539
-397.982879639,-198.38659668,0.52490234375,0.00787401574803,0.527559055118,258841544
-396.852325439,-198.111740112,0.5244140625,0.00787401574803,0.527559055118,258841549
-395.874542236,-198.001785278,0.52099609375,0.00787401574803,0.527559055118,258841554
-395.049530029,-197.974304199,0.5078125,0.00787401574803,0.527559055118,258841559
-394.438415527,-197.974304199,0.482421875,0.00787401574803,0.527559055118,258841564
-393.980072021,-198.001785278,0.45166015625,0.00787401574803,0.511811023622,258841569
-393.643951416,-198.084243774,0.41943359375,0.0236220472441,0.511811023622,258841574
-393.460632324,-198.194198608,0.37890625,0.0236220472441,0.511811023622,258841579
-393.338409424,-198.276657104,0.32666015625,0.0236220472441,0.511811023622,258841584
-393.216186523,-198.524032593,0.25341796875,0.0236220472441,0.511811023622,258841589
-393.124511719,-198.798904419,0.16064453125,0.0236220472441,0.511811023622,258841594
-392.971740723,-199.211196899,0.08544921875,0.0236220472441,0.511811023622,258841599
-392.757843018,-199.843383789,0.08544921875,0.0236220472441,0.511811023622,258841604
0,0,0,0,0,0
-338.398956299,-222.162414551,0.21240234375,0.0393700787402,0.622047244094,258842107
-338.276733398,-221.310333252,0.21533203125,0.0393700787402,0.606299212598,258842113
-338.154510498,-220.678146362,0.21630859375,0.0393700787402,0.606299212598,258842117
-337.940612793,-220.018463135,0.22119140625,0.0393700787402,0.590551181102,258842122
-337.696166992,-219.331298828,0.24560546875,0.0393700787402,0.590551181102,258842127
-337.451721191,-218.616653442,0.26904296875,0.0393700787402,0.574803149606,258842133
-337.115600586,-217.902008057,0.291015625,0.0393700787402,0.574803149606,258842137
-336.748931885,-217.21484375,0.3173828125,0.0393700787402,0.574803149606,258842142
-336.229492188,-216.500198364,0.34375,0.0393700787402,0.574803149606,258842147
-335.526702881,-215.813034058,0.3642578125,0.0393700787402,0.55905511811,258842153
-334.579467773,-215.098388672,0.384765625,0.0393700787402,0.55905511811,258842157
-333.448913574,-214.576141357,0.404296875,0.0393700787402,0.55905511811,258842162
-332.104431152,-214.163848877,0.42138671875,0.0236220472441,0.55905511811,258842167
-330.637756348,-213.998931885,0.44140625,0.0236220472441,0.55905511811,258842173
-329.109954834,-214.081390381,0.4541015625,0.0236220472441,0.55905511811,258842177
-327.551605225,-214.356246948,0.4638671875,0.0236220472441,0.55905511811,258842182
-325.993255615,-214.905975342,0.4697265625,0.0236220472441,0.55905511811,258842187
-324.40435791,-215.620635986,0.4736328125,0.0236220472441,0.55905511811,258842193
-322.876556396,-216.527679443,0.47509765625,0.0236220472441,0.55905511811,258842197
-321.3487854,-217.682113647,0.4775390625,0.0236220472441,0.55905511811,258842202
-319.912658691,-219.08392334,0.47998046875,0.0236220472441,0.55905511811,258842207
-318.598754883,-220.705627441,0.48193359375,0.0236220472441,0.55905511811,258842213
-317.407073975,-222.574707031,0.48291015625,0.0236220472441,0.55905511811,258842217
-316.337615967,-224.66368103,0.48388671875,0.00787401574803,0.55905511811,258842223
-315.329284668,-226.835113525,0.484375,0.00787401574803,0.55905511811,258842227
-314.443145752,-229.198959351,0.48486328125,0.00787401574803,0.55905511811,258842233
-313.52645874,-231.590286255,0.48486328125,0.00787401574803,0.55905511811,258842237
-312.548675537,-234.036575317,0.48486328125,0.00787401574803,0.55905511811,258842243
-311.570892334,-236.482879639,0.48388671875,0.00787401574803,0.55905511811,258842247
-310.47088623,-238.846710205,0.48193359375,0.00787401574803,0.574803149606,258842253
-309.401428223,-241.21055603,0.4775390625,0.00787401574803,0.574803149606,258842258
-308.362518311,-243.546905518,0.47412109375,0.00787401574803,0.574803149606,258842263
-307.29309082,-245.828277588,0.46728515625,0.00787401574803,0.574803149606,258842268
-306.345855713,-248.137145996,0.45751953125,0.00787401574803,0.574803149606,258842273
-305.429168701,-250.391036987,0.451171875,0.00787401574803,0.574803149606,258842278
-304.573608398,-252.699905396,0.4423828125,0.00787401574803,0.574803149606,258842283
-303.870819092,-255.063735962,0.4365234375,0.00787401574803,0.590551181102,258842288
-303.290252686,-257.482559204,0.42919921875,0.00787401574803,0.590551181102,258842293
-302.893035889,-260.038803101,0.42236328125,0.00787401574803,0.606299212598,258842298
-302.709686279,-262.595046997,0.41796875,0.00787401574803,0.606299212598,258842303
-302.648590088,-265.151275635,0.41552734375,0.00787401574803,0.622047244094,258842308
-302.740264893,-267.625061035,0.41357421875,0.00787401574803,0.622047244094,258842313
-302.923583984,-269.878952026,0.41259765625,-0.00787401574803,0.637795275591,258842318
-303.25970459,-271.885467529,0.4130859375,-0.00787401574803,0.653543307087,258842323
-303.656921387,-273.452209473,0.41357421875,-0.00787401574803,0.653543307087,258842328
-304.023590088,-274.55166626,0.41357421875,-0.00787401574803,0.653543307087,258842333
-304.298614502,-275.211349487,0.4130859375,-0.00787401574803,0.669291338583,258842338
-304.481933594,-275.486206055,0.4111328125,-0.00787401574803,0.669291338583,258842343
-304.665283203,-275.513687134,0.408203125,-0.00787401574803,0.669291338583,258842348
-305.001373291,-275.238830566,0.4072265625,-0.00787401574803,0.685039370079,258842354
-305.643066406,-274.689102173,0.40673828125,-0.00787401574803,0.685039370079,258842358
-306.5597229,-273.699584961,0.40478515625,-0.0236220472441,0.685039370079,258842363
-307.720855713,-272.325256348,0.404296875,-0.0236220472441,0.685039370079,258842368
-309.065307617,-270.566116333,0.40478515625,-0.0236220472441,0.685039370079,258842373
-310.501434326,-268.422180176,0.4052734375,-0.0236220472441,0.685039370079,258842378
-312.059783936,-265.948394775,0.40625,-0.0236220472441,0.685039370079,258842384
-313.648712158,-263.089797974,0.40771484375,-0.0236220472441,0.685039370079,258842388
-315.268157959,-259.901367188,0.40869140625,-0.0236220472441,0.685039370079,258842394
-316.826507568,-256.520523071,0.4091796875,-0.0236220472441,0.669291338583,258842398
-318.232086182,-253.057220459,0.41064453125,-0.0236220472441,0.669291338583,258842404
-319.362640381,-249.593933105,0.4111328125,-0.00787401574803,0.669291338583,258842409
-320.126525879,-246.158111572,0.41015625,-0.00787401574803,0.653543307087,258842413
-320.554321289,-242.584869385,0.41015625,-0.00787401574803,0.653543307087,258842418
-320.737670898,-238.874206543,0.4111328125,-0.00787401574803,0.637795275591,258842424
-320.615447998,-234.943634033,0.4130859375,-0.00787401574803,0.622047244094,258842429
-320.371002197,-230.848144531,0.41943359375,-0.00787401574803,0.622047244094,258842433
-320.034881592,-226.697677612,0.427734375,-0.00787401574803,0.606299212598,258842439
-319.515411377,-222.684661865,0.43310546875,-0.00787401574803,0.606299212598,258842444
-318.934875488,-218.891525269,0.4384765625,-0.00787401574803,0.590551181102,258842449
-318.293182373,-215.318283081,0.44482421875,-0.00787401574803,0.590551181102,258842454
-317.498748779,-211.992416382,0.4501953125,0.00787401574803,0.574803149606,258842459
-316.612609863,-208.694030762,0.45361328125,0.00787401574803,0.574803149606,258842464
-315.604278564,-205.450622559,0.45751953125,0.00787401574803,0.55905511811,258842469
-314.412597656,-202.28968811,0.4580078125,0.00787401574803,0.55905511811,258842474
-313.037567139,-199.266174316,0.4599609375,0.00787401574803,0.55905511811,258842479
-311.479217529,-196.435058594,0.46142578125,0.00787401574803,0.543307086614,258842484
-309.645874023,-193.768875122,0.462890625,0.00787401574803,0.527559055118,258842489
-307.506958008,-191.35005188,0.46435546875,0.00787401574803,0.527559055118,258842494
-305.093048096,-189.233596802,0.4658203125,0.00787401574803,0.511811023622,258842499
-302.404144287,-187.419494629,0.4658203125,0.00787401574803,0.511811023622,258842504
-299.531890869,-186.017684937,0.46728515625,0.00787401574803,0.496062992126,258842509
-296.476287842,-184.890731812,0.4677734375,0.00787401574803,0.496062992126,258842514
-293.390167236,-184.038650513,0.46826171875,0.0236220472441,0.48031496063,258842519
-290.365112305,-183.406463623,0.46923828125,0.0236220472441,0.48031496063,258842525
-287.492889404,-183.021652222,0.4697265625,0.0236220472441,0.48031496063,258842529
-284.865081787,-182.719299316,0.46923828125,0.00787401574803,0.48031496063,258842534
-282.512268066,-182.526901245,0.46875,0.00787401574803,0.48031496063,258842539
-280.43447876,-182.416946411,0.46875,0.00787401574803,0.48031496063,258842545
-278.662231445,-182.334487915,0.46875,0.00787401574803,0.48031496063,258842549
-277.195556641,-182.334487915,0.46875,0.00787401574803,0.48031496063,258842554
-275.973327637,-182.334487915,0.46875,0.00787401574803,0.48031496063,258842559
-274.995513916,-182.361984253,0.46923828125,0.00787401574803,0.48031496063,258842564
-274.139953613,-182.361984253,0.46923828125,0.00787401574803,0.48031496063,258842569
-273.437164307,-182.416946411,0.46875,0.00787401574803,0.48031496063,258842575
-272.826049805,-182.499404907,0.4677734375,-0.00787401574803,0.48031496063,258842579
-272.276062012,-182.63684082,0.46630859375,-0.00787401574803,0.48031496063,258842584
-271.909393311,-182.719299316,0.4609375,-0.00787401574803,0.48031496063,258842589
-271.573272705,-182.884216309,0.44970703125,-0.00787401574803,0.48031496063,258842594
-271.359375,-182.966674805,0.43408203125,0.00787401574803,0.48031496063,258842600
-271.267700195,-183.049133301,0.41455078125,0.00787401574803,0.48031496063,258842605
-271.176055908,-183.186569214,0.38720703125,0.00787401574803,0.48031496063,258842610
-271.176055908,-183.351486206,0.34130859375,0.00787401574803,0.48031496063,258842615
-271.176055908,-183.598861694,0.2685546875,0.00787401574803,0.48031496063,258842620
-271.267700195,-183.928710938,0.17724609375,0.00787401574803,0.48031496063,258842625
-271.389923096,-184.286026001,0.0927734375,0.00787401574803,0.48031496063,258842630
-271.542724609,-184.69833374,0.0927734375,0.00787401574803,0.48031496063,258842635
0,0,0,0,0,0
-209.911529541,-261.93536377,0.255859375,-0.0236220472441,0.622047244094,258843183
-209.911529541,-262.292694092,0.25439453125,-0.0236220472441,0.622047244094,258843188
-209.942077637,-262.54006958,0.23876953125,-0.0236220472441,0.622047244094,258843193
-209.97265625,-262.677505493,0.2373046875,-0.0236220472441,0.637795275591,258843198
-210.033752441,-262.814926147,0.2353515625,-0.0393700787402,0.637795275591,258843203
-210.033752441,-262.814926147,0.2333984375,-0.0393700787402,0.637795275591,258843208
-210.125427246,-262.677505493,0.23486328125,-0.0393700787402,0.637795275591,258843213
-210.217102051,-262.34765625,0.23876953125,-0.0393700787402,0.653543307087,258843218
-210.278198242,-261.770446777,0.24951171875,-0.0393700787402,0.653543307087,258843223
-210.369873047,-260.918365479,0.25830078125,-0.0551181102362,0.653543307087,258843228
-210.430969238,-259.763931274,0.265625,-0.0551181102362,0.653543307087,258843233
-210.492095947,-258.362121582,0.28076171875,-0.0551181102362,0.653543307087,258843238
-210.522644043,-256.602981567,0.30322265625,-0.0551181102362,0.653543307087,258843244
-210.553192139,-254.514007568,0.32470703125,-0.0551181102362,0.653543307087,258843248
-210.583770752,-252.20513916,0.34033203125,-0.0551181102362,0.653543307087,258843253
-210.522644043,-249.676391602,0.3486328125,-0.0551181102362,0.637795275591,258843258
-210.430969238,-247.010192871,0.35888671875,-0.0551181102362,0.637795275591,258843263
-210.278198242,-244.179092407,0.36865234375,-0.0551181102362,0.637795275591,258843268
-210.09487915,-241.128097534,0.37890625,-0.0551181102362,0.622047244094,258843273
-210.003204346,-237.829711914,0.38427734375,-0.0551181102362,0.622047244094,258843278
-209.789306641,-234.338928223,0.3916015625,-0.0551181102362,0.622047244094,258843283
-209.514312744,-230.793167114,0.39697265625,-0.0551181102362,0.606299212598,258843288
-209.055969238,-227.302383423,0.40234375,-0.0551181102362,0.606299212598,258843293
-208.383728027,-224.05897522,0.40576171875,-0.0393700787402,0.590551181102,258843299
-207.589294434,-221.14541626,0.40771484375,-0.0393700787402,0.590551181102,258843304
-206.61151123,-218.561676025,0.40966796875,-0.0393700787402,0.590551181102,258843309
-205.480926514,-216.307785034,0.41064453125,-0.0393700787402,0.574803149606,258843313
-204.105926514,-214.191329956,0.4130859375,-0.0393700787402,0.574803149606,258843319
-202.517028809,-212.184814453,0.4150390625,-0.0393700787402,0.574803149606,258843323
-200.714233398,-210.315734863,0.4169921875,-0.0393700787402,0.55905511811,258843328
-198.728088379,-208.556594849,0.4189453125,-0.0393700787402,0.55905511811,258843333
-196.589172363,-206.989868164,0.4208984375,-0.0393700787402,0.55905511811,258843339
-194.389160156,-205.725494385,0.423828125,-0.0393700787402,0.543307086614,258843343
-192.066894531,-204.708496094,0.42919921875,-0.0393700787402,0.543307086614,258843349
-189.714111328,-203.883895874,0.43408203125,-0.0236220472441,0.527559055118,258843354
-187.239074707,-203.33416748,0.4404296875,-0.0236220472441,0.527559055118,258843359
-184.672363281,-202.976837158,0.447265625,-0.0236220472441,0.527559055118,258843364
-182.014038086,-202.811920166,0.455078125,-0.0236220472441,0.527559055118,258843369
-179.355651855,-202.784439087,0.4599609375,-0.0236220472441,0.527559055118,258843374
-176.789001465,-202.894378662,0.46240234375,-0.0236220472441,0.527559055118,258843379
-174.405639648,-203.169250488,0.46337890625,-0.0236220472441,0.511811023622,258843384
-172.388916016,-203.526580811,0.46337890625,-0.0236220472441,0.511811023622,258843389
-170.800048828,-203.96635437,0.46435546875,-0.0236220472441,0.511811023622,258843394
-169.73059082,-204.433624268,0.46337890625,-0.0236220472441,0.511811023622,258843399
-169.088867188,-204.900894165,0.46142578125,-0.0236220472441,0.511811023622,258843404
-168.752807617,-205.423141479,0.45263671875,-0.0236220472441,0.511811023622,258843409
-168.722229004,-206.055328369,0.42919921875,-0.0236220472441,0.511811023622,258843414
-168.875,-206.742492676,0.388671875,-0.0236220472441,0.511811023622,258843419
-169.272216797,-207.512115479,0.345703125,-0.0236220472441,0.511811023622,258843424
-169.944458008,-208.281738281,0.291015625,-0.0236220472441,0.511811023622,258843429
-170.769470215,-209.078842163,0.1904296875,-0.0236220472441,0.511811023622,258843434
-171.686157227,-209.875946045,0.06689453125,-0.0236220472441,0.511811023622,258843439
-172.602844238,-210.618087769,0.06689453125,-0.0236220472441,0.511811023622,258843444
0,0,0,0,0,0
-126.188476562,-240.853225708,0.173828125,0.00787401574803,0.590551181102,258843816
-126.249572754,-240.358474731,0.17578125,0.00787401574803,0.590551181102,258843822
-126.310668945,-239.891204834,0.1796875,0.00787401574803,0.590551181102,258843826
-126.310668945,-239.451416016,0.20361328125,0.00787401574803,0.574803149606,258843831
-126.188476562,-238.901687622,0.2265625,0.00787401574803,0.574803149606,258843836
-126.005126953,-238.406921387,0.2470703125,0.00787401574803,0.574803149606,258843842
-125.669006348,-237.91217041,0.2724609375,0.00787401574803,0.574803149606,258843846
-125.210693359,-237.417419434,0.29443359375,0.00787401574803,0.574803149606,258843851
-124.59954834,-236.977630615,0.3115234375,0.00787401574803,0.574803149606,258843856
-123.805114746,-236.537841797,0.32861328125,-0.00787401574803,0.574803149606,258843862
-122.888427734,-236.208007812,0.341796875,-0.00787401574803,0.574803149606,258843866
-121.788391113,-236.015609741,0.35498046875,-0.00787401574803,0.574803149606,258843872
-120.596740723,-235.960632324,0.36572265625,-0.00787401574803,0.574803149606,258843877
-119.313415527,-236.070571899,0.37255859375,-0.00787401574803,0.574803149606,258843882
-117.877258301,-236.345443726,0.3759765625,-0.00787401574803,0.574803149606,258843886
-116.380004883,-236.812713623,0.37890625,-0.00787401574803,0.574803149606,258843892
-114.760559082,-237.389923096,0.38037109375,-0.00787401574803,0.574803149606,258843897
-113.141113281,-238.187042236,0.3818359375,-0.00787401574803,0.574803149606,258843903
-111.52166748,-239.094085693,0.38330078125,-0.00787401574803,0.574803149606,258843907
-109.932739258,-240.056121826,0.38671875,-0.00787401574803,0.574803149606,258843913
-108.588256836,-241.0181427,0.3916015625,-0.00787401574803,0.574803149606,258843917
-107.427185059,-241.870223999,0.3974609375,-0.00787401574803,0.574803149606,258843922
-106.541015625,-242.612365723,0.40625,-0.00787401574803,0.574803149606,258843927
-105.929931641,-243.272033691,0.4140625,-0.0236220472441,0.574803149606,258843933
-105.441040039,-243.876739502,0.419921875,-0.0236220472441,0.574803149606,258843937
-105.135437012,-244.536422729,0.4228515625,-0.0236220472441,0.574803149606,258843942
-104.860473633,-245.168609619,0.423828125,-0.0236220472441,0.574803149606,258843947
-104.707702637,-245.910736084,0.42431640625,-0.0236220472441,0.574803149606,258843952
-104.707702637,-246.707855225,0.42431640625,-0.0236220472441,0.574803149606,258843957
-104.82989502,-247.504959106,0.423828125,-0.0236220472441,0.574803149606,258843962
-105.104919434,-248.384521484,0.423828125,-0.0236220472441,0.574803149606,258843967
-105.50213623,-249.319061279,0.4228515625,-0.0236220472441,0.574803149606,258843973
-106.021606445,-250.226119995,0.421875,-0.0236220472441,0.574803149606,258843977
-106.63269043,-251.105682373,0.42138671875,-0.0236220472441,0.590551181102,258843983
-107.457702637,-251.875305176,0.41845703125,-0.0236220472441,0.590551181102,258843987
-108.404968262,-252.39755249,0.4169921875,-0.0236220472441,0.590551181102,258843993
-109.504943848,-252.782363892,0.4140625,-0.0236220472441,0.590551181102,258843997
-110.818847656,-252.864822388,0.4111328125,-0.0236220472441,0.590551181102,258844003
-112.193847656,-252.644927979,0.41015625,-0.0236220472441,0.590551181102,258844007
-113.752197266,-252.067718506,0.40966796875,-0.0236220472441,0.606299212598,258844013
-115.493896484,-251.105682373,0.40869140625,-0.0236220472441,0.606299212598,258844017
-117.357788086,-249.758850098,0.40966796875,-0.0236220472441,0.606299212598,258844023
-119.405029297,-248.027206421,0.4111328125,-0.0236220472441,0.606299212598,258844027
-121.543945312,-246.048171997,0.4111328125,-0.0236220472441,0.590551181102,258844033
-123.621765137,-243.766799927,0.416015625,-0.0236220472441,0.590551181102,258844037
-125.577331543,-241.238037109,0.423828125,-0.0236220472441,0.590551181102,258844043
-127.196777344,-238.626815796,0.4326171875,-0.0236220472441,0.590551181102,258844047
-128.38848877,-235.850692749,0.439453125,-0.0236220472441,0.590551181102,258844053
-129.121826172,-233.074554443,0.443359375,-0.00787401574803,0.574803149606,258844057
-129.335693359,-230.380874634,0.44775390625,-0.00787401574803,0.574803149606,258844063
-129.121826172,-227.632232666,0.451171875,-0.00787401574803,0.574803149606,258844068
-128.571838379,-224.993515015,0.45263671875,-0.00787401574803,0.55905511811,258844073
-127.746826172,-222.38230896,0.4541015625,-0.00787401574803,0.55905511811,258844078
-126.646789551,-219.963500977,0.45654296875,-0.00787401574803,0.55905511811,258844083
-125.332885742,-217.709609985,0.45849609375,-0.00787401574803,0.55905511811,258844088
-123.774536133,-215.538162231,0.4599609375,-0.00787401574803,0.543307086614,258844093
-121.910644531,-213.559143066,0.46240234375,-0.00787401574803,0.543307086614,258844098
-119.771728516,-211.580108643,0.46484375,0.00787401574803,0.543307086614,258844103
-117.357788086,-209.711029053,0.4677734375,0.00787401574803,0.543307086614,258844108
-114.638366699,-208.006866455,0.4697265625,0.00787401574803,0.527559055118,258844114
-111.552185059,-206.577575684,0.47314453125,0.00787401574803,0.527559055118,258844118
-108.099365234,-205.368164062,0.4755859375,0.00787401574803,0.527559055118,258844123
-104.279907227,-204.378662109,0.478515625,0.00787401574803,0.511811023622,258844128
-100.277099609,-203.609039307,0.47900390625,0.00787401574803,0.511811023622,258844134
-96.1214599609,-202.949356079,0.47900390625,0.00787401574803,0.511811023622,258844138
-92.0269775391,-202.482086182,0.4794921875,0.00787401574803,0.511811023622,258844143
-88.2075195312,-202.124755859,0.4794921875,0.00787401574803,0.511811023622,258844148
-84.7241210938,-201.877380371,0.47998046875,-0.00787401574803,0.496062992126,258844153
-81.729675293,-201.739944458,0.4794921875,-0.00787401574803,0.496062992126,258844158
-79.1629638672,-201.630004883,0.4794921875,-0.00787401574803,0.496062992126,258844163
-76.9323730469,-201.547546387,0.47998046875,-0.00787401574803,0.496062992126,258844168
-75.0073852539,-201.465087891,0.4794921875,-0.0236220472441,0.496062992126,258844174
-73.3573608398,-201.410110474,0.4794921875,-0.0236220472441,0.496062992126,258844178
-72.012878418,-201.382629395,0.478515625,-0.0236220472441,0.496062992126,258844183
-71.0656738281,-201.437606812,0.47412109375,-0.0393700787402,0.496062992126,258844188
-70.4545288086,-201.49256897,0.46630859375,-0.0393700787402,0.496062992126,258844194
-70.1489868164,-201.602523804,0.45556640625,-0.0393700787402,0.496062992126,258844198
-69.965637207,-201.6849823,0.43701171875,-0.0393700787402,0.496062992126,258844203
-69.8740234375,-201.794921875,0.408203125,-0.0393700787402,0.48031496063,258844208
-69.8128662109,-201.904876709,0.37060546875,-0.0236220472441,0.48031496063,258844214
-69.7211914062,-202.042297363,0.3271484375,-0.0236220472441,0.48031496063,258844219
-69.6906738281,-202.207229614,0.27001953125,-0.0236220472441,0.48031496063,258844223
-69.7517700195,-202.317169189,0.2119140625,-0.0236220472441,0.496062992126,258844228
-69.8434448242,-202.454605103,0.15478515625,-0.0236220472441,0.496062992126,258844234
-70.0573120117,-202.537063599,0.11083984375,-0.0236220472441,0.496062992126,258844239
-70.4545288086,-202.619522095,0.05615234375,-0.0236220472441,0.496062992126,258844243
-70.9739990234,-202.647003174,0.05615234375,-0.0236220472441,0.496062992126,258844249
0,0,0,0,0,0
