x,y,p,xt,yt,time
0,0,0,0,0,0
-607.473907471,-259.626495361,0.2724609375,0.149606299213,0.748031496063,258952655
-607.443359375,-259.461578369,0.28125,0.165354330709,0.763779527559,258952660
-607.321136475,-259.406600952,0.28125,0.165354330709,0.763779527559,258952665
-607.16835022,-259.379119873,0.28076171875,0.165354330709,0.763779527559,258952670
-607.046127319,-259.324142456,0.28369140625,0.165354330709,0.763779527559,258952675
-606.893356323,-259.296661377,0.29150390625,0.165354330709,0.779527559055,258952680
-606.618347168,-259.214202881,0.2998046875,0.181102362205,0.779527559055,258952685
-606.037780762,-259.131744385,0.31298828125,0.181102362205,0.779527559055,258952690
-604.968322754,-259.104248047,0.3232421875,0.181102362205,0.779527559055,258952695
-603.501647949,-259.076766968,0.33447265625,0.181102362205,0.779527559055,258952701
-601.484954834,-259.131744385,0.34912109375,0.181102362205,0.779527559055,258952705
-598.948822021,-259.186721802,0.36328125,0.181102362205,0.763779527559,258952710
-596.107131958,-259.214202881,0.37451171875,0.165354330709,0.763779527559,258952715
-592.929321289,-259.269180298,0.3857421875,0.165354330709,0.763779527559,258952720
-589.56817627,-259.324142456,0.39404296875,0.165354330709,0.763779527559,258952725
-586.115356445,-259.43409729,0.3994140625,0.149606299213,0.763779527559,258952731
-582.570877075,-259.571533203,0.40576171875,0.149606299213,0.763779527559,258952735
-579.026397705,-259.736450195,0.40869140625,0.149606299213,0.748031496063,258952740
-575.543029785,-259.956329346,0.40966796875,0.133858267717,0.748031496063,258952745
-572.242996216,-260.203720093,0.41064453125,0.133858267717,0.748031496063,258952751
-569.156845093,-260.506072998,0.41162109375,0.133858267717,0.748031496063,258952756
-566.315155029,-260.835906982,0.412109375,0.133858267717,0.748031496063,258952760
-563.779022217,-261.165740967,0.4130859375,0.11811023622,0.748031496063,258952766
-561.487335205,-261.468093872,0.4140625,0.11811023622,0.748031496063,258952771
-559.53175354,-261.742965698,0.41357421875,0.11811023622,0.748031496063,258952775
-557.91229248,-261.962844849,0.41357421875,0.11811023622,0.748031496063,258952781
-556.720611572,-262.100280762,0.41455078125,0.11811023622,0.748031496063,258952786
-555.92616272,-262.210235596,0.41552734375,0.11811023622,0.748031496063,258952790
-555.437271118,-262.237716675,0.42041015625,0.11811023622,0.748031496063,258952796
-555.253936768,-262.292694092,0.4296875,0.11811023622,0.748031496063,258952800
-555.162261963,-262.34765625,0.44189453125,0.11811023622,0.748031496063,258952806
-555.162261963,-262.34765625,0.455078125,0.11811023622,0.748031496063,258952811
-555.162261963,-262.34765625,0.46875,0.11811023622,0.748031496063,258952816
-555.162261963,-262.34765625,0.482421875,0.11811023622,0.748031496063,258952821
-555.162261963,-262.34765625,0.4951171875,0.11811023622,0.748031496063,258952826
-555.162261963,-262.34765625,0.5048828125,0.11811023622,0.748031496063,258952831
-555.162261963,-262.34765625,0.509765625,0.11811023622,0.748031496063,258952836
-555.131713867,-262.430114746,0.51171875,0.102362204724,0.748031496063,258952846
-555.131713867,-262.430114746,0.5078125,0.102362204724,0.748031496063,258952856
-555.040039062,-262.292694092,0.50634765625,0.102362204724,0.748031496063,258952861
-554.734481812,-261.962844849,0.5068359375,0.102362204724,0.748031496063,258952866
-554.031692505,-261.330657959,0.50927734375,0.102362204724,0.748031496063,258952871
-552.748352051,-260.341140747,0.5107421875,0.102362204724,0.748031496063,258952876
-550.853881836,-258.8019104,0.51416015625,0.102362204724,0.732283464567,258952881
-548.164962769,-256.822875977,0.5146484375,0.102362204724,0.732283464567,258952886
-544.834381104,-254.376571655,0.515625,0.0866141732283,0.732283464567,258952891
-540.953781128,-251.490493774,0.51513671875,0.0866141732283,0.732283464567,258952896
-536.523178101,-248.219604492,0.51416015625,0.0866141732283,0.732283464567,258952901
-532.031478882,-244.508926392,0.515625,0.0708661417323,0.732283464567,258952906
-527.63142395,-240.440933228,0.5146484375,0.0551181102362,0.716535433071,258952911
-523.506393433,-236.098068237,0.51318359375,0.0393700787402,0.716535433071,258952916
-519.900787354,-231.535308838,0.5126953125,0.0236220472441,0.700787401575,258952921
-516.692428589,-226.890090942,0.51318359375,0.0236220472441,0.685039370079,258952926
-513.881286621,-222.492248535,0.51171875,0.00787401574803,0.669291338583,258952931
-511.375701904,-218.259338379,0.5087890625,0.00787401574803,0.669291338583,258952936
-509.175689697,-214.136352539,0.50390625,-0.00787401574803,0.653543307087,258952941
-507.250671387,-210.095840454,0.5029296875,-0.00787401574803,0.637795275591,258952946
-505.570098877,-205.780471802,0.5,-0.00787401574803,0.622047244094,258952951
-504.164520264,-201.327651978,0.49658203125,-0.0236220472441,0.590551181102,258952956
-503.033950806,-196.70993042,0.49609375,-0.0236220472441,0.574803149606,258952961
-502.147842407,-192.037216187,0.494140625,-0.00787401574803,0.574803149606,258952966
-501.628387451,-187.364517212,0.49267578125,-0.00787401574803,0.55905511811,258952971
-501.536712646,-182.691818237,0.4873046875,-0.00787401574803,0.543307086614,258952976
-501.903381348,-178.156539917,0.48388671875,-0.00787401574803,0.543307086614,258952981
-502.606170654,-173.648757935,0.48291015625,0.00787401574803,0.527559055118,258952987
-503.736740112,-169.278411865,0.48193359375,0.00787401574803,0.527559055118,258952991
-505.142303467,-165.182922363,0.48095703125,0.00787401574803,0.511811023622,258952997
-506.822875977,-161.444763184,0.4736328125,0.00787401574803,0.511811023622,258953001
-508.809020996,-158.118896484,0.4638671875,0.00787401574803,0.496062992126,258953007
-510.947921753,-155.287780762,0.4619140625,0.00787401574803,0.496062992126,258953011
-513.331283569,-152.951431274,0.46044921875,0.00787401574803,0.496062992126,258953017
-515.959091187,-150.972412109,0.4619140625,0.00787401574803,0.496062992126,258953021
-518.892456055,-149.488128662,0.46337890625,0.00787401574803,0.496062992126,258953027
-522.192489624,-148.388671875,0.46435546875,0.00787401574803,0.48031496063,258953032
-525.798080444,-147.701507568,0.46435546875,0.00787401574803,0.48031496063,258953037
-529.648117065,-147.399169922,0.46630859375,0.00787401574803,0.48031496063,258953042
-533.589828491,-147.509109497,0.47314453125,0.00787401574803,0.48031496063,258953047
-537.531524658,-147.948898315,0.48291015625,0.00787401574803,0.48031496063,258953052
-541.351013184,-148.69102478,0.4892578125,0.00787401574803,0.48031496063,258953057
-544.956604004,-149.790481567,0.49365234375,0.00787401574803,0.48031496063,258953062
-548.256637573,-151.164810181,0.49755859375,0.00787401574803,0.48031496063,258953067
-551.220550537,-152.868972778,0.498046875,0.0236220472441,0.48031496063,258953072
-553.878921509,-154.848007202,0.49755859375,0.0236220472441,0.48031496063,258953077
-556.231719971,-157.019439697,0.49560546875,0.0236220472441,0.496062992126,258953082
-558.278961182,-159.383270264,0.4970703125,0.0393700787402,0.496062992126,258953088
-560.081756592,-161.857055664,0.49658203125,0.0393700787402,0.496062992126,258953092
-561.609558105,-164.275863647,0.49755859375,0.0393700787402,0.511811023622,258953097
-562.95401001,-166.639709473,0.49658203125,0.0551181102362,0.511811023622,258953103
-564.054016113,-168.673706055,0.49658203125,0.0393700787402,0.527559055118,258953108
-565.001251221,-170.405349731,0.48876953125,0.0393700787402,0.527559055118,258953112
-565.765151978,-171.834655762,0.4658203125,0.0393700787402,0.527559055118,258953118
-566.284591675,-172.961593628,0.42529296875,0.0393700787402,0.543307086614,258953122
-566.590164185,-173.841171265,0.37060546875,0.0393700787402,0.543307086614,258953128
-566.773498535,-174.500839233,0.287109375,0.0393700787402,0.543307086614,258953132
-566.804046631,-175.078063965,0.1484375,0.0393700787402,0.55905511811,258953138
-566.68182373,-175.600296021,0.1484375,0.0393700787402,0.55905511811,258953142
0,0,0,0,0,0
-448.21673584,-261.825424194,0.2890625,0.0236220472441,0.685039370079,258953831
-448.03338623,-262.759963989,0.2890625,0.0236220472441,0.700787401575,258953836
-447.941741943,-263.612045288,0.291015625,0.00787401574803,0.700787401575,258953841
-447.880615234,-264.326690674,0.2919921875,0.00787401574803,0.716535433071,258953846
-447.819519043,-264.793960571,0.2939453125,0.00787401574803,0.716535433071,258953852
-447.819519043,-265.096313477,0.2939453125,0.00787401574803,0.716535433071,258953857
-447.850067139,-265.178771973,0.29248046875,0.00787401574803,0.732283464567,258953862
-447.941741943,-265.068817139,0.291015625,0.00787401574803,0.732283464567,258953866
-448.063964844,-264.848937988,0.29248046875,0.00787401574803,0.732283464567,258953871
-448.33895874,-264.381668091,0.29638671875,0.00787401574803,0.732283464567,258953876
-448.766723633,-263.557067871,0.30419921875,0.00787401574803,0.732283464567,258953881
-449.286193848,-262.375152588,0.3232421875,-0.00787401574803,0.748031496063,258953887
-449.958404541,-260.835906982,0.3408203125,-0.00787401574803,0.748031496063,258953891
-450.630645752,-258.966827393,0.35205078125,-0.00787401574803,0.748031496063,258953897
-451.302886963,-256.795394897,0.35986328125,-0.00787401574803,0.732283464567,258953902
-451.914001465,-254.294113159,0.37060546875,-0.00787401574803,0.732283464567,258953907
-452.372314453,-251.517990112,0.3798828125,-0.00787401574803,0.732283464567,258953912
-452.677886963,-248.439498901,0.3857421875,-0.00787401574803,0.732283464567,258953917
-452.647338867,-245.058654785,0.392578125,-0.00787401574803,0.732283464567,258953922
-452.311218262,-241.320495605,0.3994140625,-0.00787401574803,0.732283464567,258953927
-451.608428955,-237.389923096,0.404296875,-0.00787401574803,0.732283464567,258953931
-450.416748047,-233.266952515,0.41015625,-0.00787401574803,0.716535433071,258953937
-448.919525146,-229.253921509,0.416015625,-0.00787401574803,0.716535433071,258953942
-447.086151123,-225.378326416,0.42236328125,-0.00787401574803,0.700787401575,258953947
-444.977813721,-221.805084229,0.4267578125,-0.00787401574803,0.685039370079,258953952
-442.7472229,-218.64414978,0.4306640625,-0.00787401574803,0.685039370079,258953958
-440.333312988,-215.758056641,0.435546875,-0.00787401574803,0.669291338583,258953962
-437.827728271,-213.229309082,0.43896484375,-0.00787401574803,0.653543307087,258953968
-435.291595459,-210.920440674,0.44091796875,-0.0236220472441,0.637795275591,258953972
-432.755462646,-208.913925171,0.44140625,-0.0236220472441,0.637795275591,258953977
-430.280426025,-207.209762573,0.4423828125,-0.0236220472441,0.622047244094,258953982
-427.927642822,-205.890411377,0.4423828125,-0.0236220472441,0.622047244094,258953987
-425.635955811,-204.928390503,0.44384765625,-0.0236220472441,0.606299212598,258953992
-423.374816895,-204.323684692,0.4404296875,-0.0236220472441,0.606299212598,258953997
-421.144226074,-204.021331787,0.43212890625,-0.0236220472441,0.590551181102,258954002
-418.944213867,-203.96635437,0.42578125,-0.0236220472441,0.590551181102,258954007
-416.805297852,-204.241226196,0.42041015625,-0.0236220472441,0.590551181102,258954012
-414.81918335,-204.708496094,0.4169921875,-0.0236220472441,0.590551181102,258954018
-412.95526123,-205.478118896,0.4150390625,-0.0236220472441,0.590551181102,258954022
-411.15246582,-206.550094604,0.41162109375,-0.0236220472441,0.590551181102,258954028
-409.502441406,-207.924407959,0.41015625,-0.0236220472441,0.590551181102,258954032
-407.913543701,-209.573608398,0.408203125,-0.0236220472441,0.590551181102,258954038
-406.538543701,-211.497650146,0.40869140625,-0.0236220472441,0.590551181102,258954042
-405.377410889,-213.641601562,0.4091796875,-0.0236220472441,0.590551181102,258954048
-404.460723877,-216.032928467,0.41064453125,-0.0393700787402,0.590551181102,258954052
-403.819061279,-218.781570435,0.41259765625,-0.0393700787402,0.590551181102,258954058
-403.391265869,-221.75012207,0.41552734375,-0.0393700787402,0.590551181102,258954062
-403.116271973,-224.883575439,0.41748046875,-0.0393700787402,0.606299212598,258954068
-402.963500977,-228.154464722,0.4189453125,-0.0393700787402,0.606299212598,258954072
-402.902374268,-231.370391846,0.41943359375,-0.0393700787402,0.606299212598,258954078
-402.841278076,-234.531326294,0.42138671875,-0.0393700787402,0.622047244094,258954082
-402.871826172,-237.692276001,0.4228515625,-0.0551181102362,0.622047244094,258954088
-402.902374268,-240.743286133,0.4248046875,-0.0551181102362,0.622047244094,258954093
-402.902374268,-243.656845093,0.4248046875,-0.0551181102362,0.622047244094,258954098
-402.841278076,-246.460464478,0.42431640625,-0.0551181102362,0.622047244094,258954103
-402.688476562,-248.989227295,0.4248046875,-0.0551181102362,0.637795275591,258954108
-402.413482666,-251.188140869,0.42431640625,-0.0551181102362,0.637795275591,258954113
-402.13848877,-252.919799805,0.4267578125,-0.0551181102362,0.637795275591,258954118
-401.863494873,-254.129196167,0.4306640625,-0.0551181102362,0.637795275591,258954123
-401.619049072,-254.843856812,0.4326171875,-0.0551181102362,0.653543307087,258954128
-401.527374268,-255.173690796,0.43212890625,-0.0551181102362,0.653543307087,258954133
-401.435699463,-255.283630371,0.4267578125,-0.0551181102362,0.653543307087,258954139
-401.435699463,-255.146194458,0.421875,-0.0551181102362,0.669291338583,258954143
-401.374603271,-254.678924561,0.4208984375,-0.0551181102362,0.669291338583,258954148
-401.221801758,-253.8543396,0.4208984375,-0.0551181102362,0.669291338583,258954153
-400.916259766,-252.452529907,0.421875,-0.0551181102362,0.685039370079,258954159
-400.396789551,-250.555953979,0.42431640625,-0.0551181102362,0.669291338583,258954163
-399.663452148,-248.302062988,0.427734375,-0.0551181102362,0.669291338583,258954168
-398.685668945,-245.608383179,0.43212890625,-0.0551181102362,0.669291338583,258954173
-397.555114746,-242.639846802,0.43798828125,-0.0551181102362,0.653543307087,258954178
-396.332885742,-239.478897095,0.44482421875,-0.0551181102362,0.653543307087,258954183
-395.110626221,-236.098068237,0.44921875,-0.0551181102362,0.653543307087,258954188
-393.857849121,-232.827178955,0.45166015625,-0.0708661417323,0.637795275591,258954193
-392.543945312,-229.666229248,0.4580078125,-0.0708661417323,0.637795275591,258954198
-391.138366699,-226.670196533,0.46142578125,-0.0708661417323,0.637795275591,258954203
-389.641143799,-223.894058228,0.46435546875,-0.0708661417323,0.622047244094,258954208
-387.960571289,-221.255355835,0.46630859375,-0.0708661417323,0.622047244094,258954213
-386.249420166,-218.891525269,0.46630859375,-0.0708661417323,0.622047244094,258954218
-384.477203369,-216.720092773,0.46728515625,-0.0708661417323,0.622047244094,258954223
-382.643829346,-214.796035767,0.46826171875,-0.0551181102362,0.606299212598,258954229
-380.779937744,-213.06439209,0.46826171875,-0.0551181102362,0.606299212598,258954233
-378.824371338,-211.442687988,0.4609375,-0.0551181102362,0.606299212598,258954239
-376.777130127,-210.068359375,0.44677734375,-0.0551181102362,0.606299212598,258954243
-374.577087402,-208.858947754,0.4248046875,-0.0551181102362,0.590551181102,258954249
-372.193725586,-207.869445801,0.39013671875,-0.0551181102362,0.590551181102,258954253
-369.627044678,-207.127304077,0.33154296875,-0.0551181102362,0.590551181102,258954259
-366.846466064,-206.66003418,0.23828125,-0.0551181102362,0.574803149606,258954263
-363.851989746,-206.522598267,0.109375,-0.0551181102362,0.574803149606,258954269
-360.735290527,-206.605056763,0.109375,-0.0551181102362,0.574803149606,258954273
0,0,0,0,0,0
-313.007019043,-219.853546143,0.25146484375,-0.0236220472441,0.637795275591,258954585
-313.190368652,-218.369277954,0.25244140625,-0.0236220472441,0.637795275591,258954590
-313.068145752,-217.324798584,0.255859375,-0.0236220472441,0.622047244094,258954595
-312.762573242,-216.500198364,0.26025390625,-0.0236220472441,0.622047244094,258954600
-312.304229736,-215.730575562,0.28271484375,-0.0236220472441,0.606299212598,258954605
-311.754241943,-214.988433838,0.31298828125,-0.0236220472441,0.590551181102,258954610
-311.234771729,-214.411224365,0.3349609375,-0.0236220472441,0.590551181102,258954616
-310.745880127,-213.971435547,0.35205078125,-0.0236220472441,0.574803149606,258954620
-310.287536621,-213.696578979,0.3720703125,-0.0236220472441,0.574803149606,258954626
-309.890319824,-213.559143066,0.3994140625,-0.0236220472441,0.574803149606,258954630
-309.431976318,-213.586624146,0.42822265625,-0.0236220472441,0.574803149606,258954636
-308.85144043,-213.779037476,0.451171875,-0.0236220472441,0.574803149606,258954640
-308.087524414,-214.218811035,0.46923828125,-0.0236220472441,0.574803149606,258954646
-307.079193115,-214.878494263,0.47900390625,-0.0236220472441,0.574803149606,258954651
-305.887512207,-215.813034058,0.4833984375,-0.0236220472441,0.574803149606,258954656
-304.573608398,-217.132385254,0.48388671875,-0.0236220472441,0.574803149606,258954660
-303.106933594,-218.836547852,0.48388671875,-0.0236220472441,0.574803149606,258954666
-301.609680176,-221.090438843,0.48046875,-0.0236220472441,0.574803149606,258954671
-300.051330566,-223.811599731,0.474609375,-0.0236220472441,0.574803149606,258954676
-298.523529053,-226.945068359,0.462890625,-0.0393700787402,0.574803149606,258954681
-297.056854248,-230.46333313,0.44677734375,-0.0393700787402,0.574803149606,258954686
-295.620727539,-234.119033813,0.43212890625,-0.0393700787402,0.574803149606,258954691
-294.337402344,-238.022125244,0.4208984375,-0.0393700787402,0.574803149606,258954696
-293.145721436,-242.007659912,0.4169921875,-0.0393700787402,0.574803149606,258954701
-292.106811523,-245.938232422,0.41357421875,-0.0393700787402,0.590551181102,258954706
-291.251251221,-249.896286011,0.41259765625,-0.0551181102362,0.590551181102,258954711
-290.609588623,-253.524505615,0.4111328125,-0.0551181102362,0.590551181102,258954716
-290.181793213,-256.877853394,0.41162109375,-0.0551181102362,0.606299212598,258954721
-290.029022217,-259.818908691,0.4140625,-0.0551181102362,0.622047244094,258954726
-290.090118408,-262.265197754,0.421875,-0.0708661417323,0.622047244094,258954731
-290.365112305,-264.354171753,0.42529296875,-0.0708661417323,0.637795275591,258954736
-290.762359619,-266.003356934,0.4296875,-0.0708661417323,0.637795275591,258954741
-291.251251221,-267.350204468,0.43310546875,-0.0708661417323,0.653543307087,258954746
-291.740142822,-268.449661255,0.4345703125,-0.0708661417323,0.669291338583,258954751
-292.198486328,-269.38420105,0.4345703125,-0.0708661417323,0.669291338583,258954756
-292.68737793,-270.20880127,0.43798828125,-0.0708661417323,0.669291338583,258954761
-293.115142822,-270.950927734,0.4384765625,-0.0708661417323,0.685039370079,258954766
-293.573486328,-271.610610962,0.439453125,-0.0708661417323,0.685039370079,258954771
-293.970733643,-272.160339355,0.439453125,-0.0866141732283,0.685039370079,258954777
-294.245727539,-272.572631836,0.439453125,-0.0866141732283,0.700787401575,258954781
-294.459625244,-272.792526245,0.43701171875,-0.0866141732283,0.700787401575,258954787
-294.551269531,-272.847503662,0.4296875,-0.0866141732283,0.700787401575,258954792
-294.673492432,-272.572631836,0.4267578125,-0.0866141732283,0.700787401575,258954797
-295.040161133,-271.940444946,0.42626953125,-0.0866141732283,0.700787401575,258954802
-295.620727539,-270.786010742,0.42626953125,-0.0866141732283,0.700787401575,258954807
-296.476287842,-269.081848145,0.42578125,-0.0866141732283,0.700787401575,258954812
-297.515197754,-266.910415649,0.42626953125,-0.0866141732283,0.685039370079,258954817
-298.554107666,-264.189254761,0.42626953125,-0.0866141732283,0.685039370079,258954822
-299.501342773,-261.028305054,0.4267578125,-0.0866141732283,0.685039370079,258954827
-300.356903076,-257.510040283,0.427734375,-0.0708661417323,0.669291338583,258954832
-300.968017578,-253.66192627,0.42919921875,-0.0708661417323,0.669291338583,258954837
-301.212463379,-249.676391602,0.4287109375,-0.0708661417323,0.669291338583,258954842
-301.181915283,-245.388504028,0.4287109375,-0.0708661417323,0.653543307087,258954847
-300.876342773,-240.853225708,0.42919921875,-0.0708661417323,0.653543307087,258954852
-300.356903076,-236.098068237,0.4287109375,-0.0708661417323,0.637795275591,258954857
-299.684661865,-231.123016357,0.42822265625,-0.0708661417323,0.622047244094,258954862
-298.859649658,-226.147949219,0.4296875,-0.0708661417323,0.622047244094,258954867
-297.912414551,-221.475250244,0.4296875,-0.0708661417323,0.606299212598,258954872
-296.873535156,-217.049926758,0.42919921875,-0.0708661417323,0.606299212598,258954877
-295.651306152,-212.899459839,0.4287109375,-0.0708661417323,0.590551181102,258954882
-294.367950439,-209.078842163,0.4287109375,-0.0708661417323,0.574803149606,258954887
-292.840148926,-205.340682983,0.4296875,-0.0708661417323,0.574803149606,258954892
-291.067901611,-201.822418213,0.43017578125,-0.0708661417323,0.55905511811,258954897
-289.142883301,-198.496551514,0.43359375,-0.0708661417323,0.55905511811,258954903
-286.851196289,-195.418060303,0.44482421875,-0.0708661417323,0.543307086614,258954907
-284.315063477,-192.559463501,0.4521484375,-0.0708661417323,0.543307086614,258954912
-281.412261963,-190.003219604,0.45751953125,-0.0708661417323,0.527559055118,258954918
-278.173339844,-187.80430603,0.4599609375,-0.0708661417323,0.527559055118,258954922
-274.659423828,-185.880249023,0.462890625,-0.0708661417323,0.511811023622,258954928
-270.901031494,-184.313522339,0.4638671875,-0.0708661417323,0.511811023622,258954932
-266.928771973,-182.966674805,0.46484375,-0.0708661417323,0.511811023622,258954937
-262.864837646,-181.977172852,0.4658203125,-0.0866141732283,0.511811023622,258954942
-258.739807129,-181.235031128,0.4677734375,-0.0866141732283,0.511811023622,258954948
-254.614776611,-180.740280151,0.46435546875,-0.0866141732283,0.496062992126,258954952
-250.703613281,-180.465408325,0.46142578125,-0.0866141732283,0.496062992126,258954958
-246.975799561,-180.382949829,0.455078125,-0.0866141732283,0.496062992126,258954962
-243.522979736,-180.520385742,0.44970703125,-0.0866141732283,0.496062992126,258954968
-240.467407227,-180.76776123,0.4462890625,-0.0866141732283,0.496062992126,258954972
-237.7784729,-181.125091553,0.43798828125,-0.0866141732283,0.496062992126,258954978
-235.395111084,-181.509902954,0.4228515625,-0.0866141732283,0.496062992126,258954982
-233.347869873,-182.004653931,0.40478515625,-0.0866141732283,0.496062992126,258954988
-231.575653076,-182.609359741,0.37841796875,-0.0708661417323,0.496062992126,258954992
-230.078399658,-183.296524048,0.330078125,-0.0708661417323,0.496062992126,258954998
-228.856170654,-184.121109009,0.26025390625,-0.0708661417323,0.496062992126,258955003
-227.847839355,-185.000686646,0.1611328125,-0.0708661417323,0.496062992126,258955008
-226.931152344,-185.96270752,0.05615234375,-0.0708661417323,0.496062992126,258955013
-226.075592041,-187.062164307,0.05615234375,-0.0551181102362,0.496062992126,258955018
0,0,0,0,0,0
-176.361206055,-245.251068115,0.2841796875,-0.102362204724,0.622047244094,258955359
-176.025085449,-246.075653076,0.28369140625,-0.102362204724,0.622047244094,258955365
-175.750061035,-246.735336304,0.27734375,-0.102362204724,0.622047244094,258955370
-175.536193848,-247.147628784,0.27490234375,-0.102362204724,0.606299212598,258955375
-175.41394043,-247.42250061,0.27099609375,-0.102362204724,0.606299212598,258955380
-175.41394043,-247.42250061,0.26708984375,-0.102362204724,0.606299212598,258955385
-175.352844238,-247.23008728,0.26611328125,-0.102362204724,0.606299212598,258955390
-175.261169434,-246.762817383,0.2744140625,-0.102362204724,0.606299212598,258955395
-175.108398438,-246.048171997,0.296875,-0.11811023622,0.606299212598,258955400
-174.833374023,-244.921234131,0.318359375,-0.11811023622,0.606299212598,258955405
-174.46673584,-243.464447021,0.33837890625,-0.11811023622,0.622047244094,258955410
-174.069519043,-241.65032959,0.361328125,-0.11811023622,0.622047244094,258955415
-173.672302246,-239.36895752,0.384765625,-0.11811023622,0.622047244094,258955420
-173.275024414,-236.785232544,0.40283203125,-0.11811023622,0.622047244094,258955425
-172.90838623,-233.926635742,0.421875,-0.11811023622,0.622047244094,258955430
-172.633361816,-230.793167114,0.4423828125,-0.11811023622,0.622047244094,258955435
-172.327819824,-227.549758911,0.4638671875,-0.11811023622,0.622047244094,258955440
-172.113952637,-224.168930054,0.4833984375,-0.11811023622,0.606299212598,258955445
-171.900024414,-220.815582275,0.50244140625,-0.11811023622,0.606299212598,258955450
-171.563903809,-217.489715576,0.52734375,-0.11811023622,0.590551181102,258955455
-171.227783203,-214.081390381,0.55078125,-0.11811023622,0.574803149606,258955460
-170.708374023,-210.618087769,0.57177734375,-0.11811023622,0.574803149606,258955465
-170.158325195,-206.934906006,0.5859375,-0.11811023622,0.574803149606,258955470
-169.48614502,-203.114273071,0.5966796875,-0.11811023622,0.55905511811,258955475
-168.691650391,-199.266174316,0.59912109375,-0.11811023622,0.55905511811,258955480
-167.774963379,-195.445541382,0.6025390625,-0.11811023622,0.543307086614,258955485
-166.797180176,-191.95475769,0.6044921875,-0.11811023622,0.543307086614,258955490
-165.727722168,-188.738845825,0.6044921875,-0.11811023622,0.527559055118,258955495
-164.65826416,-186.072647095,0.60205078125,-0.11811023622,0.527559055118,258955500
-163.649963379,-183.956192017,0.59228515625,-0.11811023622,0.511811023622,258955505
-162.702697754,-182.279510498,0.576171875,-0.11811023622,0.496062992126,258955510
-161.847167969,-181.152572632,0.54736328125,-0.11811023622,0.496062992126,258955516
-161.083251953,-180.437927246,0.50048828125,-0.11811023622,0.496062992126,258955520
-160.319335938,-180.053115845,0.443359375,-0.11811023622,0.48031496063,258955525
-159.49432373,-180.025619507,0.36669921875,-0.11811023622,0.48031496063,258955530
-158.455444336,-180.300491333,0.23388671875,-0.11811023622,0.48031496063,258955536
-157.172119141,-180.877700806,0.0419921875,-0.11811023622,0.48031496063,258955540
-155.583190918,-181.867218018,0.0419921875,-0.11811023622,0.48031496063,258955546
0,0,0,0,0,0
-113.752197266,-218.973983765,0.33740234375,-0.149606299213,0.637795275591,258955721
-113.691101074,-217.572174072,0.33447265625,-0.149606299213,0.622047244094,258955727
-113.232788086,-216.527679443,0.31787109375,-0.149606299213,0.622047244094,258955731
-112.529968262,-215.428222656,0.31787109375,-0.149606299213,0.606299212598,258955737
-111.674438477,-214.30128479,0.31982421875,-0.133858267717,0.590551181102,258955742
-110.66607666,-213.174331665,0.32421875,-0.133858267717,0.574803149606,258955747
-109.535522461,-212.157333374,0.3310546875,-0.133858267717,0.574803149606,258955752
-108.160522461,-211.277770996,0.3388671875,-0.133858267717,0.55905511811,258955757
-106.479919434,-210.618087769,0.345703125,-0.133858267717,0.55905511811,258955762
-104.493774414,-210.205795288,0.35107421875,-0.133858267717,0.55905511811,258955767
-102.32434082,-209.903442383,0.353515625,-0.133858267717,0.543307086614,258955772
-100.09375,-209.848464966,0.3544921875,-0.133858267717,0.543307086614,258955777
-97.8020629883,-209.848464966,0.35498046875,-0.133858267717,0.543307086614,258955782
-95.571472168,-209.985900879,0.3564453125,-0.133858267717,0.543307086614,258955787
-93.3714599609,-210.315734863,0.35693359375,-0.149606299213,0.543307086614,258955792
-91.2325439453,-210.618087769,0.36083984375,-0.149606299213,0.543307086614,258955797
-89.2769775391,-211.112838745,0.36767578125,-0.149606299213,0.543307086614,258955802
-87.5352783203,-211.60760498,0.37548828125,-0.149606299213,0.543307086614,258955807
-86.0380249023,-212.212310791,0.3779296875,-0.149606299213,0.543307086614,258955812
-84.8157958984,-212.926956177,0.38232421875,-0.149606299213,0.543307086614,258955818
-83.6852416992,-213.696578979,0.3837890625,-0.149606299213,0.543307086614,258955822
-82.6768798828,-214.631118774,0.38427734375,-0.165354330709,0.543307086614,258955827
-81.8824462891,-215.648117065,0.384765625,-0.165354330709,0.543307086614,258955832
-81.1796875,-216.775054932,0.3857421875,-0.165354330709,0.543307086614,258955837
-80.6907958984,-218.066925049,0.38720703125,-0.165354330709,0.543307086614,258955842
-80.4157714844,-219.523712158,0.38720703125,-0.165354330709,0.543307086614,258955847
-80.2630004883,-221.007980347,0.3876953125,-0.165354330709,0.543307086614,258955852
-80.2935180664,-222.519744873,0.38818359375,-0.165354330709,0.55905511811,258955857
-80.5991210938,-223.894058228,0.38818359375,-0.165354330709,0.55905511811,258955862
-81.0269165039,-225.021011353,0.3896484375,-0.165354330709,0.55905511811,258955868
-81.6990966797,-225.983032227,0.390625,-0.165354330709,0.55905511811,258955872
-82.4630126953,-226.752655029,0.390625,-0.165354330709,0.55905511811,258955878
-83.379699707,-227.35736084,0.39013671875,-0.165354330709,0.55905511811,258955883
-84.479675293,-227.76965332,0.38916015625,-0.165354330709,0.55905511811,258955888
-85.7935791016,-228.044525146,0.38916015625,-0.165354330709,0.55905511811,258955893
-87.3825073242,-228.072006226,0.38818359375,-0.165354330709,0.55905511811,258955898
-89.2463989258,-227.852111816,0.38818359375,-0.181102362205,0.55905511811,258955903
-91.32421875,-227.302383423,0.38818359375,-0.181102362205,0.55905511811,258955909
-93.4631347656,-226.450302124,0.38671875,-0.165354330709,0.55905511811,258955912
-95.571472168,-225.213409424,0.38818359375,-0.165354330709,0.55905511811,258955919
-97.4659423828,-223.729141235,0.38671875,-0.165354330709,0.55905511811,258955923
-99.1465454102,-221.887542725,0.3876953125,-0.165354330709,0.55905511811,258955928
-100.643737793,-219.853546143,0.388671875,-0.149606299213,0.55905511811,258955933
-101.957641602,-217.682113647,0.39111328125,-0.149606299213,0.55905511811,258955939
-103.057678223,-215.318283081,0.40234375,-0.149606299213,0.55905511811,258955943
-103.943786621,-212.926956177,0.416015625,-0.149606299213,0.543307086614,258955948
-104.524353027,-210.315734863,0.43505859375,-0.133858267717,0.543307086614,258955953
-104.707702637,-207.512115479,0.4453125,-0.133858267717,0.543307086614,258955958
-104.402099609,-204.516082764,0.4521484375,-0.133858267717,0.527559055118,258955963
-103.638244629,-201.355148315,0.45703125,-0.133858267717,0.527559055118,258955968
-102.385437012,-198.056762695,0.45947265625,-0.133858267717,0.527559055118,258955973
-100.643737793,-194.620956421,0.46240234375,-0.133858267717,0.511811023622,258955978
-98.5048217773,-191.157653809,0.46240234375,-0.133858267717,0.511811023622,258955983
-95.9075927734,-187.749328613,0.4619140625,-0.133858267717,0.511811023622,258955988
-92.9436645508,-184.478439331,0.4609375,-0.133858267717,0.496062992126,258955993
-89.5520019531,-181.344970703,0.46044921875,-0.133858267717,0.496062992126,258955999
-85.7935791016,-178.458892822,0.45654296875,-0.133858267717,0.48031496063,258956003
-81.6990966797,-175.710250854,0.45703125,-0.133858267717,0.48031496063,258956009
-77.360168457,-173.263946533,0.45654296875,-0.133858267717,0.464566929134,258956013
-72.8073730469,-171.147491455,0.45703125,-0.133858267717,0.464566929134,258956018
-67.9795532227,-169.278411865,0.4580078125,-0.133858267717,0.464566929134,258956023
-62.9378051758,-167.766647339,0.45849609375,-0.149606299213,0.464566929134,258956029
-57.8044433594,-166.584732056,0.45849609375,-0.149606299213,0.464566929134,258956033
-52.6099243164,-165.650192261,0.45849609375,-0.149606299213,0.464566929134,258956038
-47.5682373047,-165.04548645,0.46044921875,-0.149606299213,0.464566929134,258956043
-42.7404174805,-164.715652466,0.4609375,-0.149606299213,0.448818897638,258956048
-38.1264648438,-164.495758057,0.4609375,-0.133858267717,0.448818897638,258956053
-33.6652832031,-164.468276978,0.4599609375,-0.133858267717,0.448818897638,258956059
-29.3874511719,-164.523239136,0.45751953125,-0.133858267717,0.448818897638,258956063
-25.2318725586,-164.660675049,0.4560546875,-0.133858267717,0.448818897638,258956069
-21.2290649414,-164.963027954,0.455078125,-0.133858267717,0.448818897638,258956073
-17.4401245117,-165.375320435,0.44970703125,-0.133858267717,0.448818897638,258956079
-13.8345336914,-165.815109253,0.44091796875,-0.133858267717,0.448818897638,258956083
-10.4428100586,-166.392333984,0.419921875,-0.133858267717,0.448818897638,258956089
-7.26501464844,-166.997024536,0.3857421875,-0.133858267717,0.448818897638,258956093
-4.42333984375,-167.684188843,0.3388671875,-0.133858267717,0.448818897638,258956100
-1.82611083984,-168.426330566,0.27001953125,-0.133858267717,0.448818897638,258956104
0.557250976562,-169.223434448,0.16796875,-0.133858267717,0.448818897638,258956109
2.69616699219,-170.185455322,0.009765625,-0.133858267717,0.448818897638,258956113
4.712890625,-171.202468872,0.009765625,-0.133858267717,0.448818897638,258956119
0,0,0,0,0,0
