x,y,p,xt,yt,time
0,0,0,0,0,0
-628.304672241,-295.534347534,0.140625,0.133858267717,0.763779527559,158717158
-627.357437134,-295.561828613,0.12109375,0.133858267717,0.763779527559,158717162
-626.19631958,-295.61680603,0.11962890625,0.133858267717,0.763779527559,158717167
-624.851852417,-295.644287109,0.12939453125,0.149606299213,0.763779527559,158717173
-623.262954712,-295.671783447,0.1416015625,0.149606299213,0.779527559055,158717178
-621.521270752,-295.671783447,0.14892578125,0.149606299213,0.779527559055,158717184
-619.749023438,-295.699264526,0.1591796875,0.165354330709,0.779527559055,158717187
-617.885116577,-295.726745605,0.18017578125,0.165354330709,0.779527559055,158717193
-615.898986816,-295.781723022,0.19580078125,0.165354330709,0.779527559055,158717197
-613.760070801,-295.946640015,0.2177734375,0.165354330709,0.763779527559,158717204
-611.407272339,-296.084075928,0.2314453125,0.165354330709,0.763779527559,158717207
-608.962799072,-296.276473999,0.24169921875,0.165354330709,0.763779527559,158717214
-606.457229614,-296.441390991,0.24951171875,0.165354330709,0.763779527559,158717218
-603.951644897,-296.578826904,0.2578125,0.165354330709,0.763779527559,158717224
-601.537734985,-296.743743896,0.265625,0.165354330709,0.748031496063,158717227
-599.368255615,-296.826202393,0.27197265625,0.165354330709,0.748031496063,158717233
-597.412689209,-296.936157227,0.27783203125,0.165354330709,0.748031496063,158717238
-595.732116699,-297.018615723,0.28173828125,0.149606299213,0.748031496063,158717243
-594.418212891,-297.101074219,0.287109375,0.149606299213,0.732283464567,158717248
-593.409866333,-297.265991211,0.294921875,0.149606299213,0.732283464567,158717253
-592.768188477,-297.375946045,0.3056640625,0.149606299213,0.732283464567,158717258
-592.37097168,-297.48588562,0.31689453125,0.149606299213,0.732283464567,158717263
-592.065414429,-297.623321533,0.3271484375,0.149606299213,0.732283464567,158717268
-591.912628174,-297.650802612,0.33740234375,0.149606299213,0.716535433071,158717273
-591.759857178,-297.705780029,0.34814453125,0.133858267717,0.716535433071,158717278
-591.759857178,-297.705780029,0.35888671875,0.133858267717,0.716535433071,158717283
-591.882080078,-297.760742188,0.369140625,0.133858267717,0.716535433071,158717288
-591.882080078,-297.760742188,0.37939453125,0.133858267717,0.716535433071,158717293
-591.973739624,-297.815719604,0.38818359375,0.133858267717,0.716535433071,158717298
-591.973739624,-297.815719604,0.39501953125,0.149606299213,0.716535433071,158717303
-591.912628174,-297.898178101,0.400390625,0.149606299213,0.716535433071,158717309
-591.912628174,-297.898178101,0.404296875,0.149606299213,0.716535433071,158717314
-591.912628174,-297.898178101,0.4072265625,0.149606299213,0.716535433071,158717318
-591.790405273,-297.925674438,0.40966796875,0.149606299213,0.716535433071,158717323
-591.790405273,-297.925674438,0.4111328125,0.149606299213,0.716535433071,158717328
-591.698745728,-297.980636597,0.412109375,0.149606299213,0.716535433071,158717333
-591.607070923,-298.008132935,0.4111328125,0.149606299213,0.716535433071,158717344
-591.515411377,-297.953155518,0.408203125,0.133858267717,0.716535433071,158717353
-591.393188477,-297.870697021,0.40576171875,0.133858267717,0.716535433071,158717358
-591.209838867,-297.705780029,0.40576171875,0.133858267717,0.716535433071,158717364
-590.843170166,-297.375946045,0.40576171875,0.133858267717,0.716535433071,158717369
-590.262619019,-296.88117981,0.40576171875,0.133858267717,0.716535433071,158717373
-589.559829712,-296.276473999,0.40478515625,0.133858267717,0.716535433071,158717378
-588.795928955,-295.451889038,0.404296875,0.133858267717,0.716535433071,158717383
-587.879257202,-294.462371826,0.404296875,0.133858267717,0.716535433071,158717389
-586.870910645,-293.280456543,0.4033203125,0.11811023622,0.716535433071,158717394
-585.740341187,-291.90612793,0.40283203125,0.11811023622,0.716535433071,158717399
-584.548660278,-290.339401245,0.40283203125,0.11811023622,0.716535433071,158717404
-583.35697937,-288.60774231,0.40283203125,0.11811023622,0.716535433071,158717409
-582.134750366,-286.683700562,0.40185546875,0.102362204724,0.716535433071,158717414
-581.034744263,-284.484771729,0.40283203125,0.102362204724,0.716535433071,158717419
-579.995834351,-282.038482666,0.40283203125,0.102362204724,0.716535433071,158717424
-579.140274048,-279.399780273,0.40380859375,0.102362204724,0.716535433071,158717429
-578.437484741,-276.568664551,0.40380859375,0.102362204724,0.716535433071,158717434
-577.826370239,-273.545150757,0.40478515625,0.102362204724,0.716535433071,158717439
-577.429153442,-270.38420105,0.40478515625,0.102362204724,0.716535433071,158717444
-577.184692383,-266.975875854,0.4052734375,0.102362204724,0.700787401575,158717449
-577.093032837,-263.402633667,0.40380859375,0.102362204724,0.700787401575,158717454
-577.154144287,-259.774414062,0.4013671875,0.102362204724,0.700787401575,158717459
-577.459701538,-256.173690796,0.39208984375,0.102362204724,0.685039370079,158717464
-577.856933594,-252.737869263,0.38623046875,0.0866141732283,0.685039370079,158717469
-578.437484741,-249.412017822,0.38232421875,0.0866141732283,0.669291338583,158717474
-579.262496948,-246.251068115,0.38134765625,0.0866141732283,0.669291338583,158717479
-580.270843506,-243.172576904,0.380859375,0.0866141732283,0.653543307087,158717484
-581.584747314,-240.259002686,0.38037109375,0.0866141732283,0.637795275591,158717489
-583.143096924,-237.565338135,0.38037109375,0.0866141732283,0.637795275591,158717494
-584.854217529,-235.091552734,0.3798828125,0.0866141732283,0.622047244094,158717499
-586.657012939,-233.002578735,0.3798828125,0.0866141732283,0.606299212598,158717504
-588.490371704,-231.215957642,0.3798828125,0.0866141732283,0.606299212598,158717509
-590.354278564,-229.704193115,0.38037109375,0.0866141732283,0.590551181102,158717515
-592.248748779,-228.494796753,0.38232421875,0.0866141732283,0.574803149606,158717519
-594.23487854,-227.477798462,0.3857421875,0.0866141732283,0.574803149606,158717524
-596.221008301,-226.708175659,0.3955078125,0.0866141732283,0.55905511811,158717529
-598.146026611,-226.240905762,0.40625,0.102362204724,0.55905511811,158717534
-599.887710571,-225.966033936,0.416015625,0.102362204724,0.55905511811,158717539
-601.415512085,-225.85609436,0.4228515625,0.102362204724,0.55905511811,158717545
-602.88218689,-225.883575439,0.42822265625,0.102362204724,0.55905511811,158717549
-604.318313599,-226.07598877,0.43017578125,0.102362204724,0.55905511811,158717554
-605.907211304,-226.460784912,0.431640625,0.102362204724,0.55905511811,158717559
-607.618347168,-227.038009644,0.4326171875,0.102362204724,0.55905511811,158717564
-609.421142578,-227.862609863,0.43408203125,0.102362204724,0.55905511811,158717570
-611.193389893,-228.714691162,0.4345703125,0.102362204724,0.55905511811,158717575
-612.751724243,-229.539276123,0.4345703125,0.102362204724,0.55905511811,158717579
-613.973968506,-230.336380005,0.43408203125,0.102362204724,0.55905511811,158717584
-614.798980713,-230.968582153,0.4208984375,0.102362204724,0.574803149606,158717589
-615.31842041,-231.490814209,0.3837890625,0.102362204724,0.574803149606,158717595
-615.593429565,-231.87562561,0.31494140625,0.102362204724,0.574803149606,158717600
-615.593429565,-232.205474854,0.21240234375,0.102362204724,0.574803149606,158717605
-615.410095215,-232.5078125,0.08251953125,0.102362204724,0.574803149606,158717610
-614.982315063,-232.810165405,0.08251953125,0.102362204724,0.574803149606,158717614
0,0,0,0,0,0
-533.337036133,-296.496368408,0.2158203125,0.0393700787402,0.669291338583,158718434
-533.73425293,-296.606323242,0.21728515625,0.0393700787402,0.669291338583,158718439
-534.131484985,-296.798721313,0.21484375,0.0236220472441,0.685039370079,158718444
-534.406494141,-296.908660889,0.21484375,0.0236220472441,0.685039370079,158718449
-534.742599487,-297.018615723,0.21533203125,0.0236220472441,0.685039370079,158718454
-535.048156738,-297.101074219,0.21533203125,0.0236220472441,0.700787401575,158718459
-535.292602539,-297.046096802,0.216796875,0.0236220472441,0.700787401575,158718464
-535.628723145,-296.991134644,0.216796875,0.0236220472441,0.700787401575,158718470
-535.934280396,-296.88117981,0.21728515625,0.0236220472441,0.700787401575,158718474
-536.300949097,-296.633804321,0.21826171875,0.0236220472441,0.700787401575,158718480
-536.759292603,-296.24899292,0.21826171875,0.0236220472441,0.700787401575,158718484
-537.187072754,-295.61680603,0.22021484375,0.0236220472441,0.700787401575,158718490
-537.70652771,-294.654769897,0.22509765625,0.0236220472441,0.700787401575,158718495
-538.256530762,-293.362915039,0.23486328125,0.0236220472441,0.700787401575,158718500
-538.837081909,-291.7137146,0.24609375,0.0236220472441,0.700787401575,158718504
-539.44821167,-289.597259521,0.255859375,0.0236220472441,0.700787401575,158718510
-539.998214722,-287.260910034,0.263671875,0.0236220472441,0.716535433071,158718515
-540.487106323,-284.539749146,0.26953125,0.0236220472441,0.716535433071,158718520
-540.914886475,-281.543716431,0.275390625,0.0236220472441,0.716535433071,158718525
-541.220443726,-278.547698975,0.28173828125,0.0236220472441,0.716535433071,158718530
-541.31211853,-275.716583252,0.28759765625,0.0236220472441,0.716535433071,158718535
-541.18989563,-273.105361938,0.29248046875,0.0236220472441,0.716535433071,158718540
-540.792663574,-270.878952026,0.2958984375,0.0236220472441,0.716535433071,158718545
-540.089874268,-268.844955444,0.29931640625,0.0236220472441,0.716535433071,158718550
-539.14263916,-266.948394775,0.3017578125,0.0236220472441,0.716535433071,158718555
-537.889862061,-265.161773682,0.3037109375,0.0236220472441,0.700787401575,158718560
-536.392623901,-263.457611084,0.3076171875,0.0236220472441,0.700787401575,158718565
-534.681488037,-261.863388062,0.31005859375,0.0236220472441,0.700787401575,158718570
-532.848144531,-260.324142456,0.3125,0.0236220472441,0.685039370079,158718575
-530.923110962,-258.922332764,0.31396484375,0.0236220472441,0.685039370079,158718580
-528.967544556,-257.74041748,0.314453125,0.0236220472441,0.669291338583,158718585
-527.042526245,-256.69593811,0.3154296875,0.0236220472441,0.669291338583,158718590
-525.270278931,-255.871337891,0.31640625,0.0236220472441,0.669291338583,158718595
-523.711929321,-255.239151001,0.31689453125,0.0236220472441,0.653543307087,158718600
-522.306365967,-254.826843262,0.31787109375,0.0236220472441,0.653543307087,158718605
-521.053573608,-254.606964111,0.31689453125,0.0236220472441,0.653543307087,158718610
-519.92300415,-254.606964111,0.31689453125,0.0236220472441,0.637795275591,158718615
-518.853546143,-254.799362183,0.3154296875,0.0236220472441,0.637795275591,158718620
-517.784088135,-255.211654663,0.3154296875,0.0236220472441,0.637795275591,158718625
-516.622970581,-255.871337891,0.314453125,0.0236220472441,0.637795275591,158718631
-515.339630127,-256.805877686,0.31298828125,0.0236220472441,0.637795275591,158718635
-513.995162964,-258.015289307,0.306640625,0.0236220472441,0.637795275591,158718641
-512.589599609,-259.472061157,0.3056640625,0.0236220472441,0.637795275591,158718645
-511.214584351,-261.176223755,0.30517578125,0.0236220472441,0.637795275591,158718650
-509.961791992,-263.045303345,0.30615234375,0.0236220472441,0.637795275591,158718655
-508.800674438,-265.106796265,0.30615234375,0.0236220472441,0.637795275591,158718661
-507.822875977,-267.223251343,0.3056640625,0.0236220472441,0.637795275591,158718665
-507.058990479,-269.33972168,0.30615234375,0.0236220472441,0.637795275591,158718671
-506.447875977,-271.428695679,0.30615234375,0.0236220472441,0.653543307087,158718675
-505.989532471,-273.435211182,0.30712890625,0.0236220472441,0.653543307087,158718681
-505.68397522,-275.386749268,0.3076171875,0.0236220472441,0.653543307087,158718685
-505.378417969,-277.255828857,0.30908203125,0.00787401574803,0.653543307087,158718691
-505.133972168,-279.014968872,0.31005859375,0.00787401574803,0.669291338583,158718695
-504.889526367,-280.581695557,0.3125,0.00787401574803,0.669291338583,158718701
-504.614517212,-281.873565674,0.31689453125,0.00787401574803,0.669291338583,158718705
-504.431182861,-282.835586548,0.32666015625,0.00787401574803,0.669291338583,158718711
-504.278396606,-283.550231934,0.333984375,0.00787401574803,0.669291338583,158718716
-504.217285156,-284.072479248,0.341796875,0.00787401574803,0.685039370079,158718721
-504.217285156,-284.374832153,0.34765625,0.00787401574803,0.685039370079,158718726
-504.217285156,-284.622207642,0.35302734375,0.00787401574803,0.685039370079,158718731
-504.217285156,-284.732147217,0.35546875,0.00787401574803,0.685039370079,158718736
-504.217285156,-284.732147217,0.35400390625,0.00787401574803,0.685039370079,158718746
-504.217285156,-284.649688721,0.35205078125,0.00787401574803,0.685039370079,158718751
-504.217285156,-284.374832153,0.3515625,0.00787401574803,0.685039370079,158718756
-504.217285156,-283.935043335,0.35107421875,0.00787401574803,0.685039370079,158718761
-504.247848511,-283.220397949,0.35205078125,0.00787401574803,0.685039370079,158718766
-504.247848511,-282.258377075,0.3515625,0.00787401574803,0.685039370079,158718771
-504.247848511,-280.993988037,0.3525390625,-0.00787401574803,0.685039370079,158718776
-504.247848511,-279.427261353,0.35302734375,-0.00787401574803,0.685039370079,158718781
-504.247848511,-277.695617676,0.353515625,-0.00787401574803,0.685039370079,158718786
-504.12562561,-275.854019165,0.35400390625,-0.00787401574803,0.685039370079,158718791
-503.94229126,-274.012420654,0.35595703125,-0.00787401574803,0.685039370079,158718796
-503.636734009,-272.143341064,0.3564453125,-0.00787401574803,0.685039370079,158718801
-503.239501953,-270.219284058,0.35693359375,-0.00787401574803,0.685039370079,158718806
-502.842269897,-268.295227051,0.36083984375,-0.00787401574803,0.685039370079,158718812
-502.3228302,-266.343688965,0.365234375,-0.00787401574803,0.669291338583,158718816
-501.742263794,-264.392150879,0.36865234375,-0.00787401574803,0.669291338583,158718822
-501.100585938,-262.413116455,0.3759765625,0.00787401574803,0.669291338583,158718826
-500.336700439,-260.544036865,0.38525390625,0.00787401574803,0.653543307087,158718832
-499.511688232,-258.784896851,0.39453125,0.00787401574803,0.653543307087,158718836
-498.625564575,-257.108230591,0.39794921875,0.00787401574803,0.637795275591,158718841
-497.678329468,-255.568984985,0.40234375,0.00787401574803,0.637795275591,158718846
-496.669998169,-254.084716797,0.404296875,0.00787401574803,0.637795275591,158718852
-495.631088257,-252.765365601,0.40576171875,0.00787401574803,0.622047244094,158718856
-494.592193604,-251.610931396,0.4052734375,0.00787401574803,0.622047244094,158718861
-493.55329895,-250.593933105,0.40380859375,0.00787401574803,0.622047244094,158718866
-492.544952393,-249.824310303,0.39404296875,0.00787401574803,0.606299212598,158718872
-491.68939209,-249.164627075,0.37109375,0.00787401574803,0.606299212598,158718876
-490.894927979,-248.669876099,0.333984375,0.00787401574803,0.606299212598,158718882
-490.222702026,-248.395004272,0.27294921875,0.00787401574803,0.590551181102,158718886
-489.733810425,-248.23008728,0.193359375,0.00787401574803,0.590551181102,158718892
-489.367141724,-248.202606201,0.10498046875,0.00787401574803,0.590551181102,158718897
-489.122695923,-248.367523193,0.10498046875,0.00787401574803,0.590551181102,158718902
0,0,0,0,0,0
-455.236236572,-258.537521362,0.14990234375,0.00787401574803,0.606299212598,158719385
-455.266784668,-257.905334473,0.14990234375,0.00787401574803,0.606299212598,158719390
-455.175140381,-257.383087158,0.15185546875,0.00787401574803,0.606299212598,158719394
-454.961242676,-256.998275757,0.15380859375,0.00787401574803,0.606299212598,158719400
-454.716796875,-256.585983276,0.1630859375,0.00787401574803,0.606299212598,158719405
-454.441772461,-256.311126709,0.17724609375,0.00787401574803,0.606299212598,158719410
-454.227905273,-256.146194458,0.19775390625,0.00787401574803,0.606299212598,158719414
-454.136230469,-256.063735962,0.22265625,0.00787401574803,0.606299212598,158719420
-453.983459473,-256.0912323,0.24951171875,0.00787401574803,0.606299212598,158719425
-453.800109863,-256.173690796,0.2763671875,0.00787401574803,0.606299212598,158719430
-453.555664062,-256.393585205,0.29345703125,0.00787401574803,0.606299212598,158719435
-453.158447266,-256.750900269,0.30126953125,0.00787401574803,0.606299212598,158719440
-452.70010376,-257.328125,0.306640625,0.00787401574803,0.606299212598,158719445
-452.119537354,-258.042770386,0.31591796875,0.00787401574803,0.606299212598,158719450
-451.477874756,-258.922332764,0.3251953125,0.00787401574803,0.606299212598,158719455
-450.775085449,-260.049285889,0.32958984375,0.00787401574803,0.606299212598,158719460
-449.919525146,-261.341140747,0.330078125,0.00787401574803,0.606299212598,158719465
-448.941741943,-262.90788269,0.330078125,0.00787401574803,0.606299212598,158719470
-447.780609131,-264.667007446,0.330078125,-0.00787401574803,0.606299212598,158719475
-446.497253418,-266.64604187,0.328125,-0.00787401574803,0.606299212598,158719480
-445.061126709,-268.872451782,0.326171875,-0.00787401574803,0.606299212598,158719485
-443.441680908,-271.20880127,0.32177734375,-0.00787401574803,0.622047244094,158719490
-441.761108398,-273.765045166,0.3203125,-0.00787401574803,0.622047244094,158719495
-440.01940918,-276.513687134,0.31884765625,-0.00787401574803,0.622047244094,158719500
-438.33883667,-279.289825439,0.3193359375,-0.00787401574803,0.622047244094,158719505
-436.749938965,-281.983505249,0.32080078125,-0.00787401574803,0.637795275591,158719510
-435.28326416,-284.512268066,0.322265625,-0.00787401574803,0.637795275591,158719515
-434.030456543,-286.711181641,0.3251953125,-0.0236220472441,0.637795275591,158719521
-433.022125244,-288.635238647,0.330078125,-0.0236220472441,0.653543307087,158719525
-432.227661133,-290.394363403,0.33740234375,-0.0236220472441,0.653543307087,158719530
-431.67767334,-291.961105347,0.34228515625,-0.0236220472441,0.653543307087,158719535
-431.341552734,-293.417877197,0.34423828125,-0.0236220472441,0.653543307087,158719540
-431.158203125,-294.737228394,0.34716796875,-0.0236220472441,0.653543307087,158719546
-431.066558838,-295.974121094,0.34765625,-0.0393700787402,0.637795275591,158719550
-431.097106934,-297.156051636,0.34912109375,-0.0393700787402,0.637795275591,158719555
-431.097106934,-298.282989502,0.349609375,-0.0393700787402,0.637795275591,158719560
-431.188781738,-299.327484131,0.35009765625,-0.0393700787402,0.637795275591,158719565
-431.341552734,-300.289505005,0.3505859375,-0.0393700787402,0.637795275591,158719571
-431.49432373,-301.086608887,0.35107421875,-0.0393700787402,0.637795275591,158719575
-431.708221436,-301.691314697,0.3544921875,-0.0393700787402,0.637795275591,158719581
-431.860992432,-302.103622437,0.3564453125,-0.0393700787402,0.637795275591,158719585
-431.952667236,-302.323501587,0.357421875,-0.0393700787402,0.637795275591,158719591
-432.044342041,-302.378479004,0.35595703125,-0.0393700787402,0.637795275591,158719595
-432.044342041,-302.378479004,0.3544921875,-0.0393700787402,0.637795275591,158719601
-432.197113037,-302.241043091,0.35400390625,-0.0393700787402,0.637795275591,158719605
-432.563781738,-301.938690186,0.3544921875,-0.0393700787402,0.637795275591,158719611
-433.144348145,-301.41645813,0.35400390625,-0.0393700787402,0.637795275591,158719616
-433.999908447,-300.701797485,0.35400390625,-0.0393700787402,0.637795275591,158719621
-435.038818359,-299.684799194,0.353515625,-0.0393700787402,0.637795275591,158719626
-436.230499268,-298.392944336,0.3544921875,-0.0551181102362,0.653543307087,158719631
-437.483276367,-296.908660889,0.35400390625,-0.0393700787402,0.653543307087,158719636
-438.797180176,-295.231994629,0.35498046875,-0.0393700787402,0.653543307087,158719641
-440.172210693,-293.390396118,0.353515625,-0.0393700787402,0.653543307087,158719646
-441.486083984,-291.438858032,0.35400390625,-0.0393700787402,0.653543307087,158719651
-442.647216797,-289.377365112,0.35498046875,-0.0393700787402,0.653543307087,158719656
-443.625,-287.233428955,0.3544921875,-0.0393700787402,0.653543307087,158719661
-444.450012207,-285.06199646,0.35498046875,-0.0393700787402,0.653543307087,158719666
-445.152801514,-282.863067627,0.35595703125,-0.0393700787402,0.653543307087,158719671
-445.73336792,-280.636672974,0.35595703125,-0.0393700787402,0.653543307087,158719676
-446.252807617,-278.410263062,0.35693359375,-0.0393700787402,0.653543307087,158719681
-446.741699219,-276.238830566,0.357421875,-0.0236220472441,0.653543307087,158719686
-447.169494629,-274.039901733,0.35791015625,-0.0236220472441,0.653543307087,158719691
-447.53616333,-271.868469238,0.35791015625,-0.0236220472441,0.653543307087,158719696
-447.780609131,-269.669555664,0.3583984375,-0.0236220472441,0.653543307087,158719701
-447.902832031,-267.47064209,0.3583984375,-0.0236220472441,0.653543307087,158719706
-447.902832031,-265.326690674,0.35888671875,-0.0236220472441,0.637795275591,158719711
-447.719482422,-263.182739258,0.3603515625,-0.0236220472441,0.637795275591,158719716
-447.261169434,-261.121261597,0.361328125,-0.0236220472441,0.637795275591,158719722
-446.466705322,-259.032287598,0.36376953125,-0.0236220472441,0.622047244094,158719726
-445.336151123,-256.998275757,0.36474609375,-0.0236220472441,0.622047244094,158719732
-443.991668701,-255.019256592,0.3671875,-0.0236220472441,0.622047244094,158719736
-442.402770996,-253.122680664,0.3681640625,-0.0236220472441,0.606299212598,158719741
-440.661102295,-251.281097412,0.36865234375,-0.00787401574803,0.606299212598,158719747
-438.827728271,-249.549438477,0.37060546875,-0.00787401574803,0.590551181102,158719752
-436.933288574,-247.982711792,0.3720703125,-0.00787401574803,0.590551181102,158719756
-435.038818359,-246.553421021,0.3720703125,-0.00787401574803,0.574803149606,158719762
-433.17489624,-245.344009399,0.37255859375,-0.00787401574803,0.574803149606,158719766
-431.341552734,-244.272033691,0.37451171875,-0.00787401574803,0.55905511811,158719772
-429.599853516,-243.310012817,0.37548828125,-0.00787401574803,0.55905511811,158719776
-427.858184814,-242.567871094,0.37646484375,-0.00787401574803,0.55905511811,158719782
-426.0859375,-241.963165283,0.3798828125,-0.00787401574803,0.543307086614,158719786
-424.344268799,-241.495895386,0.38232421875,0.00787401574803,0.543307086614,158719792
-422.541473389,-241.248519897,0.384765625,0.00787401574803,0.527559055118,158719797
-420.79977417,-241.083602905,0.384765625,0.00787401574803,0.527559055118,158719802
-419.11920166,-241.111083984,0.38525390625,0.00787401574803,0.527559055118,158719806
-417.499755859,-241.276016235,0.38525390625,0.00787401574803,0.527559055118,158719812
-416.094177246,-241.440933228,0.3828125,0.00787401574803,0.527559055118,158719817
-414.780273438,-241.715789795,0.37451171875,0.00787401574803,0.527559055118,158719822
-413.588592529,-241.990661621,0.3603515625,0.00787401574803,0.527559055118,158719827
-412.58026123,-242.238037109,0.3330078125,0.00787401574803,0.527559055118,158719832
-411.571899414,-242.540390015,0.2919921875,0.00787401574803,0.527559055118,158719837
-410.65524292,-242.815246582,0.23388671875,0.00787401574803,0.527559055118,158719843
-409.983001709,-243.090118408,0.134765625,0.00787401574803,0.527559055118,158719847
-409.524658203,-243.502410889,0.134765625,0.00787401574803,0.527559055118,158719852
0,0,0,0,0,0
-364.729766846,-286.10647583,0.21875,-0.0236220472441,0.637795275591,158720616
-364.69921875,-286.463806152,0.2119140625,-0.0236220472441,0.637795275591,158720621
-364.638092041,-286.711181641,0.19775390625,-0.0236220472441,0.637795275591,158720627
-364.57699585,-286.876098633,0.1923828125,-0.0236220472441,0.637795275591,158720632
-364.57699585,-286.876098633,0.18994140625,-0.0236220472441,0.653543307087,158720636
-364.57699585,-286.876098633,0.18798828125,-0.0236220472441,0.653543307087,158720643
-364.729766846,-286.656204224,0.18896484375,-0.0393700787402,0.653543307087,158720646
-365.065887451,-286.271392822,0.1962890625,-0.0393700787402,0.653543307087,158720651
-365.585327148,-285.69418335,0.20703125,-0.0393700787402,0.653543307087,158720656
-366.19644165,-284.842102051,0.21484375,-0.0393700787402,0.653543307087,158720662
-367.021453857,-283.797607422,0.2275390625,-0.0393700787402,0.653543307087,158720666
-367.846466064,-282.533233643,0.23583984375,-0.0393700787402,0.653543307087,158720671
-368.763122559,-280.966506958,0.24267578125,-0.0393700787402,0.653543307087,158720676
-369.67980957,-279.289825439,0.24853515625,-0.0393700787402,0.653543307087,158720682
-370.504821777,-277.475723267,0.25244140625,-0.0393700787402,0.653543307087,158720686
-371.329833984,-275.606643677,0.25732421875,-0.0393700787402,0.653543307087,158720692
-372.063171387,-273.765045166,0.26416015625,-0.0393700787402,0.653543307087,158720697
-372.735412598,-271.868469238,0.2705078125,-0.0393700787402,0.653543307087,158720702
-373.3465271,-269.944412231,0.27880859375,-0.0393700787402,0.653543307087,158720707
-373.835418701,-267.992874146,0.28955078125,-0.0393700787402,0.653543307087,158720712
-374.171539307,-265.931396484,0.298828125,-0.0393700787402,0.637795275591,158720717
-374.354858398,-263.897384644,0.30810546875,-0.0393700787402,0.637795275591,158720722
-374.324310303,-261.808410645,0.31982421875,-0.0236220472441,0.637795275591,158720727
-374.110412598,-259.719451904,0.32470703125,-0.0236220472441,0.622047244094,158720732
-373.743743896,-257.685440063,0.3310546875,-0.0236220472441,0.622047244094,158720737
-373.193725586,-255.733901978,0.33544921875,-0.0236220472441,0.622047244094,158720743
-372.460388184,-253.947280884,0.33935546875,-0.0236220472441,0.606299212598,158720747
-371.543731689,-252.243118286,0.34521484375,-0.0236220472441,0.606299212598,158720752
-370.382598877,-250.676391602,0.35009765625,-0.0236220472441,0.590551181102,158720757
-368.977020264,-249.247085571,0.35302734375,-0.0236220472441,0.590551181102,158720762
-367.418670654,-247.955230713,0.35595703125,-0.0236220472441,0.590551181102,158720767
-365.738098145,-246.800796509,0.35888671875,-0.0236220472441,0.590551181102,158720772
-363.996429443,-245.811279297,0.3603515625,-0.0236220472441,0.590551181102,158720777
-362.16305542,-244.959197998,0.3623046875,-0.00787401574803,0.574803149606,158720782
-360.176940918,-244.217071533,0.3671875,-0.00787401574803,0.574803149606,158720787
-358.068572998,-243.639846802,0.373046875,-0.00787401574803,0.55905511811,158720793
-355.868560791,-243.2550354,0.37841796875,-0.00787401574803,0.55905511811,158720797
-353.668548584,-242.925201416,0.38037109375,-0.00787401574803,0.55905511811,158720803
-351.621307373,-242.732788086,0.38134765625,-0.00787401574803,0.543307086614,158720807
-349.78793335,-242.65032959,0.380859375,-0.00787401574803,0.543307086614,158720812
-348.321258545,-242.705307007,0.37744140625,-0.00787401574803,0.527559055118,158720817
-347.190704346,-242.952682495,0.369140625,-0.00787401574803,0.527559055118,158720823
-346.365692139,-243.282516479,0.35400390625,-0.00787401574803,0.527559055118,158720827
-345.785125732,-243.722305298,0.3251953125,-0.00787401574803,0.527559055118,158720832
-345.296234131,-244.162094116,0.279296875,-0.0236220472441,0.527559055118,158720837
-344.837890625,-244.656845093,0.21728515625,-0.0236220472441,0.527559055118,158720843
-344.348999023,-245.234069824,0.1259765625,-0.0236220472441,0.527559055118,158720847
-343.890655518,-245.921234131,0.1259765625,-0.0236220472441,0.527559055118,158720853
0,0,0,0,0,0
-317.184844971,-271.126342773,0.1630859375,-0.0551181102362,0.622047244094,158721280
-316.848724365,-270.219284058,0.15234375,-0.0551181102362,0.622047244094,158721285
-316.298706055,-269.422180176,0.150390625,-0.0551181102362,0.622047244094,158721290
-315.534820557,-268.487640381,0.1513671875,-0.0551181102362,0.622047244094,158721295
-314.770935059,-267.580581665,0.1552734375,-0.0551181102362,0.637795275591,158721300
-313.915344238,-266.783477783,0.1640625,-0.0551181102362,0.637795275591,158721305
-312.998687744,-266.068817139,0.169921875,-0.0551181102362,0.622047244094,158721311
-312.051452637,-265.546585083,0.17529296875,-0.0551181102362,0.622047244094,158721315
-310.981994629,-265.161773682,0.181640625,-0.0551181102362,0.622047244094,158721320
-309.820861816,-264.914398193,0.197265625,-0.0551181102362,0.622047244094,158721325
-308.568084717,-264.77696228,0.208984375,-0.0551181102362,0.622047244094,158721330
-307.162506104,-264.804443359,0.2158203125,-0.0551181102362,0.622047244094,158721335
-305.604156494,-264.969360352,0.2236328125,-0.0551181102362,0.622047244094,158721341
-303.984710693,-265.21673584,0.22607421875,-0.0551181102362,0.606299212598,158721346
-302.243011475,-265.629043579,0.228515625,-0.0551181102362,0.606299212598,158721350
-300.592987061,-266.123794556,0.23046875,-0.0551181102362,0.606299212598,158721355
-299.034637451,-266.810958862,0.2333984375,-0.0551181102362,0.606299212598,158721360
-297.537414551,-267.635559082,0.2353515625,-0.0551181102362,0.606299212598,158721365
-296.101287842,-268.625061035,0.2353515625,-0.0551181102362,0.606299212598,158721371
-294.726257324,-269.806991577,0.23486328125,-0.0551181102362,0.606299212598,158721375
-293.412384033,-271.071365356,0.2353515625,-0.0551181102362,0.606299212598,158721381
-292.190124512,-272.473175049,0.23583984375,-0.0551181102362,0.622047244094,158721385
-291.151245117,-273.847503662,0.23876953125,-0.0551181102362,0.622047244094,158721391
-290.356781006,-275.166854858,0.2470703125,-0.0551181102362,0.622047244094,158721396
-289.867889404,-276.348770142,0.255859375,-0.0551181102362,0.622047244094,158721401
-289.623443604,-277.393264771,0.2744140625,-0.0551181102362,0.622047244094,158721406
-289.653991699,-278.382781982,0.283203125,-0.0551181102362,0.622047244094,158721411
-289.867889404,-279.179885864,0.2890625,-0.0551181102362,0.622047244094,158721415
-290.234558105,-279.839553833,0.29296875,-0.0708661417323,0.622047244094,158721421
-290.784576416,-280.361801147,0.29541015625,-0.0708661417323,0.637795275591,158721426
-291.517913818,-280.746612549,0.2978515625,-0.0708661417323,0.637795275591,158721431
-292.465148926,-281.103942871,0.29833984375,-0.0708661417323,0.637795275591,158721436
-293.656829834,-281.351318359,0.29931640625,-0.0708661417323,0.637795275591,158721441
-295.092956543,-281.543716431,0.298828125,-0.0708661417323,0.637795275591,158721446
-296.834625244,-281.681152344,0.2998046875,-0.0708661417323,0.637795275591,158721451
-298.881866455,-281.76361084,0.298828125,-0.0708661417323,0.637795275591,158721456
-301.112457275,-281.736129761,0.29833984375,-0.0708661417323,0.637795275591,158721461
-303.343017578,-281.543716431,0.2978515625,-0.0708661417323,0.637795275591,158721466
-305.420837402,-281.13142395,0.29736328125,-0.0708661417323,0.637795275591,158721471
-307.131958008,-280.361801147,0.2978515625,-0.0708661417323,0.637795275591,158721476
-308.537536621,-279.26234436,0.29833984375,-0.0708661417323,0.637795275591,158721481
-309.698638916,-277.942993164,0.2998046875,-0.0708661417323,0.637795275591,158721486
-310.737548828,-276.403747559,0.30126953125,-0.0708661417323,0.637795275591,158721491
-311.715332031,-274.672103882,0.30517578125,-0.0708661417323,0.637795275591,158721496
-312.632019043,-272.803009033,0.310546875,-0.0708661417323,0.637795275591,158721501
-313.395904541,-270.769012451,0.31396484375,-0.0708661417323,0.637795275591,158721506
-313.915344238,-268.597579956,0.3154296875,-0.0708661417323,0.622047244094,158721512
-314.220916748,-266.371170044,0.31591796875,-0.0708661417323,0.622047244094,158721516
-314.312591553,-264.117279053,0.31689453125,-0.0708661417323,0.622047244094,158721522
-314.159790039,-261.918365479,0.3173828125,-0.0551181102362,0.622047244094,158721526
-313.762573242,-259.691955566,0.31982421875,-0.0551181102362,0.606299212598,158721532
-313.02923584,-257.548019409,0.32568359375,-0.0551181102362,0.606299212598,158721536
-312.020904541,-255.431549072,0.3330078125,-0.0551181102362,0.606299212598,158721541
-310.768096924,-253.39755249,0.33984375,-0.0551181102362,0.590551181102,158721547
-309.270874023,-251.473495483,0.345703125,-0.0551181102362,0.590551181102,158721552
-307.651397705,-249.769332886,0.35009765625,-0.0551181102362,0.590551181102,158721556
-305.818054199,-248.257583618,0.35205078125,-0.0551181102362,0.574803149606,158721563
-303.862487793,-246.938232422,0.35498046875,-0.0551181102362,0.574803149606,158721566
-301.723571777,-245.783798218,0.3544921875,-0.0393700787402,0.55905511811,158721572
-299.401306152,-244.794281006,0.35546875,-0.0393700787402,0.55905511811,158721576
-296.926300049,-243.942199707,0.35498046875,-0.0393700787402,0.543307086614,158721581
-294.359588623,-243.227554321,0.35302734375,-0.0393700787402,0.543307086614,158721587
-291.792907715,-242.65032959,0.35302734375,-0.0393700787402,0.527559055118,158721591
-289.378997803,-242.155578613,0.3525390625,-0.0393700787402,0.527559055118,158721596
-287.056762695,-241.743286133,0.353515625,-0.0393700787402,0.527559055118,158721602
-284.887268066,-241.41343689,0.3525390625,-0.0393700787402,0.527559055118,158721606
-282.870605469,-241.138580322,0.35205078125,-0.0393700787402,0.527559055118,158721612
-281.037231445,-241.001144409,0.35302734375,-0.0393700787402,0.527559055118,158721617
-279.44833374,-240.863708496,0.353515625,-0.0393700787402,0.527559055118,158721622
-278.195556641,-240.753768921,0.35498046875,-0.0393700787402,0.527559055118,158721627
-277.187194824,-240.808746338,0.35693359375,-0.0393700787402,0.527559055118,158721632
-276.39276123,-240.863708496,0.35791015625,-0.0393700787402,0.527559055118,158721637
-275.659423828,-240.97366333,0.3583984375,-0.0551181102362,0.527559055118,158721642
-274.834411621,-241.111083984,0.3583984375,-0.0551181102362,0.527559055118,158721647
-274.009399414,-241.193557739,0.3583984375,-0.0551181102362,0.527559055118,158721652
-273.062164307,-241.303497314,0.35498046875,-0.0551181102362,0.527559055118,158721657
-272.114929199,-241.468414307,0.349609375,-0.0551181102362,0.511811023622,158721662
-271.167694092,-241.60585022,0.337890625,-0.0551181102362,0.511811023622,158721667
-270.189910889,-241.715789795,0.31591796875,-0.0551181102362,0.511811023622,158721672
-269.242675781,-241.798248291,0.2880859375,-0.0393700787402,0.511811023622,158721677
-268.356567383,-241.825744629,0.24951171875,-0.0393700787402,0.511811023622,158721682
-267.592651367,-241.825744629,0.21435546875,-0.0393700787402,0.511811023622,158721687
-267.103759766,-241.798248291,0.158203125,-0.0393700787402,0.511811023622,158721693
-266.920440674,-241.798248291,0.1005859375,-0.0393700787402,0.511811023622,158721697
-267.134338379,-241.770767212,0.1005859375,-0.0393700787402,0.511811023622,158721702
0,0,0,0,0,0
-147.17199707,-301.361480713,0.154296875,0.0236220472441,0.622047244094,158722808
-147.17199707,-301.361480713,0.15185546875,0.00787401574803,0.637795275591,158722818
-146.896972656,-301.279022217,0.15185546875,0.00787401574803,0.637795275591,158722823
-146.255310059,-301.2240448,0.15625,0.00787401574803,0.637795275591,158722828
-145.246948242,-301.169067383,0.169921875,0.00787401574803,0.637795275591,158722834
-143.780273438,-301.004150391,0.1796875,0.00787401574803,0.637795275591,158722839
-141.916381836,-300.839233398,0.1884765625,0.00787401574803,0.637795275591,158722844
-139.716369629,-300.619338989,0.20166015625,0.00787401574803,0.637795275591,158722849
-137.119140625,-300.399459839,0.2138671875,0.00787401574803,0.637795275591,158722853
-134.216308594,-300.262023926,0.22705078125,0.00787401574803,0.637795275591,158722859
-131.160705566,-300.152069092,0.23583984375,0.00787401574803,0.637795275591,158722863
-127.982910156,-300.014648438,0.23974609375,0.00787401574803,0.637795275591,158722869
-124.896789551,-299.877212524,0.24365234375,0.00787401574803,0.637795275591,158722874
-121.963378906,-299.76725769,0.24755859375,0.00787401574803,0.637795275591,158722879
-119.24395752,-299.629837036,0.25,-0.00787401574803,0.637795275591,158722884
-116.768920898,-299.602340698,0.251953125,-0.00787401574803,0.637795275591,158722889
-114.538330078,-299.602340698,0.2529296875,-0.00787401574803,0.637795275591,158722894
-112.429992676,-299.602340698,0.25341796875,-0.00787401574803,0.637795275591,158722899
-110.47442627,-299.629837036,0.25244140625,-0.00787401574803,0.637795275591,158722904
-108.641052246,-299.684799194,0.25439453125,-0.00787401574803,0.637795275591,158722909
-106.899353027,-299.794754028,0.25439453125,-0.00787401574803,0.637795275591,158722914
-105.279907227,-299.959671021,0.2548828125,-0.00787401574803,0.637795275591,158722919
-103.782653809,-300.152069092,0.255859375,-0.00787401574803,0.637795275591,158722924
-102.407653809,-300.344482422,0.2578125,-0.00787401574803,0.637795275591,158722929
-101.185424805,-300.509399414,0.2626953125,-0.0236220472441,0.637795275591,158722934
-100.14654541,-300.701797485,0.2734375,-0.0236220472441,0.637795275591,158722939
-99.3215332031,-300.866729736,0.28271484375,-0.0236220472441,0.637795275591,158722944
-98.6187133789,-300.976669312,0.29443359375,-0.0236220472441,0.637795275591,158722949
-98.0992431641,-301.114105225,0.30859375,-0.0236220472441,0.637795275591,158722954
-97.6715087891,-301.196563721,0.318359375,-0.0236220472441,0.637795275591,158722959
-97.396484375,-301.279022217,0.3291015625,-0.0236220472441,0.637795275591,158722964
-97.2437133789,-301.361480713,0.337890625,-0.0236220472441,0.637795275591,158722969
-97.1520385742,-301.443939209,0.34521484375,-0.0236220472441,0.637795275591,158722974
-97.1520385742,-301.443939209,0.35205078125,-0.0236220472441,0.637795275591,158722979
-97.1214599609,-301.553878784,0.35888671875,-0.0236220472441,0.637795275591,158722984
-97.1214599609,-301.553878784,0.36376953125,-0.0236220472441,0.637795275591,158722989
-97.1214599609,-301.553878784,0.36669921875,-0.0236220472441,0.637795275591,158722995
-97.1214599609,-301.553878784,0.3681640625,-0.0236220472441,0.637795275591,158723000
-97.1214599609,-301.553878784,0.36572265625,-0.0236220472441,0.637795275591,158723024
-96.9992675781,-301.443939209,0.365234375,-0.0236220472441,0.637795275591,158723030
-96.8159179688,-301.251541138,0.36474609375,-0.0236220472441,0.637795275591,158723034
-96.5408935547,-300.949188232,0.365234375,-0.0236220472441,0.637795275591,158723040
-96.1131591797,-300.426940918,0.365234375,-0.0236220472441,0.637795275591,158723045
-95.5936889648,-299.739776611,0.36572265625,-0.0236220472441,0.637795275591,158723050
-94.9214477539,-298.887695312,0.36572265625,-0.0236220472441,0.637795275591,158723055
-94.1881103516,-297.788238525,0.365234375,-0.0236220472441,0.637795275591,158723060
-93.3936767578,-296.523864746,0.3662109375,-0.0236220472441,0.637795275591,158723065
-92.5992431641,-295.067077637,0.36572265625,-0.0393700787402,0.637795275591,158723070
-91.7130737305,-293.390396118,0.3662109375,-0.0393700787402,0.637795275591,158723075
-90.7964477539,-291.438858032,0.3662109375,-0.0393700787402,0.637795275591,158723080
-89.8491821289,-289.184967041,0.3662109375,-0.0393700787402,0.637795275591,158723085
-88.8103027344,-286.546264648,0.3662109375,-0.0393700787402,0.637795275591,158723090
-87.8325195312,-283.63269043,0.3662109375,-0.0393700787402,0.637795275591,158723095
-86.8547363281,-280.499237061,0.36669921875,-0.0551181102362,0.637795275591,158723100
-85.9380493164,-277.283309937,0.36669921875,-0.0551181102362,0.637795275591,158723105
-85.1436157227,-274.09487915,0.3671875,-0.0551181102362,0.637795275591,158723110
-84.4713745117,-270.823989868,0.3681640625,-0.0551181102362,0.637795275591,158723115
-84.0130004883,-267.443145752,0.369140625,-0.0551181102362,0.622047244094,158723120
-83.7685546875,-263.897384644,0.3681640625,-0.0551181102362,0.622047244094,158723125
-83.6463623047,-260.24168396,0.3681640625,-0.0551181102362,0.622047244094,158723130
-83.7380371094,-256.558502197,0.3701171875,-0.0551181102362,0.606299212598,158723135
-83.9519042969,-252.98526001,0.3701171875,-0.0551181102362,0.606299212598,158723140
-84.3491210938,-249.439498901,0.37060546875,-0.0551181102362,0.606299212598,158723146
-84.9602661133,-245.893737793,0.37060546875,-0.0551181102362,0.590551181102,158723150
-85.7852783203,-242.347976685,0.36962890625,-0.0551181102362,0.574803149606,158723155
-86.9158325195,-238.802230835,0.3701171875,-0.0551181102362,0.55905511811,158723160
-88.2908325195,-235.338928223,0.36962890625,-0.0551181102362,0.55905511811,158723165
-89.8491821289,-232.123016357,0.37109375,-0.0551181102362,0.543307086614,158723170
-91.5603027344,-229.236923218,0.3701171875,-0.0393700787402,0.543307086614,158723175
-93.3630981445,-226.653198242,0.37060546875,-0.0393700787402,0.527559055118,158723180
-95.2881469727,-224.454284668,0.3720703125,-0.0393700787402,0.527559055118,158723185
-97.3353881836,-222.502731323,0.373046875,-0.0393700787402,0.511811023622,158723190
-99.4743041992,-220.88104248,0.37451171875,-0.0236220472441,0.511811023622,158723195
-101.796508789,-219.616653442,0.37890625,-0.0236220472441,0.496062992126,158723201
-104.27154541,-218.572174072,0.38720703125,-0.0236220472441,0.496062992126,158723205
-106.868835449,-217.857528687,0.39794921875,-0.00787401574803,0.496062992126,158723211
-109.618835449,-217.280303955,0.40478515625,-0.00787401574803,0.496062992126,158723215
-112.338317871,-216.922973633,0.40869140625,-0.00787401574803,0.496062992126,158723221
-115.118896484,-216.813034058,0.4111328125,0.00787401574803,0.48031496063,158723225
-117.77722168,-216.895492554,0.412109375,0.00787401574803,0.48031496063,158723231
-120.374511719,-217.252822876,0.41259765625,0.00787401574803,0.48031496063,158723235
-122.84954834,-217.857528687,0.41357421875,0.00787401574803,0.48031496063,158723241
-125.110656738,-218.709609985,0.4140625,0.00787401574803,0.48031496063,158723246
-127.218994141,-219.891525269,0.41455078125,0.00787401574803,0.48031496063,158723251
-129.113464355,-221.348312378,0.4091796875,0.00787401574803,0.48031496063,158723256
-130.855163574,-223.024978638,0.40087890625,0.00787401574803,0.48031496063,158723261
-132.38293457,-224.839096069,0.39306640625,0.00787401574803,0.48031496063,158723266
-133.757995605,-226.708175659,0.38427734375,0.00787401574803,0.496062992126,158723271
-134.949645996,-228.522277832,0.37646484375,0.00787401574803,0.496062992126,158723276
-135.927429199,-230.253921509,0.35693359375,0.00787401574803,0.496062992126,158723281
-136.813537598,-231.903121948,0.32470703125,0.00787401574803,0.496062992126,158723286
-137.577453613,-233.442367554,0.2744140625,-0.00787401574803,0.496062992126,158723291
-138.188598633,-234.926635742,0.20703125,-0.00787401574803,0.511811023622,158723296
-138.708007812,-236.328445435,0.12060546875,-0.00787401574803,0.511811023622,158723301
-139.013549805,-237.647796631,0.12060546875,-0.00787401574803,0.511811023622,158723306
0,0,0,0,0,0
-48.1404418945,-274.644607544,0.14404296875,-0.102362204724,0.606299212598,158723874
-48.0793457031,-274.864501953,0.13232421875,-0.102362204724,0.606299212598,158723879
-47.9876708984,-275.084396362,0.119140625,-0.102362204724,0.622047244094,158723884
-47.8348999023,-275.221832275,0.12109375,-0.102362204724,0.622047244094,158723889
-47.651550293,-275.359268188,0.13623046875,-0.102362204724,0.622047244094,158723894
-47.5598754883,-275.441726685,0.14990234375,-0.102362204724,0.622047244094,158723899
-47.5598754883,-275.441726685,0.16064453125,-0.102362204724,0.622047244094,158723904
-47.5598754883,-275.441726685,0.17431640625,-0.102362204724,0.622047244094,158723910
-47.5598754883,-275.441726685,0.185546875,-0.102362204724,0.637795275591,158723915
-47.6820678711,-275.496688843,0.19140625,-0.102362204724,0.637795275591,158723920
-47.7126464844,-275.414230347,0.19189453125,-0.102362204724,0.637795275591,158723930
-47.7432250977,-275.249313354,0.19287109375,-0.11811023622,0.637795275591,158723934
-47.8348999023,-274.91947937,0.197265625,-0.11811023622,0.637795275591,158723940
-48.0181884766,-274.424713135,0.201171875,-0.11811023622,0.637795275591,158723945
-48.2626342773,-273.655105591,0.21240234375,-0.11811023622,0.637795275591,158723950
-48.5987548828,-272.638092041,0.23046875,-0.11811023622,0.622047244094,158723955
-48.9348754883,-271.373718262,0.2412109375,-0.11811023622,0.622047244094,158723960
-49.301574707,-269.806991577,0.2490234375,-0.11811023622,0.622047244094,158723965
-49.6376953125,-268.047851562,0.25732421875,-0.11811023622,0.622047244094,158723970
-50.0043334961,-266.178771973,0.26513671875,-0.11811023622,0.622047244094,158723975
-50.3710327148,-264.199737549,0.27197265625,-0.11811023622,0.622047244094,158723980
-50.676574707,-262.193222046,0.27783203125,-0.11811023622,0.606299212598,158723985
-50.9210205078,-260.159225464,0.28662109375,-0.11811023622,0.606299212598,158723990
-51.1348876953,-258.097747803,0.302734375,-0.11811023622,0.606299212598,158723995
-51.2571411133,-256.036254883,0.31787109375,-0.11811023622,0.590551181102,158724000
-51.4099121094,-253.919799805,0.33349609375,-0.11811023622,0.590551181102,158724005
-51.4710083008,-251.858306885,0.3505859375,-0.11811023622,0.574803149606,158724010
-51.5321044922,-249.769332886,0.359375,-0.11811023622,0.574803149606,158724015
-51.348815918,-247.762817383,0.36767578125,-0.11811023622,0.574803149606,158724020
-50.9515991211,-245.783798218,0.37158203125,-0.11811023622,0.55905511811,158724025
-50.3404541016,-243.832260132,0.37451171875,-0.11811023622,0.55905511811,158724030
-49.4848632812,-241.963165283,0.3779296875,-0.11811023622,0.55905511811,158724035
-48.4154052734,-240.094085693,0.38037109375,-0.11811023622,0.543307086614,158724040
-47.1626586914,-238.417419434,0.3828125,-0.11811023622,0.543307086614,158724045
-45.6959838867,-236.933151245,0.38427734375,-0.11811023622,0.543307086614,158724050
-44.1070556641,-235.696258545,0.38818359375,-0.11811023622,0.543307086614,158724055
-42.579284668,-234.816680908,0.388671875,-0.102362204724,0.527559055118,158724060
-41.0209350586,-234.239471436,0.390625,-0.102362204724,0.527559055118,158724065
-39.5542602539,-233.909637451,0.392578125,-0.102362204724,0.527559055118,158724070
-38.1181030273,-233.854660034,0.3935546875,-0.102362204724,0.511811023622,158724075
-36.6820068359,-233.964599609,0.3935546875,-0.102362204724,0.511811023622,158724080
-35.3375244141,-234.294448853,0.39208984375,-0.102362204724,0.511811023622,158724085
-33.9319458008,-234.844177246,0.39013671875,-0.102362204724,0.511811023622,158724091
-32.5875244141,-235.641281128,0.38671875,-0.102362204724,0.511811023622,158724095
-31.1819458008,-236.740737915,0.3828125,-0.102362204724,0.511811023622,158724101
-29.7152709961,-238.142547607,0.37890625,-0.102362204724,0.511811023622,158724105
-28.1874389648,-239.846710205,0.3759765625,-0.11811023622,0.511811023622,158724111
-26.6290893555,-241.743286133,0.369140625,-0.11811023622,0.527559055118,158724115
-25.1013183594,-243.804763794,0.3623046875,-0.11811023622,0.527559055118,158724121
-23.6346435547,-245.921234131,0.35546875,-0.11811023622,0.527559055118,158724126
-22.3207397461,-248.065170288,0.35107421875,-0.11811023622,0.527559055118,158724131
-21.1290283203,-250.126663208,0.3466796875,-0.11811023622,0.527559055118,158724135
-20.2123413086,-252.078201294,0.33984375,-0.133858267717,0.527559055118,158724141
-19.4484863281,-253.947280884,0.33349609375,-0.133858267717,0.543307086614,158724146
-18.8679199219,-255.678924561,0.3291015625,-0.133858267717,0.543307086614,158724151
-18.470703125,-257.273147583,0.32861328125,-0.133858267717,0.55905511811,158724156
-18.1345825195,-258.729934692,0.32861328125,-0.133858267717,0.55905511811,158724161
-17.9206542969,-260.049285889,0.32958984375,-0.133858267717,0.574803149606,158724166
-17.7067871094,-261.203720093,0.330078125,-0.149606299213,0.574803149606,158724171
-17.5234375,-262.275680542,0.330078125,-0.149606299213,0.574803149606,158724176
-17.4317626953,-263.292694092,0.33056640625,-0.149606299213,0.590551181102,158724181
-17.3401489258,-264.227233887,0.3310546875,-0.149606299213,0.590551181102,158724186
-17.3706665039,-265.134277344,0.33203125,-0.149606299213,0.590551181102,158724191
-17.3706665039,-265.986358643,0.333984375,-0.149606299213,0.590551181102,158724196
-17.3706665039,-266.838439941,0.3359375,-0.149606299213,0.606299212598,158724201
-17.4012451172,-267.580581665,0.33740234375,-0.149606299213,0.606299212598,158724206
-17.4012451172,-268.212768555,0.33837890625,-0.149606299213,0.606299212598,158724211
-17.4317626953,-268.735015869,0.341796875,-0.149606299213,0.606299212598,158724216
-17.4317626953,-269.092330933,0.34619140625,-0.149606299213,0.606299212598,158724221
-17.4623413086,-269.312225342,0.34814453125,-0.165354330709,0.606299212598,158724226
-17.4623413086,-269.422180176,0.345703125,-0.165354330709,0.606299212598,158724236
-17.4623413086,-269.422180176,0.34375,-0.165354330709,0.606299212598,158724241
-17.6151123047,-269.174789429,0.34375,-0.165354330709,0.606299212598,158724246
-17.8290405273,-268.707519531,0.34375,-0.165354330709,0.606299212598,158724251
-18.1040039062,-267.937911987,0.34423828125,-0.165354330709,0.606299212598,158724256
-18.5012207031,-266.893417358,0.34375,-0.165354330709,0.606299212598,158724261
-18.8984375,-265.601547241,0.3447265625,-0.165354330709,0.606299212598,158724266
-19.295715332,-264.117279053,0.34521484375,-0.165354330709,0.606299212598,158724272
-19.6012573242,-262.468093872,0.345703125,-0.165354330709,0.606299212598,158724276
-19.7540283203,-260.708953857,0.34716796875,-0.165354330709,0.590551181102,158724281
-19.845703125,-258.894851685,0.34814453125,-0.165354330709,0.590551181102,158724286
-19.8151245117,-257.080734253,0.34912109375,-0.165354330709,0.590551181102,158724291
-19.6623535156,-255.294113159,0.349609375,-0.165354330709,0.590551181102,158724296
-19.4484863281,-253.507492065,0.35205078125,-0.165354330709,0.574803149606,158724301
-19.1429443359,-251.775848389,0.35302734375,-0.165354330709,0.574803149606,158724306
-18.7762451172,-250.016708374,0.35498046875,-0.165354330709,0.574803149606,158724312
-18.3179321289,-248.285064697,0.35693359375,-0.149606299213,0.574803149606,158724316
-17.7984619141,-246.553421021,0.3583984375,-0.149606299213,0.574803149606,158724322
-17.1262207031,-244.794281006,0.35986328125,-0.149606299213,0.574803149606,158724327
-16.3623046875,-242.980178833,0.36181640625,-0.149606299213,0.574803149606,158724332
-15.5067749023,-241.138580322,0.36474609375,-0.149606299213,0.574803149606,158724337
-14.4984130859,-239.296981812,0.365234375,-0.149606299213,0.55905511811,158724342
-13.3678588867,-237.482879639,0.36669921875,-0.149606299213,0.55905511811,158724347
-12.1150512695,-235.751220703,0.3662109375,-0.149606299213,0.543307086614,158724353
-10.7706298828,-234.157012939,0.36767578125,-0.149606299213,0.543307086614,158724357
-9.36505126953,-232.617767334,0.3681640625,-0.149606299213,0.543307086614,158724363
-7.86779785156,-231.243438721,0.3681640625,-0.133858267717,0.527559055118,158724367
-6.34002685547,-230.034042358,0.365234375,-0.133858267717,0.511811023622,158724372
-4.81219482422,-228.989547729,0.357421875,-0.133858267717,0.511811023622,158724377
-3.31500244141,-228.16494751,0.345703125,-0.133858267717,0.511811023622,158724383
-1.90942382812,-227.505279541,0.32568359375,-0.133858267717,0.511811023622,158724387
-0.503845214844,-227.010528564,0.2900390625,-0.133858267717,0.511811023622,158724393
0.81005859375,-226.653198242,0.2373046875,-0.133858267717,0.511811023622,158724397
2.09338378906,-226.433303833,0.1650390625,-0.133858267717,0.511811023622,158724403
3.37677001953,-226.378326416,0.1005859375,-0.133858267717,0.511811023622,158724407
4.59899902344,-226.378326416,0.1005859375,-0.133858267717,0.511811023622,158724413
0,0,0,0,0,0
27.0269775391,-254.716903687,0.18017578125,-0.0866141732283,0.574803149606,158724950
26.7825317383,-254.057220459,0.16845703125,-0.0866141732283,0.574803149606,158724955
26.7520141602,-253.644927979,0.16259765625,-0.0708661417323,0.574803149606,158724960
26.9353027344,-253.287612915,0.16357421875,-0.0708661417323,0.574803149606,158724965
27.1797485352,-252.930282593,0.17333984375,-0.0708661417323,0.574803149606,158724970
27.5158691406,-252.600448608,0.18798828125,-0.0708661417323,0.574803149606,158724975
27.9742431641,-252.298095703,0.20556640625,-0.0708661417323,0.574803149606,158724980
28.5548095703,-252.105682373,0.22119140625,-0.0708661417323,0.55905511811,158724986
29.2881469727,-251.968261719,0.23193359375,-0.0708661417323,0.55905511811,158724990
30.2659301758,-251.913284302,0.23779296875,-0.0708661417323,0.55905511811,158724996
31.3048095703,-252.023223877,0.2421875,-0.0708661417323,0.55905511811,158725001
32.4965209961,-252.215637207,0.248046875,-0.0708661417323,0.55905511811,158725005
33.71875,-252.627929688,0.255859375,-0.0708661417323,0.55905511811,158725011
34.971496582,-253.232635498,0.2646484375,-0.0866141732283,0.55905511811,158725015
36.1937866211,-253.974761963,0.27197265625,-0.0866141732283,0.55905511811,158725021
37.3854370117,-254.964279175,0.27783203125,-0.0866141732283,0.55905511811,158725025
38.6382446289,-256.118713379,0.28369140625,-0.0866141732283,0.55905511811,158725031
39.9521484375,-257.520523071,0.28759765625,-0.102362204724,0.55905511811,158725036
41.3882446289,-259.169708252,0.294921875,-0.102362204724,0.55905511811,158725041
42.8854980469,-260.983825684,0.30126953125,-0.102362204724,0.574803149606,158725046
44.4438476562,-262.990341187,0.30419921875,-0.102362204724,0.574803149606,158725051
46.063293457,-265.134277344,0.3056640625,-0.102362204724,0.574803149606,158725056
47.7133178711,-267.415664673,0.30615234375,-0.11811023622,0.574803149606,158725061
49.3633422852,-269.779495239,0.30615234375,-0.11811023622,0.590551181102,158725066
51.0438842773,-272.170822144,0.30615234375,-0.11811023622,0.590551181102,158725071
52.6328125,-274.699584961,0.306640625,-0.11811023622,0.590551181102,158725076
54.0994873047,-277.310806274,0.30615234375,-0.133858267717,0.590551181102,158725081
55.4744873047,-279.89453125,0.30517578125,-0.133858267717,0.606299212598,158725086
56.6661987305,-282.423294067,0.30322265625,-0.133858267717,0.606299212598,158725091
57.6745605469,-284.732147217,0.30419921875,-0.133858267717,0.606299212598,158725096
58.4689941406,-286.876098633,0.302734375,-0.149606299213,0.622047244094,158725101
59.080078125,-288.882614136,0.30126953125,-0.149606299213,0.622047244094,158725106
59.477355957,-290.779174805,0.30078125,-0.149606299213,0.622047244094,158725111
59.7523193359,-292.565795898,0.30078125,-0.149606299213,0.622047244094,158725116
59.8745727539,-294.1875,0.30029296875,-0.165354330709,0.606299212598,158725121
59.9356689453,-295.726745605,0.30078125,-0.165354330709,0.606299212598,158725126
59.8439941406,-297.07359314,0.2998046875,-0.165354330709,0.606299212598,158725132
59.6301269531,-298.282989502,0.2998046875,-0.165354330709,0.606299212598,158725136
59.3245239258,-299.217529297,0.29931640625,-0.165354330709,0.606299212598,158725141
58.8662109375,-299.959671021,0.2998046875,-0.181102362205,0.606299212598,158725147
58.3467407227,-300.454421997,0.29833984375,-0.181102362205,0.606299212598,158725152
57.7356567383,-300.701797485,0.2978515625,-0.181102362205,0.606299212598,158725156
57.0634155273,-300.784255981,0.2958984375,-0.181102362205,0.606299212598,158725161
56.330078125,-300.619338989,0.29541015625,-0.181102362205,0.606299212598,158725166
55.505065918,-300.234527588,0.29541015625,-0.181102362205,0.606299212598,158725172
54.5883789062,-299.574859619,0.2958984375,-0.181102362205,0.606299212598,158725176
53.4884033203,-298.695297241,0.29638671875,-0.181102362205,0.606299212598,158725182
52.3883666992,-297.595825195,0.296875,-0.181102362205,0.606299212598,158725186
51.2578125,-296.276473999,0.29833984375,-0.181102362205,0.606299212598,158725192
50.1272583008,-294.792205811,0.2978515625,-0.181102362205,0.606299212598,158725196
49.057800293,-293.060562134,0.30078125,-0.181102362205,0.606299212598,158725202
48.0494384766,-291.246444702,0.30078125,-0.181102362205,0.622047244094,158725206
47.0716552734,-289.267425537,0.3017578125,-0.181102362205,0.622047244094,158725212
46.2466430664,-287.205932617,0.302734375,-0.181102362205,0.622047244094,158725216
45.5133056641,-285.116958618,0.30419921875,-0.181102362205,0.622047244094,158725222
44.7493896484,-282.945526123,0.3056640625,-0.165354330709,0.622047244094,158725227
44.0771484375,-280.691635132,0.3076171875,-0.165354330709,0.622047244094,158725232
43.3743896484,-278.465240479,0.30859375,-0.165354330709,0.622047244094,158725237
42.6716308594,-276.211349487,0.30908203125,-0.165354330709,0.622047244094,158725242
42.0299072266,-273.929962158,0.3095703125,-0.165354330709,0.622047244094,158725247
41.4188232422,-271.758529663,0.310546875,-0.165354330709,0.622047244094,158725252
40.9604492188,-269.449661255,0.3115234375,-0.165354330709,0.622047244094,158725257
40.6243896484,-267.058334351,0.31396484375,-0.149606299213,0.622047244094,158725262
40.5021362305,-264.612045288,0.3193359375,-0.149606299213,0.622047244094,158725267
40.4715576172,-262.083282471,0.3251953125,-0.149606299213,0.606299212598,158725272
40.5938110352,-259.582015991,0.3310546875,-0.149606299213,0.606299212598,158725277
40.8688354492,-257.108230591,0.33544921875,-0.149606299213,0.606299212598,158725283
41.2048950195,-254.63444519,0.337890625,-0.149606299213,0.590551181102,158725287
41.663269043,-252.298095703,0.34033203125,-0.133858267717,0.590551181102,158725293
42.1827392578,-250.016708374,0.34228515625,-0.133858267717,0.574803149606,158725297
42.7938232422,-247.845275879,0.3427734375,-0.133858267717,0.574803149606,158725303
43.5271606445,-245.673843384,0.3427734375,-0.133858267717,0.55905511811,158725307
44.4438476562,-243.47492981,0.34326171875,-0.133858267717,0.55905511811,158725313
45.4522094727,-241.276016235,0.34423828125,-0.133858267717,0.543307086614,158725317
46.6438598633,-239.049606323,0.34521484375,-0.133858267717,0.543307086614,158725323
47.9577636719,-236.878173828,0.34765625,-0.133858267717,0.527559055118,158725327
49.3633422852,-234.844177246,0.35107421875,-0.11811023622,0.527559055118,158725333
51.0133666992,-232.892623901,0.35693359375,-0.11811023622,0.527559055118,158725337
52.8466796875,-231.133499146,0.3623046875,-0.11811023622,0.527559055118,158725344
54.8634033203,-229.59425354,0.36572265625,-0.11811023622,0.511811023622,158725348
57.155090332,-228.192443848,0.36767578125,-0.11811023622,0.511811023622,158725353
59.5384521484,-227.010528564,0.369140625,-0.11811023622,0.511811023622,158725357
62.1356811523,-225.966033936,0.37060546875,-0.11811023622,0.511811023622,158725363
64.7634887695,-225.113952637,0.37109375,-0.11811023622,0.511811023622,158725367
67.2691040039,-224.509246826,0.36328125,-0.11811023622,0.511811023622,158725373
69.5913085938,-223.987014771,0.3525390625,-0.11811023622,0.511811023622,158725377
71.546875,-223.712142944,0.3408203125,-0.11811023622,0.511811023622,158725383
73.1968994141,-223.547225952,0.328125,-0.11811023622,0.511811023622,158725387
74.5413818359,-223.492248535,0.3046875,-0.11811023622,0.496062992126,158725394
75.6108398438,-223.574707031,0.28662109375,-0.11811023622,0.496062992126,158725397
76.4969482422,-223.79460144,0.2666015625,-0.11811023622,0.496062992126,158725404
77.1691894531,-224.124435425,0.24560546875,-0.11811023622,0.496062992126,158725408
77.7191772461,-224.536743164,0.20654296875,-0.11811023622,0.496062992126,158725414
78.1774902344,-225.05897522,0.15478515625,-0.11811023622,0.496062992126,158725418
78.6358642578,-225.718658447,0.103515625,-0.11811023622,0.496062992126,158725424
79.0330810547,-226.460784912,0.103515625,-0.11811023622,0.496062992126,158725428
0,0,0,0,0,0
128.136352539,-273.737564087,0.2666015625,-0.165354330709,0.590551181102,158726202
128.228027344,-273.984939575,0.26904296875,-0.165354330709,0.606299212598,158726207
128.19744873,-274.259796143,0.2587890625,-0.165354330709,0.606299212598,158726212
128.258605957,-274.589645386,0.25634765625,-0.165354330709,0.606299212598,158726217
128.319702148,-274.837020874,0.25830078125,-0.165354330709,0.606299212598,158726222
128.350280762,-275.084396362,0.2626953125,-0.165354330709,0.606299212598,158726227
128.350280762,-275.221832275,0.265625,-0.165354330709,0.606299212598,158726233
128.38079834,-275.359268188,0.26904296875,-0.165354330709,0.606299212598,158726237
128.38079834,-275.496688843,0.2705078125,-0.165354330709,0.622047244094,158726242
128.38079834,-275.496688843,0.27197265625,-0.165354330709,0.622047244094,158726247
128.350280762,-275.606643677,0.2734375,-0.181102362205,0.622047244094,158726252
128.350280762,-275.606643677,0.275390625,-0.181102362205,0.622047244094,158726257
128.258605957,-275.579147339,0.2744140625,-0.181102362205,0.622047244094,158726263
128.136352539,-275.55166626,0.2744140625,-0.181102362205,0.622047244094,158726267
127.891906738,-275.441726685,0.275390625,-0.181102362205,0.622047244094,158726273
127.464111328,-275.221832275,0.275390625,-0.181102362205,0.622047244094,158726278
126.761352539,-274.809524536,0.27587890625,-0.181102362205,0.622047244094,158726283
125.783569336,-274.149856567,0.279296875,-0.181102362205,0.622047244094,158726287
124.622436523,-273.242797852,0.28271484375,-0.181102362205,0.622047244094,158726292
123.339111328,-272.088363647,0.28857421875,-0.181102362205,0.622047244094,158726297
121.964050293,-270.741531372,0.29443359375,-0.181102362205,0.622047244094,158726303
120.619628906,-269.119827271,0.30029296875,-0.181102362205,0.622047244094,158726308
119.275146484,-267.360687256,0.3046875,-0.181102362205,0.622047244094,158726313
118.022338867,-265.381668091,0.31103515625,-0.181102362205,0.622047244094,158726318
116.800109863,-263.237716675,0.3232421875,-0.181102362205,0.606299212598,158726323
115.761230469,-261.06628418,0.33544921875,-0.181102362205,0.606299212598,158726328
114.87512207,-258.839874268,0.34521484375,-0.165354330709,0.606299212598,158726333
114.202880859,-256.69593811,0.3525390625,-0.165354330709,0.590551181102,158726338
113.713989258,-254.551986694,0.3583984375,-0.165354330709,0.590551181102,158726344
113.377868652,-252.490493774,0.36279296875,-0.165354330709,0.590551181102,158726348
113.194519043,-250.483978271,0.36572265625,-0.165354330709,0.574803149606,158726354
113.164001465,-248.614898682,0.37060546875,-0.165354330709,0.574803149606,158726358
113.316772461,-246.855773926,0.375,-0.149606299213,0.574803149606,158726363
113.683410645,-245.096633911,0.38037109375,-0.149606299213,0.55905511811,158726368
114.294555664,-243.44744873,0.384765625,-0.149606299213,0.55905511811,158726373
115.119567871,-241.743286133,0.38818359375,-0.149606299213,0.543307086614,158726378
116.189025879,-240.14906311,0.39013671875,-0.149606299213,0.543307086614,158726384
117.594604492,-238.664794922,0.3916015625,-0.149606299213,0.527559055118,158726388
119.275146484,-237.235488892,0.396484375,-0.149606299213,0.527559055118,158726394
121.322387695,-235.888656616,0.39892578125,-0.149606299213,0.527559055118,158726398
123.766845703,-234.624282837,0.3994140625,-0.149606299213,0.527559055118,158726403
126.455810547,-233.497329712,0.400390625,-0.133858267717,0.527559055118,158726408
129.419677734,-232.535308838,0.4013671875,-0.133858267717,0.511811023622,158726414
132.41418457,-231.765686035,0.40185546875,-0.133858267717,0.511811023622,158726418
135.286437988,-231.133499146,0.40234375,-0.133858267717,0.511811023622,158726424
138.036437988,-230.693710327,0.40087890625,-0.133858267717,0.511811023622,158726428
140.450378418,-230.446334839,0.3974609375,-0.133858267717,0.511811023622,158726434
142.497619629,-230.308898926,0.39404296875,-0.133858267717,0.511811023622,158726438
144.178161621,-230.336380005,0.390625,-0.133858267717,0.511811023622,158726444
145.40045166,-230.501312256,0.3818359375,-0.133858267717,0.511811023622,158726448
146.286560059,-230.721191406,0.3720703125,-0.133858267717,0.511811023622,158726454
146.836547852,-230.996063232,0.361328125,-0.133858267717,0.511811023622,158726458
147.111572266,-231.270935059,0.34375,-0.133858267717,0.496062992126,158726464
147.264343262,-231.545791626,0.310546875,-0.133858267717,0.496062992126,158726468
147.325439453,-231.87562561,0.279296875,-0.133858267717,0.496062992126,158726474
147.264343262,-232.28793335,0.22802734375,-0.133858267717,0.496062992126,158726479
147.20324707,-232.810165405,0.1591796875,-0.133858267717,0.496062992126,158726484
146.95880127,-233.414871216,0.087890625,-0.11811023622,0.496062992126,158726489
146.592102051,-234.047058105,0.087890625,-0.11811023622,0.496062992126,158726495
0,0,0,0,0,0
191.5703125,-267.360687256,0.10888671875,-0.0866141732283,0.574803149606,158727670
191.448120117,-267.388168335,0.1142578125,-0.0866141732283,0.574803149606,158727675
191.448120117,-267.388168335,0.11279296875,-0.0866141732283,0.574803149606,158727680
191.448120117,-267.388168335,0.1103515625,-0.0866141732283,0.574803149606,158727685
191.387023926,-267.47064209,0.11328125,-0.0866141732283,0.574803149606,158727690
191.387023926,-267.47064209,0.11865234375,-0.0866141732283,0.590551181102,158727695
191.387023926,-267.47064209,0.12255859375,-0.0866141732283,0.590551181102,158727701
191.387023926,-267.553100586,0.125,-0.0866141732283,0.590551181102,158727705
191.387023926,-267.553100586,0.12646484375,-0.0866141732283,0.590551181102,158727711
191.387023926,-267.553100586,0.1279296875,-0.0866141732283,0.590551181102,158727715
191.448120117,-267.69052124,0.13037109375,-0.0866141732283,0.590551181102,158727721
191.448120117,-267.772979736,0.13427734375,-0.0866141732283,0.590551181102,158727725
191.448120117,-267.772979736,0.13671875,-0.0866141732283,0.590551181102,158727731
191.47869873,-267.937911987,0.1376953125,-0.0866141732283,0.590551181102,158727735
191.47869873,-267.937911987,0.14013671875,-0.0866141732283,0.590551181102,158727741
191.509216309,-268.020370483,0.14453125,-0.0866141732283,0.590551181102,158727746
191.509216309,-268.020370483,0.150390625,-0.0866141732283,0.590551181102,158727751
191.47869873,-268.102828979,0.154296875,-0.0866141732283,0.590551181102,158727756
191.47869873,-268.102828979,0.1591796875,-0.0866141732283,0.590551181102,158727761
191.47869873,-268.102828979,0.1650390625,-0.0866141732283,0.590551181102,158727766
191.47869873,-268.102828979,0.1728515625,-0.0866141732283,0.590551181102,158727771
191.47869873,-268.102828979,0.18212890625,-0.0866141732283,0.590551181102,158727776
191.47869873,-268.102828979,0.1904296875,-0.0866141732283,0.590551181102,158727781
191.47869873,-268.102828979,0.1943359375,-0.0866141732283,0.590551181102,158727786
191.631469727,-268.102828979,0.19580078125,-0.0866141732283,0.590551181102,158727791
191.845336914,-268.130310059,0.1962890625,-0.0866141732283,0.590551181102,158727796
192.18145752,-268.185287476,0.197265625,-0.0866141732283,0.590551181102,158727801
192.762023926,-268.240249634,0.19775390625,-0.0866141732283,0.590551181102,158727806
193.434265137,-268.350204468,0.19775390625,-0.0866141732283,0.590551181102,158727811
194.259277344,-268.542602539,0.19775390625,-0.0866141732283,0.590551181102,158727816
195.206481934,-268.680038452,0.20068359375,-0.0866141732283,0.590551181102,158727821
196.21484375,-268.872451782,0.20849609375,-0.0866141732283,0.590551181102,158727826
197.253723145,-269.092330933,0.21533203125,-0.0866141732283,0.590551181102,158727831
198.353759766,-269.33972168,0.22216796875,-0.0866141732283,0.590551181102,158727836
199.484313965,-269.669555664,0.228515625,-0.0866141732283,0.590551181102,158727841
200.614868164,-270.054367065,0.2353515625,-0.0866141732283,0.590551181102,158727846
201.745422363,-270.494155884,0.23681640625,-0.0866141732283,0.590551181102,158727852
202.876037598,-270.933929443,0.2392578125,-0.0866141732283,0.590551181102,158727856
203.914916992,-271.483657837,0.24267578125,-0.0866141732283,0.590551181102,158727861
204.831604004,-272.060882568,0.2490234375,-0.0866141732283,0.590551181102,158727866
205.687133789,-272.665588379,0.25732421875,-0.0866141732283,0.590551181102,158727871
206.420471191,-273.352752686,0.26513671875,-0.0866141732283,0.590551181102,158727876
207.123291016,-274.067398071,0.26708984375,-0.0866141732283,0.590551181102,158727882
207.826049805,-274.809524536,0.27001953125,-0.0866141732283,0.590551181102,158727886
208.437194824,-275.661605835,0.27734375,-0.0866141732283,0.590551181102,158727891
208.987182617,-276.623641968,0.2861328125,-0.0866141732283,0.590551181102,158727896
209.445495605,-277.668121338,0.29443359375,-0.0866141732283,0.590551181102,158727902
209.873291016,-278.795074463,0.2958984375,-0.0866141732283,0.590551181102,158727906
210.301086426,-279.949508667,0.2978515625,-0.0866141732283,0.590551181102,158727912
210.728881836,-281.021484375,0.2998046875,-0.0866141732283,0.590551181102,158727916
211.09552002,-282.010986328,0.30126953125,-0.0866141732283,0.590551181102,158727922
211.370544434,-282.918045044,0.306640625,-0.0866141732283,0.590551181102,158727926
211.553894043,-283.687667847,0.31640625,-0.0866141732283,0.590551181102,158727932
211.614990234,-284.319854736,0.32177734375,-0.0866141732283,0.590551181102,158727937
211.584411621,-284.732147217,0.32275390625,-0.0866141732283,0.590551181102,158727942
211.462219238,-285.034500122,0.3232421875,-0.0866141732283,0.590551181102,158727947
211.278869629,-285.199417114,0.32373046875,-0.0866141732283,0.606299212598,158727952
211.034423828,-285.336853027,0.32421875,-0.0866141732283,0.606299212598,158727957
210.667785645,-285.47428894,0.32421875,-0.102362204724,0.606299212598,158727962
210.178833008,-285.556747437,0.32421875,-0.102362204724,0.606299212598,158727967
209.567749023,-285.639205933,0.32470703125,-0.102362204724,0.590551181102,158727972
208.834411621,-285.666687012,0.32470703125,-0.102362204724,0.590551181102,158727977
208.009399414,-285.666687012,0.32373046875,-0.102362204724,0.590551181102,158727982
207.062133789,-285.47428894,0.3232421875,-0.102362204724,0.590551181102,158727987
206.084350586,-285.06199646,0.32275390625,-0.102362204724,0.590551181102,158727993
205.014892578,-284.42980957,0.322265625,-0.102362204724,0.590551181102,158727997
203.914916992,-283.522750854,0.3212890625,-0.102362204724,0.590551181102,158728002
202.814880371,-282.450775146,0.32080078125,-0.102362204724,0.590551181102,158728007
201.684326172,-281.158905029,0.31982421875,-0.102362204724,0.590551181102,158728013
200.492675781,-279.647155762,0.3203125,-0.102362204724,0.590551181102,158728017
199.300964355,-278.02545166,0.3193359375,-0.102362204724,0.590551181102,158728022
198.109313965,-276.321289062,0.31982421875,-0.0866141732283,0.590551181102,158728027
196.917602539,-274.589645386,0.3203125,-0.0866141732283,0.590551181102,158728032
195.78704834,-272.85798645,0.3203125,-0.0866141732283,0.590551181102,158728037
194.748168945,-271.043884277,0.3203125,-0.0866141732283,0.590551181102,158728043
193.80090332,-269.174789429,0.3212890625,-0.0866141732283,0.590551181102,158728047
193.067565918,-267.305709839,0.3212890625,-0.0866141732283,0.590551181102,158728052
192.578674316,-265.40914917,0.32275390625,-0.0866141732283,0.574803149606,158728057
192.273132324,-263.457611084,0.32373046875,-0.0866141732283,0.574803149606,158728062
192.303649902,-261.533554077,0.32568359375,-0.0708661417323,0.574803149606,158728067
192.548156738,-259.60949707,0.33154296875,-0.0708661417323,0.574803149606,158728072
193.128662109,-257.657958984,0.33837890625,-0.0708661417323,0.55905511811,158728077
194.075927734,-255.678924561,0.345703125,-0.0708661417323,0.55905511811,158728082
195.35925293,-253.699905396,0.35009765625,-0.0708661417323,0.55905511811,158728087
196.97869873,-251.775848389,0.35400390625,-0.0708661417323,0.543307086614,158728093
198.842651367,-249.906768799,0.35693359375,-0.0708661417323,0.543307086614,158728097
200.859313965,-248.175125122,0.359375,-0.0708661417323,0.543307086614,158728103
203.120483398,-246.5809021,0.361328125,-0.0708661417323,0.527559055118,158728107
205.595458984,-245.096633911,0.3642578125,-0.0708661417323,0.527559055118,158728113
208.253845215,-243.749801636,0.36767578125,-0.0708661417323,0.511811023622,158728118
211.156677246,-242.485412598,0.37060546875,-0.0708661417323,0.511811023622,158728123
214.242797852,-241.358474731,0.37646484375,-0.0708661417323,0.511811023622,158728128
217.328918457,-240.286499023,0.38134765625,-0.0708661417323,0.496062992126,158728133
220.384521484,-239.324462891,0.38427734375,-0.0708661417323,0.496062992126,158728138
223.378967285,-238.554840088,0.3857421875,-0.0708661417323,0.496062992126,158728144
226.159606934,-237.86769104,0.3857421875,-0.0708661417323,0.496062992126,158728148
228.756835938,-237.372924805,0.3857421875,-0.0708661417323,0.496062992126,158728153
231.109619141,-236.933151245,0.38525390625,-0.0708661417323,0.496062992126,158728158
233.156860352,-236.658279419,0.3857421875,-0.0708661417323,0.496062992126,158728163
234.929138184,-236.520843506,0.38232421875,-0.0708661417323,0.496062992126,158728168
236.395812988,-236.493362427,0.37646484375,-0.0866141732283,0.496062992126,158728173
237.556945801,-236.575820923,0.3671875,-0.0866141732283,0.496062992126,158728178
238.504150391,-236.713256836,0.35693359375,-0.0866141732283,0.496062992126,158728183
239.176391602,-236.905654907,0.337890625,-0.0866141732283,0.496062992126,158728188
239.63470459,-237.125549316,0.3134765625,-0.0866141732283,0.496062992126,158728193
239.909729004,-237.317962646,0.2880859375,-0.0866141732283,0.496062992126,158728198
240.0625,-237.565338135,0.26123046875,-0.0866141732283,0.48031496063,158728203
240.093078613,-237.785232544,0.236328125,-0.0866141732283,0.48031496063,158728208
240.031921387,-238.032608032,0.20751953125,-0.0708661417323,0.48031496063,158728213
239.848632812,-238.334960938,0.17724609375,-0.0708661417323,0.48031496063,158728218
239.665283203,-238.49987793,0.1455078125,-0.0708661417323,0.48031496063,158728224
239.420837402,-238.719772339,0.1171875,-0.0708661417323,0.496062992126,158728228
239.145812988,-238.857192993,0.07080078125,-0.0708661417323,0.496062992126,158728233
238.901367188,-238.994628906,0.07080078125,-0.0708661417323,0.496062992126,158728238
0,0,0,0,0,0
