x,y,p,xt,yt,time
0,0,0,0,0,0
-620.735153198,-293.242477417,0.22265625,0.0866141732283,0.685039370079,158755470
-620.887939453,-293.324935913,0.22119140625,0.102362204724,0.700787401575,158755475
-620.918487549,-293.407394409,0.2158203125,0.102362204724,0.700787401575,158755480
-620.918487549,-293.407394409,0.2177734375,0.102362204724,0.700787401575,158755485
-620.857376099,-293.517349243,0.22314453125,0.11811023622,0.716535433071,158755490
-620.857376099,-293.517349243,0.23095703125,0.11811023622,0.716535433071,158755495
-620.857376099,-293.517349243,0.23291015625,0.11811023622,0.716535433071,158755500
-620.765716553,-293.462371826,0.23193359375,0.11811023622,0.732283464567,158755505
-620.765716553,-293.462371826,0.22900390625,0.133858267717,0.732283464567,158755510
-620.551818848,-293.37991333,0.2275390625,0.133858267717,0.732283464567,158755515
-620.337936401,-293.269958496,0.2314453125,0.133858267717,0.732283464567,158755520
-619.971252441,-293.160018921,0.23876953125,0.133858267717,0.732283464567,158755526
-619.329589844,-292.995101929,0.24658203125,0.133858267717,0.732283464567,158755531
-618.382354736,-292.802688599,0.2529296875,0.133858267717,0.732283464567,158755535
-617.099014282,-292.582809448,0.2587890625,0.133858267717,0.732283464567,158755541
-615.448989868,-292.390396118,0.26611328125,0.133858267717,0.732283464567,158755546
-613.554534912,-292.280456543,0.2734375,0.133858267717,0.732283464567,158755551
-611.507278442,-292.225479126,0.28076171875,0.133858267717,0.732283464567,158755556
-609.276702881,-292.307937622,0.29150390625,0.133858267717,0.716535433071,158755561
-606.985015869,-292.390396118,0.2998046875,0.133858267717,0.716535433071,158755566
-604.693328857,-292.582809448,0.3046875,0.133858267717,0.716535433071,158755571
-602.371078491,-292.830184937,0.31103515625,0.133858267717,0.716535433071,158755576
-600.079391479,-293.160018921,0.31494140625,0.133858267717,0.716535433071,158755581
-597.757141113,-293.544830322,0.31640625,0.133858267717,0.700787401575,158755586
-595.465454102,-293.929641724,0.31787109375,0.133858267717,0.700787401575,158755591
-593.29598999,-294.314453125,0.31884765625,0.133858267717,0.700787401575,158755596
-591.279296875,-294.671783447,0.31884765625,0.11811023622,0.685039370079,158755601
-589.56817627,-295.084075928,0.31982421875,0.11811023622,0.685039370079,158755606
-588.101486206,-295.468887329,0.31982421875,0.11811023622,0.685039370079,158755612
-586.970916748,-295.826202393,0.32080078125,0.11811023622,0.685039370079,158755616
-586.115356445,-296.101074219,0.3232421875,0.11811023622,0.685039370079,158755621
-585.565353394,-296.320968628,0.33056640625,0.11811023622,0.669291338583,158755626
-585.259796143,-296.48588562,0.34130859375,0.11811023622,0.669291338583,158755631
-585.137573242,-296.568344116,0.35546875,0.11811023622,0.669291338583,158755636
-585.076461792,-296.678283691,0.36962890625,0.11811023622,0.669291338583,158755641
-585.076461792,-296.678283691,0.3818359375,0.11811023622,0.669291338583,158755646
-585.076461792,-296.678283691,0.39111328125,0.11811023622,0.669291338583,158755651
-585.076461792,-296.678283691,0.3994140625,0.11811023622,0.669291338583,158755656
-585.076461792,-296.678283691,0.4072265625,0.11811023622,0.669291338583,158755661
-585.076461792,-296.678283691,0.41259765625,0.11811023622,0.669291338583,158755666
-585.107009888,-296.760742188,0.41748046875,0.11811023622,0.669291338583,158755671
-585.107009888,-296.760742188,0.42041015625,0.133858267717,0.669291338583,158755676
-585.107009888,-296.760742188,0.41845703125,0.133858267717,0.669291338583,158755701
-585.107009888,-296.760742188,0.41650390625,0.133858267717,0.669291338583,158755706
-585.107009888,-296.760742188,0.4130859375,0.133858267717,0.669291338583,158755712
-585.107009888,-296.623321533,0.4111328125,0.133858267717,0.669291338583,158755716
-585.076461792,-296.430908203,0.4111328125,0.133858267717,0.669291338583,158755722
-584.954238892,-296.07359314,0.41162109375,0.133858267717,0.669291338583,158755726
-584.709793091,-295.578826904,0.4111328125,0.133858267717,0.669291338583,158755732
-584.281997681,-294.836700439,0.4111328125,0.11811023622,0.669291338583,158755736
-583.640335083,-293.929641724,0.41162109375,0.11811023622,0.669291338583,158755741
-582.815322876,-292.77520752,0.412109375,0.11811023622,0.669291338583,158755747
-581.715316772,-291.290939331,0.4111328125,0.11811023622,0.669291338583,158755752
-580.401412964,-289.586776733,0.41162109375,0.11811023622,0.669291338583,158755756
-578.904174805,-287.58026123,0.41162109375,0.102362204724,0.669291338583,158755762
-577.254150391,-285.436309814,0.41259765625,0.102362204724,0.669291338583,158755767
-575.543029785,-283.044998169,0.4111328125,0.102362204724,0.669291338583,158755772
-573.893005371,-280.461257935,0.40966796875,0.102362204724,0.669291338583,158755777
-572.334655762,-277.822555542,0.408203125,0.102362204724,0.669291338583,158755782
-570.929092407,-275.046417236,0.4052734375,0.0866141732283,0.669291338583,158755787
-569.829086304,-272.187835693,0.40380859375,0.0866141732283,0.669291338583,158755792
-568.912399292,-269.246765137,0.40185546875,0.0866141732283,0.669291338583,158755797
-568.270736694,-266.085830688,0.4013671875,0.0866141732283,0.669291338583,158755802
-567.842941284,-262.842422485,0.3984375,0.0866141732283,0.653543307087,158755807
-567.567947388,-259.516555786,0.39208984375,0.0866141732283,0.653543307087,158755812
-567.476272583,-256.218170166,0.38232421875,0.0866141732283,0.653543307087,158755817
-567.567947388,-253.002258301,0.37353515625,0.102362204724,0.637795275591,158755823
-567.812393188,-249.92376709,0.3671875,0.102362204724,0.637795275591,158755827
-568.24017334,-246.982711792,0.36376953125,0.102362204724,0.622047244094,158755832
-568.790176392,-244.151611328,0.35791015625,0.102362204724,0.606299212598,158755837
-569.492965698,-241.457931519,0.3525390625,0.102362204724,0.590551181102,158755843
-570.348526001,-238.929168701,0.3505859375,0.102362204724,0.574803149606,158755847
-571.356872559,-236.482879639,0.34765625,0.102362204724,0.574803149606,158755852
-572.579101562,-234.256469727,0.34716796875,0.102362204724,0.55905511811,158755857
-574.015228271,-232.194976807,0.345703125,0.11811023622,0.543307086614,158755863
-575.604141235,-230.325897217,0.3466796875,0.11811023622,0.543307086614,158755867
-577.437484741,-228.704193115,0.3466796875,0.11811023622,0.527559055118,158755872
-579.454177856,-227.247421265,0.34814453125,0.11811023622,0.527559055118,158755877
-581.593093872,-226.010528564,0.3505859375,0.11811023622,0.527559055118,158755883
-583.915328979,-224.883575439,0.35595703125,0.11811023622,0.527559055118,158755887
-586.359802246,-224.004013062,0.3642578125,0.11811023622,0.527559055118,158755892
-588.834838867,-223.261871338,0.3798828125,0.11811023622,0.527559055118,158755897
-591.37097168,-222.684661865,0.39501953125,0.11811023622,0.527559055118,158755902
-593.845993042,-222.327331543,0.41015625,0.11811023622,0.527559055118,158755907
-596.076568604,-222.107437134,0.42626953125,0.11811023622,0.527559055118,158755913
-598.001586914,-222.134933472,0.43408203125,0.11811023622,0.527559055118,158755917
-599.590499878,-222.437271118,0.43994140625,0.11811023622,0.527559055118,158755923
-600.873840332,-222.932037354,0.4404296875,0.11811023622,0.527559055118,158755928
-601.94329834,-223.646682739,0.4365234375,0.11811023622,0.527559055118,158755932
-602.921081543,-224.526245117,0.42578125,0.11811023622,0.527559055118,158755938
-603.715545654,-225.543258667,0.41162109375,0.11811023622,0.527559055118,158755943
-604.387771606,-226.670196533,0.39501953125,0.11811023622,0.527559055118,158755948
-604.937774658,-227.852111816,0.373046875,0.11811023622,0.543307086614,158755953
-605.243331909,-229.034042358,0.34716796875,0.11811023622,0.543307086614,158755957
-605.335006714,-230.106002808,0.3046875,0.11811023622,0.543307086614,158755963
-605.182220459,-231.040542603,0.2353515625,0.11811023622,0.543307086614,158755968
-604.846099854,-231.865142822,0.1083984375,0.11811023622,0.543307086614,158755973
-604.448883057,-232.579788208,0.1083984375,0.11811023622,0.543307086614,158755978
0,0,0,0,0,0
-520.114685059,-290.521316528,0.19970703125,0.0236220472441,0.653543307087,158756722
-520.206359863,-290.741210938,0.19677734375,0.0236220472441,0.653543307087,158756727
-520.328582764,-290.961105347,0.1748046875,0.0236220472441,0.653543307087,158756732
-520.42024231,-291.071044922,0.171875,0.0236220472441,0.653543307087,158756737
-520.54246521,-291.153503418,0.17724609375,0.0236220472441,0.653543307087,158756743
-520.54246521,-291.153503418,0.18310546875,0.0236220472441,0.653543307087,158756747
-520.634140015,-291.180999756,0.1845703125,0.00787401574803,0.653543307087,158756752
-520.634140015,-291.071044922,0.18603515625,0.00787401574803,0.669291338583,158756757
-520.725799561,-290.851150513,0.1923828125,0.00787401574803,0.669291338583,158756762
-520.817474365,-290.493835449,0.20263671875,0.00787401574803,0.669291338583,158756767
-520.939697266,-290.026565552,0.2080078125,0.00787401574803,0.669291338583,158756772
-521.153579712,-289.394363403,0.220703125,0.00787401574803,0.669291338583,158756777
-521.336914062,-288.679718018,0.23291015625,0.00787401574803,0.669291338583,158756782
-521.550811768,-287.745178223,0.23876953125,0.00787401574803,0.669291338583,158756787
-521.764709473,-286.618240356,0.25048828125,0.00787401574803,0.669291338583,158756793
-521.978591919,-285.243911743,0.26416015625,0.00787401574803,0.669291338583,158756797
-522.16192627,-283.677185059,0.27392578125,0.00787401574803,0.685039370079,158756803
-522.314712524,-281.945526123,0.28271484375,0.00787401574803,0.685039370079,158756807
-522.467483521,-280.076446533,0.2890625,0.00787401574803,0.685039370079,158756812
-522.528594971,-278.179885864,0.29541015625,0.00787401574803,0.685039370079,158756817
-522.467483521,-276.283309937,0.3017578125,0.00787401574803,0.685039370079,158756823
-522.314712524,-274.359268188,0.31298828125,0.00787401574803,0.685039370079,158756827
-522.009155273,-272.435211182,0.3212890625,0.00787401574803,0.685039370079,158756833
-521.550811768,-270.456176758,0.3291015625,0.00787401574803,0.685039370079,158756837
-520.970245361,-268.312225342,0.33984375,0.00787401574803,0.685039370079,158756843
-520.267471313,-266.085830688,0.35009765625,0.00787401574803,0.685039370079,158756847
-519.442459106,-263.804443359,0.35888671875,0.00787401574803,0.669291338583,158756853
-518.434112549,-261.523071289,0.3642578125,0.00787401574803,0.669291338583,158756857
-517.272994995,-259.351638794,0.3662109375,0.00787401574803,0.669291338583,158756862
-515.928527832,-257.262664795,0.369140625,0.00787401574803,0.653543307087,158756867
-514.461853027,-255.421066284,0.3701171875,0.00787401574803,0.653543307087,158756873
-512.934051514,-253.716903687,0.37109375,0.00787401574803,0.637795275591,158756878
-511.406265259,-252.260116577,0.37109375,0.00787401574803,0.637795275591,158756883
-510.000686646,-251.105682373,0.37109375,0.00787401574803,0.622047244094,158756888
-508.686798096,-250.198638916,0.3720703125,0.00787401574803,0.622047244094,158756893
-507.495117188,-249.593933105,0.37255859375,0.00787401574803,0.622047244094,158756898
-506.48677063,-249.181625366,0.37353515625,0.00787401574803,0.606299212598,158756903
-505.600646973,-248.961746216,0.37548828125,0.00787401574803,0.606299212598,158756908
-504.836746216,-248.87928772,0.37744140625,0.00787401574803,0.606299212598,158756913
-504.103408813,-249.044204712,0.376953125,0.0236220472441,0.606299212598,158756918
-503.339508057,-249.374038696,0.37646484375,0.0236220472441,0.606299212598,158756923
-502.422836304,-249.951248169,0.3740234375,0.0236220472441,0.606299212598,158756928
-501.38394165,-250.858306885,0.37060546875,0.0236220472441,0.606299212598,158756933
-500.253372192,-252.012741089,0.365234375,0.0236220472441,0.606299212598,158756938
-499.031143188,-253.524505615,0.36328125,0.0236220472441,0.606299212598,158756943
-497.71723938,-255.338607788,0.35888671875,0.0236220472441,0.606299212598,158756948
-496.464447021,-257.400085449,0.357421875,0.0236220472441,0.606299212598,158756953
-495.211654663,-259.681472778,0.35498046875,0.0236220472441,0.606299212598,158756958
-494.142196655,-262.182739258,0.353515625,0.0236220472441,0.606299212598,158756963
-493.225524902,-264.82144165,0.3525390625,0.0236220472441,0.606299212598,158756968
-492.400512695,-267.432662964,0.3544921875,0.0236220472441,0.606299212598,158756973
-491.789398193,-269.906448364,0.35693359375,0.0236220472441,0.622047244094,158756978
-491.361618042,-272.160339355,0.359375,0.0236220472441,0.622047244094,158756983
-491.117172241,-274.139373779,0.361328125,0.0236220472441,0.622047244094,158756988
-491.025497437,-275.953475952,0.36572265625,0.0236220472441,0.622047244094,158756994
-491.056060791,-277.520202637,0.37353515625,0.0236220472441,0.637795275591,158756998
-491.178283691,-278.89453125,0.38134765625,0.0236220472441,0.637795275591,158757004
-491.300506592,-279.993988037,0.3857421875,0.0236220472441,0.637795275591,158757008
-491.483840942,-280.873565674,0.390625,0.0236220472441,0.653543307087,158757013
-491.697723389,-281.615692139,0.3974609375,0.0236220472441,0.653543307087,158757019
-491.789398193,-282.19291687,0.40185546875,0.00787401574803,0.653543307087,158757024
-491.881057739,-282.687667847,0.40380859375,0.00787401574803,0.653543307087,158757028
-491.972732544,-283.017501831,0.4052734375,0.00787401574803,0.669291338583,158757033
-491.972732544,-283.209915161,0.40673828125,0.00787401574803,0.669291338583,158757038
-492.00328064,-283.319854736,0.404296875,0.00787401574803,0.669291338583,158757044
-492.00328064,-283.319854736,0.400390625,0.00787401574803,0.669291338583,158757049
-492.033843994,-283.209915161,0.39599609375,0.00787401574803,0.669291338583,158757054
-492.033843994,-282.962524414,0.39697265625,0.00787401574803,0.669291338583,158757059
-491.942169189,-282.467773438,0.3974609375,0.00787401574803,0.669291338583,158757063
-491.667175293,-281.615692139,0.39892578125,0.00787401574803,0.669291338583,158757069
-491.331054688,-280.461257935,0.3974609375,0.00787401574803,0.669291338583,158757074
-490.903274536,-279.031967163,0.396484375,0.00787401574803,0.669291338583,158757079
-490.414382935,-277.492721558,0.3974609375,0.00787401574803,0.669291338583,158757084
-489.986602783,-275.843536377,0.39794921875,0.00787401574803,0.669291338583,158757089
-489.528259277,-274.111877441,0.39794921875,0.00787401574803,0.669291338583,158757094
-489.039367676,-272.270294189,0.3984375,0.00787401574803,0.669291338583,158757099
-488.51991272,-270.401199341,0.3984375,0.00787401574803,0.653543307087,158757104
-487.878250122,-268.394683838,0.39794921875,0.00787401574803,0.653543307087,158757109
-487.114349365,-266.388168335,0.39794921875,0.00787401574803,0.653543307087,158757114
-486.228225708,-264.381668091,0.3974609375,0.00787401574803,0.653543307087,158757119
-485.21987915,-262.237716675,0.396484375,0.00787401574803,0.637795275591,158757124
-484.180984497,-260.176223755,0.3974609375,0.00787401574803,0.637795275591,158757129
-483.019866943,-258.114746094,0.39794921875,0.00787401574803,0.637795275591,158757134
-481.828186035,-256.080734253,0.39794921875,0.00787401574803,0.622047244094,158757139
-480.575393677,-254.101715088,0.39697265625,0.00787401574803,0.622047244094,158757144
-479.261489868,-252.20513916,0.39697265625,0.00787401574803,0.622047244094,158757149
-477.886474609,-250.473495483,0.3974609375,0.00787401574803,0.606299212598,158757154
-476.419799805,-248.87928772,0.3984375,0.00787401574803,0.606299212598,158757159
-474.830886841,-247.504959106,0.39794921875,0.00787401574803,0.606299212598,158757164
-473.028091431,-246.323043823,0.39794921875,0.00787401574803,0.590551181102,158757169
-471.072525024,-245.278549194,0.39892578125,0.00787401574803,0.590551181102,158757174
-468.933609009,-244.344009399,0.39892578125,0.00787401574803,0.574803149606,158757179
-466.703033447,-243.574386597,0.39990234375,0.00787401574803,0.574803149606,158757184
-464.472457886,-242.997177124,0.39990234375,0.00787401574803,0.55905511811,158757188
-462.364105225,-242.667327881,0.3994140625,0.00787401574803,0.55905511811,158757193
-460.439071655,-242.529907227,0.39599609375,0.00787401574803,0.543307086614,158757199
-458.7890625,-242.502410889,0.3916015625,0.00787401574803,0.543307086614,158757204
-457.475158691,-242.612365723,0.37744140625,0.00787401574803,0.543307086614,158757209
-456.497375488,-242.777282715,0.35498046875,0.00787401574803,0.543307086614,158757214
-455.764038086,-243.024658203,0.31103515625,0.00787401574803,0.527559055118,158757219
-455.244567871,-243.327011108,0.23681640625,0.00787401574803,0.527559055118,158757225
-454.939025879,-243.71182251,0.12548828125,0.00787401574803,0.527559055118,158757230
-454.725128174,-244.179092407,0.12548828125,0.00787401574803,0.527559055118,158757235
0,0,0,0,0,0
-436.208282471,-260.643493652,0.185546875,0.0551181102362,0.590551181102,158757848
-435.902709961,-259.791412354,0.181640625,0.0551181102362,0.590551181102,158757853
-435.53604126,-259.131744385,0.18408203125,0.0551181102362,0.590551181102,158757858
-434.955474854,-258.527038574,0.18505859375,0.0551181102362,0.574803149606,158757863
-434.313812256,-258.00479126,0.19482421875,0.0551181102362,0.574803149606,158757868
-433.641571045,-257.455062866,0.2197265625,0.0551181102362,0.574803149606,158757874
-432.847137451,-256.96031189,0.24267578125,0.0551181102362,0.574803149606,158757878
-432.022125244,-256.575500488,0.2666015625,0.0393700787402,0.574803149606,158757883
-431.105438232,-256.245666504,0.2939453125,0.0393700787402,0.574803149606,158757888
-430.035980225,-255.915817261,0.3173828125,0.0393700787402,0.574803149606,158757893
-428.87487793,-255.750900269,0.333984375,0.0393700787402,0.574803149606,158757899
-427.713745117,-255.585983276,0.3505859375,0.0393700787402,0.574803149606,158757903
-426.583190918,-255.668441772,0.36474609375,0.0393700787402,0.574803149606,158757908
-425.51373291,-255.833358765,0.3779296875,0.0551181102362,0.574803149606,158757913
-424.566497803,-256.163208008,0.39208984375,0.0551181102362,0.574803149606,158757918
-423.680358887,-256.602981567,0.4072265625,0.0551181102362,0.574803149606,158757923
-422.916473389,-257.152709961,0.419921875,0.0551181102362,0.574803149606,158757929
-422.244232178,-257.977310181,0.42431640625,0.0551181102362,0.574803149606,158757933
-421.633117676,-258.911849976,0.4306640625,0.0393700787402,0.574803149606,158757939
-421.083129883,-260.093765259,0.43505859375,0.0393700787402,0.574803149606,158757944
-420.533111572,-261.495574951,0.4365234375,0.0393700787402,0.574803149606,158757949
-419.952545166,-263.089797974,0.4365234375,0.0393700787402,0.574803149606,158757954
-419.280334473,-264.931396484,0.43603515625,0.0393700787402,0.574803149606,158757959
-418.516418457,-266.910415649,0.43505859375,0.0393700787402,0.574803149606,158757964
-417.630310059,-269.054367065,0.43359375,0.0393700787402,0.574803149606,158757969
-416.683074951,-271.335739136,0.4296875,0.0393700787402,0.574803149606,158757974
-415.674743652,-273.72706604,0.427734375,0.0236220472441,0.590551181102,158757979
-414.727508545,-276.145889282,0.4228515625,0.0236220472441,0.590551181102,158757984
-413.810821533,-278.427261353,0.4208984375,0.0236220472441,0.590551181102,158757989
-412.95526123,-280.516235352,0.4189453125,0.00787401574803,0.590551181102,158757994
-412.313598633,-282.247879028,0.4169921875,0.00787401574803,0.606299212598,158757999
-411.855255127,-283.649688721,0.41455078125,0.00787401574803,0.606299212598,158758004
-411.641357422,-284.831619263,0.41162109375,0.00787401574803,0.606299212598,158758009
-411.549682617,-285.766159058,0.40869140625,0.00787401574803,0.622047244094,158758014
-411.671905518,-286.700698853,0.4072265625,0.00787401574803,0.622047244094,158758019
-411.885803223,-287.635238647,0.40576171875,0.00787401574803,0.622047244094,158758024
-412.221923828,-288.597259521,0.404296875,-0.00787401574803,0.622047244094,158758029
-412.680267334,-289.531799316,0.40283203125,-0.00787401574803,0.622047244094,158758033
-413.230255127,-290.466339111,0.39892578125,-0.00787401574803,0.622047244094,158758039
-413.780273438,-291.428375244,0.39453125,-0.00787401574803,0.622047244094,158758044
-414.299713135,-292.445373535,0.388671875,-0.00787401574803,0.606299212598,158758049
-414.788604736,-293.434890747,0.3828125,-0.00787401574803,0.606299212598,158758053
-415.155273438,-294.314453125,0.3818359375,-0.00787401574803,0.606299212598,158758059
-415.430297852,-295.056594849,0.38134765625,-0.00787401574803,0.606299212598,158758064
-415.644165039,-295.551345825,0.38134765625,-0.00787401574803,0.606299212598,158758069
-415.766387939,-295.88117981,0.380859375,0.00787401574803,0.606299212598,158758075
-415.858062744,-296.101074219,0.38037109375,0.00787401574803,0.606299212598,158758079
-415.858062744,-296.101074219,0.37890625,0.00787401574803,0.606299212598,158758084
-415.858062744,-296.101074219,0.37451171875,0.00787401574803,0.606299212598,158758089
-415.949737549,-296.018615723,0.37060546875,0.00787401574803,0.606299212598,158758094
-416.071960449,-295.771240234,0.36865234375,0.00787401574803,0.606299212598,158758099
-416.346954346,-295.303970337,0.36865234375,0.00787401574803,0.606299212598,158758103
-416.805297852,-294.561828613,0.369140625,0.00787401574803,0.606299212598,158758110
-417.416412354,-293.544830322,0.369140625,0.00787401574803,0.606299212598,158758115
-418.11920166,-292.225479126,0.37158203125,0.00787401574803,0.606299212598,158758120
-418.791442871,-290.658752441,0.37255859375,0.00787401574803,0.606299212598,158758125
-419.463653564,-288.899612427,0.3720703125,0.00787401574803,0.606299212598,158758130
-420.074768066,-286.948074341,0.37353515625,0.00787401574803,0.606299212598,158758134
-420.624786377,-284.914077759,0.37353515625,0.00787401574803,0.606299212598,158758140
-420.991455078,-282.852584839,0.375,0.00787401574803,0.622047244094,158758145
-421.174804688,-280.736129761,0.376953125,0.00787401574803,0.622047244094,158758150
-421.205352783,-278.674636841,0.380859375,0.00787401574803,0.622047244094,158758155
-421.052581787,-276.61315918,0.3857421875,0.00787401574803,0.622047244094,158758160
-420.747009277,-274.496688843,0.39111328125,0.00787401574803,0.622047244094,158758165
-420.34979248,-272.352752686,0.39501953125,0.00787401574803,0.622047244094,158758169
-419.830322266,-270.126342773,0.39697265625,0.0236220472441,0.622047244094,158758175
-419.158111572,-267.789993286,0.3994140625,0.0236220472441,0.622047244094,158758180
-418.42477417,-265.45362854,0.4013671875,0.0236220472441,0.622047244094,158758185
-417.477539062,-263.089797974,0.40283203125,0.0236220472441,0.622047244094,158758189
-416.408081055,-260.67098999,0.4033203125,0.0236220472441,0.606299212598,158758195
-415.246948242,-258.279663086,0.4052734375,0.0236220472441,0.606299212598,158758199
-413.994171143,-255.860855103,0.40673828125,0.0236220472441,0.606299212598,158758205
-412.680267334,-253.551986694,0.4072265625,0.0236220472441,0.590551181102,158758210
-411.183013916,-251.298095703,0.4052734375,0.0236220472441,0.590551181102,158758215
-409.53302002,-249.209121704,0.40771484375,0.0236220472441,0.574803149606,158758221
-407.699645996,-247.23008728,0.40771484375,0.0236220472441,0.574803149606,158758225
-405.621856689,-245.388504028,0.40771484375,0.0236220472441,0.55905511811,158758231
-403.391265869,-243.739303589,0.40869140625,0.00787401574803,0.543307086614,158758235
-400.946807861,-242.282516479,0.408203125,0.00787401574803,0.543307086614,158758241
-398.288452148,-241.0181427,0.41064453125,0.00787401574803,0.527559055118,158758245
-395.41619873,-240.001144409,0.41015625,0.00787401574803,0.527559055118,158758251
-392.452270508,-239.14906311,0.4091796875,0.0236220472441,0.511811023622,158758255
-389.488342285,-238.434417725,0.40869140625,0.0236220472441,0.511811023622,158758261
-386.677215576,-237.884689331,0.4072265625,0.0236220472441,0.511811023622,158758265
-384.141082764,-237.472381592,0.4052734375,0.0236220472441,0.511811023622,158758271
-381.879943848,-237.170043945,0.3984375,0.0236220472441,0.496062992126,158758275
-379.985473633,-237.005111694,0.3896484375,0.0236220472441,0.496062992126,158758281
-378.396575928,-236.922653198,0.37841796875,0.0236220472441,0.496062992126,158758285
-377.021575928,-236.86769104,0.36181640625,0.0236220472441,0.496062992126,158758291
-375.799316406,-236.950149536,0.34375,0.0236220472441,0.496062992126,158758295
-374.668762207,-237.142547607,0.322265625,0.0236220472441,0.496062992126,158758301
-373.599304199,-237.417419434,0.2978515625,0.0236220472441,0.496062992126,158758305
-372.682617188,-237.802230835,0.2666015625,0.0236220472441,0.496062992126,158758311
-371.949279785,-238.269500732,0.24755859375,0.0236220472441,0.496062992126,158758315
-371.338165283,-238.764251709,0.23583984375,0.0236220472441,0.496062992126,158758321
-370.879821777,-239.34147644,0.20458984375,0.0236220472441,0.496062992126,158758325
-370.604827881,-239.946166992,0.171875,0.0236220472441,0.496062992126,158758331
-370.452056885,-240.578369141,0.138671875,0.0236220472441,0.496062992126,158758336
-370.48260498,-241.238037109,0.11669921875,0.0236220472441,0.496062992126,158758341
-370.696502686,-241.84274292,0.08837890625,0.0236220472441,0.496062992126,158758345
-370.971496582,-242.47492981,0.08837890625,0.0236220472441,0.496062992126,158758351
0,0,0,0,0,0
-340.935089111,-288.899612427,0.2109375,-0.00787401574803,0.590551181102,158759034
-340.996185303,-288.817153931,0.2080078125,-0.00787401574803,0.590551181102,158759040
-341.087860107,-288.762176514,0.19384765625,-0.0236220472441,0.590551181102,158759045
-341.301757812,-288.514801025,0.1904296875,-0.0236220472441,0.590551181102,158759050
-341.637878418,-288.157485962,0.1904296875,-0.0236220472441,0.606299212598,158759055
-342.096221924,-287.635238647,0.19775390625,-0.0236220472441,0.606299212598,158759060
-342.676757812,-287.003051758,0.20849609375,-0.0236220472441,0.606299212598,158759065
-343.196228027,-286.34336853,0.22119140625,-0.0236220472441,0.606299212598,158759070
-343.807342529,-285.518768311,0.2353515625,-0.0236220472441,0.622047244094,158759075
-344.449005127,-284.47428894,0.25732421875,-0.0236220472441,0.622047244094,158759081
-345.121246338,-283.264877319,0.27392578125,-0.0236220472441,0.622047244094,158759085
-345.793457031,-281.835586548,0.287109375,-0.0236220472441,0.622047244094,158759090
-346.435150146,-280.241363525,0.302734375,-0.0236220472441,0.622047244094,158759094
-347.076812744,-278.564697266,0.31298828125,-0.0236220472441,0.637795275591,158759099
-347.718475342,-276.83303833,0.3212890625,-0.0236220472441,0.637795275591,158759104
-348.360168457,-274.96395874,0.330078125,-0.0236220472441,0.637795275591,158759110
-348.91015625,-273.039901733,0.33837890625,-0.0236220472441,0.637795275591,158759114
-349.33795166,-271.03338623,0.3447265625,-0.0236220472441,0.637795275591,158759120
-349.612945557,-268.916931152,0.3515625,-0.00787401574803,0.637795275591,158759124
-349.765716553,-266.800476074,0.361328125,-0.00787401574803,0.622047244094,158759130
-349.582397461,-264.656524658,0.36962890625,-0.00787401574803,0.622047244094,158759134
-349.246276855,-262.54006958,0.3759765625,-0.00787401574803,0.622047244094,158759140
-348.665710449,-260.396118164,0.3818359375,-0.00787401574803,0.606299212598,158759145
-347.901824951,-258.334640503,0.38720703125,-0.00787401574803,0.606299212598,158759150
-347.015716553,-256.300628662,0.3935546875,-0.00787401574803,0.606299212598,158759155
-346.068481445,-254.321609497,0.3974609375,-0.00787401574803,0.590551181102,158759160
-345.060119629,-252.534988403,0.39990234375,-0.00787401574803,0.590551181102,158759164
-343.990661621,-250.913284302,0.40283203125,-0.00787401574803,0.574803149606,158759171
-342.829559326,-249.483978271,0.40576171875,-0.00787401574803,0.574803149606,158759174
-341.576751709,-248.247085571,0.4072265625,-0.00787401574803,0.55905511811,158759180
-340.140625,-247.202606201,0.4140625,-0.00787401574803,0.55905511811,158759184
-338.46005249,-246.268066406,0.4208984375,-0.00787401574803,0.543307086614,158759189
-336.53503418,-245.470962524,0.42578125,-0.00787401574803,0.543307086614,158759194
-334.273895264,-244.783798218,0.4296875,-0.00787401574803,0.527559055118,158759200
-331.707214355,-244.234069824,0.4326171875,0.00787401574803,0.527559055118,158759205
-328.987731934,-243.876739502,0.4345703125,0.00787401574803,0.511811023622,158759211
-326.20715332,-243.656845093,0.43701171875,0.00787401574803,0.511811023622,158759215
-323.609924316,-243.574386597,0.4365234375,0.00787401574803,0.511811023622,158759221
-321.3487854,-243.601882935,0.43408203125,0.00787401574803,0.496062992126,158759225
-319.576538086,-243.656845093,0.427734375,0.00787401574803,0.496062992126,158759230
-318.354309082,-243.849258423,0.416015625,0.00787401574803,0.496062992126,158759234
-317.559844971,-244.096633911,0.3896484375,0.00787401574803,0.496062992126,158759241
-317.162628174,-244.398986816,0.34521484375,0.00787401574803,0.496062992126,158759246
-316.826507568,-244.728820801,0.279296875,0.00787401574803,0.496062992126,158759251
-316.643157959,-245.168609619,0.173828125,0.00787401574803,0.496062992126,158759256
-316.520935059,-245.745819092,0.03076171875,0.00787401574803,0.496062992126,158759261
-316.307067871,-246.460464478,0.03076171875,0.00787401574803,0.496062992126,158759266
0,0,0,0,0,0
-288.501220703,-271.280776978,0.1875,-0.00787401574803,0.574803149606,158759633
-288.226226807,-270.950927734,0.16455078125,-0.00787401574803,0.574803149606,158759638
-287.798431396,-270.62109375,0.1572265625,-0.00787401574803,0.574803149606,158759643
-287.248443604,-270.263763428,0.15576171875,-0.00787401574803,0.590551181102,158759648
-286.545654297,-269.823989868,0.1591796875,-0.00787401574803,0.590551181102,158759653
-285.812316895,-269.329223633,0.1669921875,-0.00787401574803,0.590551181102,158759658
-284.956726074,-268.999389648,0.18115234375,-0.0236220472441,0.590551181102,158759662
-283.887268066,-268.75201416,0.1953125,-0.0236220472441,0.590551181102,158759668
-282.726165771,-268.587097168,0.2138671875,-0.0236220472441,0.590551181102,158759673
-281.412261963,-268.504638672,0.23193359375,-0.0236220472441,0.590551181102,158759677
-280.00668335,-268.587097168,0.2451171875,-0.0236220472441,0.590551181102,158759683
-278.570556641,-268.724533081,0.25537109375,-0.0393700787402,0.590551181102,158759688
-277.134429932,-268.971908569,0.25927734375,-0.0393700787402,0.574803149606,158759693
-275.759429932,-269.356719971,0.26025390625,-0.0393700787402,0.574803149606,158759699
-274.414978027,-269.769012451,0.26123046875,-0.0393700787402,0.574803149606,158759703
-273.223297119,-270.291259766,0.2607421875,-0.0393700787402,0.574803149606,158759708
-272.214935303,-270.81350708,0.26220703125,-0.0551181102362,0.590551181102,158759713
-271.389923096,-271.363235474,0.263671875,-0.0551181102362,0.590551181102,158759718
-270.748260498,-271.912963867,0.26416015625,-0.0551181102362,0.590551181102,158759723
-270.259368896,-272.435211182,0.2666015625,-0.0551181102362,0.590551181102,158759729
-269.892700195,-272.957443237,0.27392578125,-0.0551181102362,0.590551181102,158759733
-269.67880249,-273.50718689,0.2802734375,-0.0551181102362,0.590551181102,158759738
-269.55657959,-274.084396362,0.28076171875,-0.0551181102362,0.590551181102,158759744
-269.434356689,-274.716583252,0.28271484375,-0.0551181102362,0.590551181102,158759749
-269.342681885,-275.376266479,0.28271484375,-0.0551181102362,0.590551181102,158759753
-269.189910889,-276.145889282,0.28369140625,-0.0551181102362,0.590551181102,158759759
-269.037139893,-276.942993164,0.2822265625,-0.0551181102362,0.590551181102,158759763
-268.914916992,-277.85005188,0.28271484375,-0.0551181102362,0.590551181102,158759769
-268.853790283,-278.757095337,0.2802734375,-0.0551181102362,0.590551181102,158759774
-268.792694092,-279.664154053,0.28125,-0.0551181102362,0.590551181102,158759779
-268.823242188,-280.543716431,0.28076171875,-0.0551181102362,0.590551181102,158759784
-268.945465088,-281.340835571,0.2802734375,-0.0551181102362,0.590551181102,158759789
-269.159362793,-282.110458374,0.28173828125,-0.0551181102362,0.590551181102,158759794
-269.464904785,-282.742645264,0.28662109375,-0.0551181102362,0.590551181102,158759799
-269.923248291,-283.292373657,0.2919921875,-0.0551181102362,0.590551181102,158759803
-270.442687988,-283.759643555,0.29541015625,-0.0551181102362,0.590551181102,158759809
-271.053833008,-284.089477539,0.29736328125,-0.0551181102362,0.590551181102,158759814
-271.817718506,-284.336853027,0.2998046875,-0.0551181102362,0.590551181102,158759819
-272.734405518,-284.446807861,0.30029296875,-0.0551181102362,0.590551181102,158759823
-273.834411621,-284.364349365,0.30224609375,-0.0551181102362,0.590551181102,158759829
-275.14831543,-284.144454956,0.3076171875,-0.0551181102362,0.590551181102,158759835
-276.64553833,-283.649688721,0.3134765625,-0.0551181102362,0.590551181102,158759839
-278.173339844,-282.907562256,0.322265625,-0.0551181102362,0.590551181102,158759844
-279.670562744,-281.973022461,0.32958984375,-0.0551181102362,0.590551181102,158759849
-281.106689453,-280.873565674,0.33935546875,-0.0551181102362,0.590551181102,158759854
-282.328948975,-279.664154053,0.34716796875,-0.0551181102362,0.590551181102,158759859
-283.428955078,-278.26234436,0.35205078125,-0.0551181102362,0.590551181102,158759864
-284.345611572,-276.778076172,0.35595703125,-0.0551181102362,0.590551181102,158759869
-285.078948975,-275.211349487,0.3603515625,-0.0551181102362,0.590551181102,158759874
-285.690093994,-273.562149048,0.36328125,-0.0393700787402,0.590551181102,158759878
-286.087310791,-271.885467529,0.365234375,-0.0393700787402,0.590551181102,158759884
-286.362304688,-270.153823853,0.36669921875,-0.0393700787402,0.590551181102,158759889
-286.484527588,-268.33972168,0.369140625,-0.0393700787402,0.590551181102,158759894
-286.423431396,-266.580581665,0.37109375,-0.0236220472441,0.590551181102,158759899
-286.209533691,-264.848937988,0.37353515625,-0.0236220472441,0.574803149606,158759904
-285.903961182,-263.144775391,0.375,-0.0236220472441,0.574803149606,158759910
-285.41506958,-261.440612793,0.37646484375,-0.0236220472441,0.574803149606,158759914
-284.803955078,-259.763931274,0.3798828125,-0.0236220472441,0.574803149606,158759919
-284.009521484,-258.059768677,0.38623046875,-0.0236220472441,0.55905511811,158759923
-282.940063477,-256.410583496,0.39208984375,-0.0236220472441,0.55905511811,158759930
-281.565032959,-254.788879395,0.396484375,-0.0236220472441,0.55905511811,158759934
-280.00668335,-253.22215271,0.39892578125,-0.0236220472441,0.543307086614,158759940
-278.112213135,-251.737869263,0.40234375,-0.0236220472441,0.543307086614,158759945
-275.881652832,-250.418518066,0.40380859375,-0.0236220472441,0.543307086614,158759950
-273.376068115,-249.319061279,0.40576171875,-0.0236220472441,0.527559055118,158759955
-270.534362793,-248.384521484,0.40771484375,-0.0236220472441,0.527559055118,158759960
-267.387115479,-247.614898682,0.4072265625,-0.0236220472441,0.511811023622,158759965
-264.148193359,-247.010192871,0.408203125,-0.0236220472441,0.511811023622,158759970
-260.78704834,-246.515441895,0.4072265625,-0.0236220472441,0.511811023622,158759975
-257.487030029,-246.130630493,0.4072265625,-0.0236220472441,0.511811023622,158759979
-254.278656006,-245.800796509,0.40576171875,-0.0236220472441,0.511811023622,158759985
-251.192504883,-245.5809021,0.40478515625,-0.0236220472441,0.511811023622,158759990
-248.289703369,-245.415985107,0.4052734375,-0.0236220472441,0.511811023622,158759994
-245.570220947,-245.333526611,0.404296875,-0.0236220472441,0.496062992126,158760000
-243.095214844,-245.36100769,0.40576171875,-0.0236220472441,0.496062992126,158760005
-240.864624023,-245.388504028,0.4052734375,-0.0236220472441,0.496062992126,158760010
-238.817382812,-245.470962524,0.4052734375,-0.0236220472441,0.496062992126,158760014
-237.075683594,-245.635879517,0.40380859375,-0.0236220472441,0.496062992126,158760020
-235.517333984,-245.910736084,0.4013671875,-0.0236220472441,0.496062992126,158760025
-234.234008789,-246.240585327,0.39794921875,-0.0236220472441,0.496062992126,158760029
-233.164550781,-246.625396729,0.3935546875,-0.0236220472441,0.496062992126,158760035
-232.186767578,-247.037689209,0.38720703125,-0.0236220472441,0.496062992126,158760040
-231.300628662,-247.42250061,0.37890625,-0.0236220472441,0.496062992126,158760045
-230.536743164,-247.807312012,0.3701171875,-0.0236220472441,0.496062992126,158760052
-229.833953857,-248.137145996,0.353515625,-0.00787401574803,0.496062992126,158760055
-229.31451416,-248.439498901,0.33642578125,-0.00787401574803,0.496062992126,158760060
-228.856170654,-248.769332886,0.31494140625,-0.00787401574803,0.496062992126,158760064
-228.581176758,-249.016708374,0.2802734375,-0.00787401574803,0.496062992126,158760071
-228.428375244,-249.2915802,0.220703125,-0.00787401574803,0.496062992126,158760075
-228.336730957,-249.538955688,0.1298828125,-0.00787401574803,0.496062992126,158760081
-228.458953857,-249.758850098,0.03271484375,-0.00787401574803,0.496062992126,158760084
-228.703399658,-249.978744507,0.03271484375,-0.00787401574803,0.496062992126,158760092
0,0,0,0,0,0
-74.5795898438,-294.314453125,0.13671875,0.0393700787402,0.55905511811,158761151
-74.4573974609,-294.259475708,0.13427734375,0.0393700787402,0.55905511811,158761156
-74.1212768555,-294.286972046,0.12451171875,0.0393700787402,0.574803149606,158761161
-73.4796142578,-294.341934204,0.11962890625,0.0393700787402,0.574803149606,158761166
-72.4712524414,-294.369430542,0.119140625,0.0393700787402,0.574803149606,158761172
-71.0350952148,-294.479370117,0.12255859375,0.0393700787402,0.574803149606,158761176
-69.2934570312,-294.589309692,0.126953125,0.0393700787402,0.590551181102,158761181
-67.215637207,-294.726745605,0.13427734375,0.0393700787402,0.590551181102,158761185
-64.9850463867,-294.891662598,0.142578125,0.0236220472441,0.590551181102,158761192
-62.6016845703,-295.029098511,0.15869140625,0.0236220472441,0.590551181102,158761195
-60.0655517578,-295.303970337,0.1796875,0.0236220472441,0.590551181102,158761201
-57.5294189453,-295.606323242,0.19970703125,0.0236220472441,0.590551181102,158761206
-54.9627075195,-295.936157227,0.21630859375,0.0236220472441,0.590551181102,158761212
-52.4877319336,-296.29347229,0.2294921875,0.0236220472441,0.590551181102,158761215
-50.1043701172,-296.623321533,0.23779296875,0.0236220472441,0.590551181102,158761222
-47.9348754883,-296.898178101,0.24267578125,0.0236220472441,0.590551181102,158761227
-45.979309082,-297.173049927,0.24609375,0.0236220472441,0.590551181102,158761232
-44.2681884766,-297.420425415,0.248046875,0.0236220472441,0.590551181102,158761236
-42.8015136719,-297.640319824,0.25048828125,0.0236220472441,0.590551181102,158761242
-41.5181274414,-297.915176392,0.251953125,0.0236220472441,0.590551181102,158761246
-40.4792480469,-298.162567139,0.255859375,0.0236220472441,0.590551181102,158761252
-39.5014648438,-298.464904785,0.26318359375,0.0236220472441,0.590551181102,158761256
-38.70703125,-298.712295532,0.271484375,0.0236220472441,0.590551181102,158761262
-37.9736938477,-299.014648438,0.283203125,0.0236220472441,0.590551181102,158761266
-37.2708740234,-299.289505005,0.2939453125,0.0236220472441,0.590551181102,158761272
-36.6292114258,-299.536880493,0.3046875,0.0236220472441,0.590551181102,158761276
-35.9875488281,-299.811752319,0.3125,0.0236220472441,0.590551181102,158761282
-35.3764038086,-300.031646729,0.32177734375,0.0236220472441,0.590551181102,158761287
-34.7958374023,-300.196563721,0.33154296875,0.0236220472441,0.590551181102,158761292
-34.2458496094,-300.361480713,0.341796875,0.0236220472441,0.590551181102,158761297
-33.7875366211,-300.581375122,0.3505859375,0.0236220472441,0.590551181102,158761302
-33.4514160156,-300.691314697,0.36083984375,0.0236220472441,0.590551181102,158761307
-33.237487793,-300.773773193,0.3740234375,0.0236220472441,0.590551181102,158761313
-33.1152954102,-300.883728027,0.38671875,0.0236220472441,0.590551181102,158761316
-33.1152954102,-300.883728027,0.39599609375,0.00787401574803,0.590551181102,158761322
-33.0236206055,-300.938690186,0.40234375,0.00787401574803,0.590551181102,158761326
-33.0236206055,-300.938690186,0.40673828125,0.00787401574803,0.590551181102,158761331
-32.9930419922,-301.04864502,0.41015625,0.00787401574803,0.590551181102,158761336
-32.9930419922,-301.04864502,0.412109375,0.00787401574803,0.590551181102,158761342
-32.9930419922,-301.131103516,0.41162109375,0.00787401574803,0.590551181102,158761346
-32.9930419922,-301.131103516,0.41015625,0.00787401574803,0.590551181102,158761352
-32.9930419922,-301.131103516,0.40869140625,0.00787401574803,0.590551181102,158761356
-32.9930419922,-301.131103516,0.4052734375,0.00787401574803,0.590551181102,158761361
-32.9930419922,-300.993667603,0.4033203125,0.00787401574803,0.590551181102,158761366
-32.8402709961,-300.801269531,0.39990234375,0.00787401574803,0.590551181102,158761372
-32.6875,-300.41645813,0.3984375,0.00787401574803,0.590551181102,158761377
-32.3819580078,-299.729293823,0.39599609375,0.00787401574803,0.590551181102,158761382
-31.9541625977,-298.822235107,0.3955078125,0.00787401574803,0.590551181102,158761386
-31.5569458008,-297.557861328,0.392578125,0.00787401574803,0.590551181102,158761392
-30.9763793945,-295.991134644,0.3935546875,0.00787401574803,0.590551181102,158761397
-30.3041381836,-294.067077637,0.39404296875,0.00787401574803,0.590551181102,158761403
-29.4486083984,-291.785690308,0.3935546875,0.00787401574803,0.590551181102,158761408
-28.3485717773,-289.174484253,0.39208984375,0.00787401574803,0.590551181102,158761413
-27.0040893555,-286.34336853,0.39111328125,0.00787401574803,0.606299212598,158761418
-25.5068969727,-283.292373657,0.3916015625,0.00787401574803,0.606299212598,158761423
-23.8873901367,-280.13142395,0.3916015625,0.00787401574803,0.606299212598,158761427
-22.2374267578,-276.970474243,0.392578125,-0.00787401574803,0.606299212598,158761432
-20.6484985352,-273.837020874,0.39306640625,-0.00787401574803,0.606299212598,158761437
-19.1512451172,-270.731033325,0.39111328125,-0.00787401574803,0.606299212598,158761442
-17.8679199219,-267.680038452,0.39208984375,-0.00787401574803,0.606299212598,158761447
-16.7067871094,-264.574066162,0.3916015625,-0.00787401574803,0.590551181102,158761452
-15.698425293,-261.523071289,0.39111328125,-0.00787401574803,0.590551181102,158761458
-14.9650878906,-258.582015991,0.3896484375,-0.00787401574803,0.590551181102,158761462
-14.4761962891,-255.778396606,0.38232421875,-0.00787401574803,0.574803149606,158761467
-14.2012329102,-253.139694214,0.37158203125,-0.00787401574803,0.574803149606,158761472
-14.2623291016,-250.720870972,0.35595703125,-0.00787401574803,0.55905511811,158761477
-14.5372924805,-248.439498901,0.34521484375,-0.00787401574803,0.543307086614,158761482
-15.0873413086,-246.460464478,0.33642578125,-0.00787401574803,0.543307086614,158761487
-16.0345458984,-244.591384888,0.33203125,-0.00787401574803,0.527559055118,158761492
-17.2262573242,-242.832260132,0.33251953125,-0.00787401574803,0.527559055118,158761497
-18.7540283203,-241.155578613,0.33203125,0.00787401574803,0.511811023622,158761502
-20.5262451172,-239.451416016,0.33349609375,0.00787401574803,0.511811023622,158761507
-22.5123901367,-237.884689331,0.34033203125,0.00787401574803,0.496062992126,158761512
-24.7735595703,-236.372924805,0.35205078125,0.00787401574803,0.496062992126,158761517
-27.2791137695,-234.916137695,0.3623046875,0.00787401574803,0.496062992126,158761522
-30.0291748047,-233.596786499,0.37548828125,0.00787401574803,0.496062992126,158761528
-32.9319458008,-232.387390137,0.38671875,0.00787401574803,0.496062992126,158761532
-35.8958740234,-231.397872925,0.39697265625,0.00787401574803,0.496062992126,158761538
-38.8292236328,-230.628250122,0.40576171875,0.0236220472441,0.48031496063,158761544
-41.6403808594,-230.023544312,0.4140625,0.0236220472441,0.48031496063,158761547
-44.2987060547,-229.666229248,0.4228515625,0.0236220472441,0.48031496063,158761552
-46.7432250977,-229.528793335,0.43310546875,0.0393700787402,0.48031496063,158761558
-48.9737548828,-229.583770752,0.44091796875,0.0393700787402,0.48031496063,158761562
-50.9598999023,-229.886123657,0.4453125,0.0393700787402,0.48031496063,158761567
-52.7015991211,-230.325897217,0.447265625,0.0551181102362,0.48031496063,158761573
-54.2905273438,-231.013061523,0.44921875,0.0551181102362,0.48031496063,158761578
-55.8488769531,-231.892623901,0.44921875,0.0551181102362,0.48031496063,158761582
-57.3460693359,-232.964599609,0.44921875,0.0551181102362,0.48031496063,158761588
-58.8433227539,-234.256469727,0.4462890625,0.0551181102362,0.48031496063,158761593
-60.37109375,-235.713256836,0.43798828125,0.0551181102362,0.48031496063,158761598
-61.8072509766,-237.3074646,0.42333984375,0.0551181102362,0.48031496063,158761603
-63.1517333984,-238.874206543,0.4072265625,0.0393700787402,0.48031496063,158761608
-64.3128051758,-240.385955811,0.38427734375,0.0393700787402,0.48031496063,158761613
-65.2294921875,-241.732788086,0.3564453125,0.0393700787402,0.48031496063,158761618
-65.9323120117,-242.777282715,0.30029296875,0.0393700787402,0.48031496063,158761623
-66.3295288086,-243.629364014,0.21337890625,0.0393700787402,0.48031496063,158761628
-66.5433959961,-244.261550903,0.1015625,0.0393700787402,0.48031496063,158761633
-66.4212036133,-244.728820801,0.1015625,0.0393700787402,0.48031496063,158761638
0,0,0,0,0,0
19.9296875,-287.525283813,0.177734375,0.0393700787402,0.574803149606,158762448
19.7769165039,-287.80015564,0.17578125,0.0393700787402,0.574803149606,158762453
19.6241455078,-287.992553711,0.1728515625,0.0236220472441,0.590551181102,158762459
19.5324707031,-288.102508545,0.1689453125,0.0236220472441,0.590551181102,158762463
19.4407958984,-288.184967041,0.169921875,0.0236220472441,0.590551181102,158762469
19.4407958984,-288.184967041,0.171875,0.0236220472441,0.590551181102,158762474
19.379699707,-288.102508545,0.17626953125,0.0236220472441,0.590551181102,158762479
19.2269287109,-287.882614136,0.181640625,0.0236220472441,0.606299212598,158762484
19.0130004883,-287.387863159,0.1943359375,0.0236220472441,0.606299212598,158762489
18.6463623047,-286.563262939,0.20751953125,0.0236220472441,0.606299212598,158762494
18.1574707031,-285.518768311,0.22509765625,0.0236220472441,0.606299212598,158762499
17.5769042969,-284.281890869,0.24462890625,0.0236220472441,0.606299212598,158762504
16.9352416992,-282.82510376,0.2578125,0.0236220472441,0.606299212598,158762508
16.232421875,-281.36831665,0.27001953125,0.0236220472441,0.606299212598,158762514
15.5601806641,-279.746612549,0.283203125,0.0236220472441,0.606299212598,158762519
14.9490966797,-278.06993103,0.29443359375,0.0236220472441,0.606299212598,158762524
14.4296264648,-276.503204346,0.30712890625,0.0236220472441,0.606299212598,158762529
14.0629882812,-274.826538086,0.31787109375,0.0236220472441,0.606299212598,158762534
13.8796386719,-273.177337646,0.33056640625,0.0236220472441,0.606299212598,158762539
13.7879638672,-271.390716553,0.3466796875,0.0236220472441,0.606299212598,158762544
13.8796386719,-269.494155884,0.35693359375,0.0236220472441,0.606299212598,158762549
14.1240844727,-267.432662964,0.36669921875,0.0236220472441,0.590551181102,158762554
14.5213012695,-265.288711548,0.37890625,0.0236220472441,0.590551181102,158762558
15.1018676758,-263.089797974,0.3896484375,0.0236220472441,0.590551181102,158762564
15.7435302734,-260.835906982,0.3984375,0.0393700787402,0.574803149606,158762569
16.5379638672,-258.664474487,0.404296875,0.0393700787402,0.574803149606,158762574
17.4852294922,-256.575500488,0.4091796875,0.0393700787402,0.574803149606,158762578
18.5546875,-254.568984985,0.4111328125,0.0393700787402,0.55905511811,158762583
19.8074951172,-252.699905396,0.4130859375,0.0393700787402,0.55905511811,158762589
21.1824951172,-250.968261719,0.412109375,0.0393700787402,0.55905511811,158762593
22.7102661133,-249.456497192,0.4150390625,0.0393700787402,0.543307086614,158762599
24.2991943359,-248.109664917,0.41552734375,0.0393700787402,0.543307086614,158762604
26.0408935547,-246.955230713,0.41455078125,0.0393700787402,0.527559055118,158762609
27.874206543,-245.99319458,0.41259765625,0.0393700787402,0.527559055118,158762614
29.7992553711,-245.223571777,0.41064453125,0.0393700787402,0.511811023622,158762619
31.8770141602,-244.591384888,0.40478515625,0.0393700787402,0.511811023622,158762624
33.9854125977,-244.151611328,0.3974609375,0.0393700787402,0.511811023622,158762628
36.1243286133,-243.876739502,0.38818359375,0.0393700787402,0.496062992126,158762634
38.2632446289,-243.794281006,0.3798828125,0.0236220472441,0.496062992126,158762640
40.2799072266,-243.959197998,0.375,0.0236220472441,0.496062992126,158762643
42.1437988281,-244.31652832,0.3720703125,0.0236220472441,0.496062992126,158762650
43.8549194336,-244.921234131,0.3701171875,0.0236220472441,0.496062992126,158762654
45.3827514648,-245.718338013,0.3681640625,0.00787401574803,0.496062992126,158762659
46.7883300781,-246.790313721,0.365234375,0.00787401574803,0.496062992126,158762663
48.0716552734,-248.0546875,0.36328125,0.00787401574803,0.496062992126,158762670
49.2327880859,-249.593933105,0.36328125,0.00787401574803,0.496062992126,158762675
50.2716674805,-251.325576782,0.36279296875,0.00787401574803,0.496062992126,158762680
51.1883544922,-253.167175293,0.36181640625,0.00787401574803,0.511811023622,158762684
51.9522705078,-255.228652954,0.3603515625,0.00787401574803,0.511811023622,158762689
52.5633544922,-257.262664795,0.35986328125,0.00787401574803,0.511811023622,158762694
52.9605712891,-259.24168396,0.35791015625,0.00787401574803,0.511811023622,158762700
53.1439208984,-261.220718384,0.35888671875,0.00787401574803,0.527559055118,158762705
53.2355957031,-263.007339478,0.35888671875,0.00787401574803,0.527559055118,158762709
53.2355957031,-264.656524658,0.35986328125,0.00787401574803,0.543307086614,158762715
53.2050170898,-266.195770264,0.361328125,0.00787401574803,0.543307086614,158762721
53.082824707,-267.625061035,0.36181640625,0.00787401574803,0.543307086614,158762725
52.9605712891,-268.971908569,0.36181640625,0.00787401574803,0.55905511811,158762729
52.807800293,-270.236282349,0.3623046875,-0.00787401574803,0.55905511811,158762735
52.6244506836,-271.473175049,0.36328125,-0.00787401574803,0.55905511811,158762742
52.5022583008,-272.600128174,0.365234375,-0.00787401574803,0.55905511811,158762744
52.3189086914,-273.672103882,0.36767578125,-0.00787401574803,0.574803149606,158762751
52.1661376953,-274.689102173,0.3701171875,-0.00787401574803,0.574803149606,158762755
52.0438842773,-275.706100464,0.37158203125,-0.00787401574803,0.574803149606,158762760
51.8911132812,-276.695617676,0.37255859375,-0.00787401574803,0.574803149606,158762764
51.7994384766,-277.575180054,0.37353515625,-0.00787401574803,0.574803149606,158762771
51.707824707,-278.344802856,0.3740234375,-0.00787401574803,0.590551181102,158762774
51.6161499023,-278.922012329,0.37451171875,-0.00787401574803,0.590551181102,158762779
51.6161499023,-279.251861572,0.37451171875,-0.00787401574803,0.590551181102,158762785
51.5855712891,-279.471740723,0.37353515625,-0.00787401574803,0.590551181102,158762790
51.5549926758,-279.554214478,0.36865234375,-0.00787401574803,0.590551181102,158762794
51.5549926758,-279.554214478,0.3642578125,-0.00787401574803,0.590551181102,158762800
51.5244750977,-279.279342651,0.36376953125,-0.00787401574803,0.590551181102,158762804
51.5244750977,-278.839553833,0.36279296875,-0.00787401574803,0.590551181102,158762810
51.5244750977,-278.124908447,0.36279296875,-0.00787401574803,0.590551181102,158762815
51.5244750977,-277.217849731,0.36328125,-0.00787401574803,0.590551181102,158762820
51.5549926758,-276.118392944,0.36279296875,-0.00787401574803,0.590551181102,158762824
51.6161499023,-274.936477661,0.36279296875,-0.00787401574803,0.606299212598,158762830
51.7689208984,-273.617126465,0.36376953125,-0.00787401574803,0.606299212598,158762834
51.8911132812,-272.160339355,0.3662109375,-0.00787401574803,0.606299212598,158762840
52.1050415039,-270.62109375,0.36767578125,-0.00787401574803,0.590551181102,158762845
52.4105834961,-269.054367065,0.3701171875,-0.00787401574803,0.590551181102,158762851
52.7467041016,-267.51512146,0.3720703125,-0.00787401574803,0.590551181102,158762855
53.2661743164,-266.003356934,0.373046875,-0.00787401574803,0.590551181102,158762860
53.9383544922,-264.436630249,0.376953125,-0.00787401574803,0.590551181102,158762865
54.7633666992,-262.869903564,0.37939453125,-0.00787401574803,0.574803149606,158762871
55.7106323242,-261.30317688,0.38037109375,-0.00787401574803,0.574803149606,158762875
56.780090332,-259.736450195,0.38232421875,-0.00787401574803,0.574803149606,158762880
58.0023193359,-258.252166748,0.38134765625,-0.00787401574803,0.55905511811,158762885
59.3162231445,-256.74041748,0.38232421875,-0.00787401574803,0.55905511811,158762890
60.7828979492,-255.256149292,0.38525390625,0.00787401574803,0.55905511811,158762895
62.2801513672,-253.799362183,0.38720703125,0.00787401574803,0.543307086614,158762901
63.8385009766,-252.425033569,0.38818359375,0.00787401574803,0.543307086614,158762905
65.4579467773,-251.133178711,0.3896484375,0.00787401574803,0.543307086614,158762911
67.0773925781,-250.006225586,0.39013671875,0.00787401574803,0.527559055118,158762915
68.6968383789,-248.989227295,0.3896484375,0.00787401574803,0.527559055118,158762921
70.2857666016,-248.109664917,0.388671875,0.00787401574803,0.527559055118,158762925
71.9052124023,-247.340042114,0.3818359375,0.00787401574803,0.511811023622,158762930
73.494140625,-246.790313721,0.36669921875,0.00787401574803,0.511811023622,158762935
75.0524902344,-246.323043823,0.34716796875,0.00787401574803,0.511811023622,158762941
76.5802612305,-246.020690918,0.31298828125,0.00787401574803,0.511811023622,158762945
78.016418457,-245.855773926,0.2626953125,0.00787401574803,0.511811023622,158762951
79.4525146484,-245.690841675,0.1904296875,0.00787401574803,0.511811023622,158762955
80.7969970703,-245.690841675,0.1123046875,0.00787401574803,0.496062992126,158762961
81.9886474609,-245.77331543,0.1123046875,0.00787401574803,0.496062992126,158762965
0,0,0,0,0,0
103.988891602,-250.473495483,0.23193359375,0.0236220472441,0.496062992126,158763539
104.538879395,-249.813827515,0.23046875,0.0236220472441,0.496062992126,158763545
105.180541992,-249.264099121,0.23046875,0.0236220472441,0.496062992126,158763550
105.761108398,-248.824310303,0.232421875,0.0236220472441,0.496062992126,158763554
106.311157227,-248.439498901,0.23828125,0.0236220472441,0.496062992126,158763560
106.738891602,-248.137145996,0.2529296875,0.0236220472441,0.48031496063,158763564
107.075012207,-247.999710083,0.26806640625,0.0236220472441,0.48031496063,158763569
107.411132812,-247.944747925,0.28759765625,0.0236220472441,0.48031496063,158763574
107.747253418,-247.999710083,0.3046875,0.0236220472441,0.48031496063,158763579
108.23614502,-248.192123413,0.3154296875,0.0393700787402,0.48031496063,158763584
108.847290039,-248.576934814,0.3232421875,0.0393700787402,0.48031496063,158763589
109.580627441,-249.181625366,0.3291015625,0.0393700787402,0.48031496063,158763594
110.46673584,-249.951248169,0.33203125,0.0393700787402,0.48031496063,158763600
111.475097656,-250.885787964,0.3349609375,0.0393700787402,0.48031496063,158763604
112.636169434,-251.957763672,0.33642578125,0.0393700787402,0.48031496063,158763609
113.950073242,-253.22215271,0.33740234375,0.0393700787402,0.48031496063,158763614
115.355651855,-254.678924561,0.33935546875,0.0393700787402,0.48031496063,158763619
116.82232666,-256.245666504,0.3408203125,0.0393700787402,0.48031496063,158763624
118.289001465,-257.977310181,0.34228515625,0.0393700787402,0.496062992126,158763629
119.755737305,-259.846389771,0.34423828125,0.0393700787402,0.496062992126,158763634
121.252929688,-261.797927856,0.34423828125,0.0393700787402,0.496062992126,158763640
122.658508301,-263.831924438,0.34375,0.0393700787402,0.511811023622,158763644
124.002990723,-265.948394775,0.34375,0.0393700787402,0.511811023622,158763650
125.133544922,-268.009872437,0.34375,0.0393700787402,0.511811023622,158763654
126.080749512,-270.071365356,0.34423828125,0.0236220472441,0.527559055118,158763660
126.783569336,-272.160339355,0.34521484375,0.0236220472441,0.527559055118,158763664
127.302978516,-274.331771851,0.3466796875,0.0236220472441,0.527559055118,158763669
127.700256348,-276.558181763,0.349609375,0.0236220472441,0.543307086614,158763674
127.883544922,-278.812072754,0.3564453125,0.0236220472441,0.543307086614,158763679
127.975219727,-281.065963745,0.36279296875,0.0236220472441,0.543307086614,158763684
128.00579834,-283.154937744,0.3662109375,0.00787401574803,0.55905511811,158763689
128.036376953,-285.188934326,0.3681640625,0.00787401574803,0.55905511811,158763694
128.036376953,-287.16796875,0.37158203125,0.00787401574803,0.55905511811,158763699
127.944702148,-288.954589844,0.376953125,0.00787401574803,0.55905511811,158763704
127.730773926,-290.548797607,0.384765625,0.00787401574803,0.55905511811,158763710
127.364135742,-291.840667725,0.3876953125,0.00787401574803,0.55905511811,158763714
126.936340332,-292.830184937,0.39111328125,0.00787401574803,0.55905511811,158763719
126.44744873,-293.572311401,0.392578125,0.00787401574803,0.55905511811,158763724
125.958557129,-294.122039795,0.39306640625,0.00787401574803,0.55905511811,158763730
125.530761719,-294.534347534,0.3935546875,0.00787401574803,0.55905511811,158763734
125.102966309,-294.781723022,0.3935546875,0.00787401574803,0.55905511811,158763740
124.675231934,-294.946640015,0.39208984375,0.00787401574803,0.55905511811,158763745
124.247436523,-295.001617432,0.3896484375,0.00787401574803,0.55905511811,158763750
123.758544922,-294.946640015,0.38671875,0.00787401574803,0.55905511811,158763755
123.147399902,-294.726745605,0.38525390625,0.00787401574803,0.55905511811,158763760
122.475158691,-294.341934204,0.38330078125,0.00787401574803,0.55905511811,158763765
121.680725098,-293.709747314,0.3798828125,0.00787401574803,0.55905511811,158763770
120.764038086,-292.802688599,0.3798828125,0.00787401574803,0.55905511811,158763775
119.816833496,-291.648269653,0.37939453125,0.00787401574803,0.55905511811,158763780
118.869567871,-290.163986206,0.37890625,0.00787401574803,0.55905511811,158763785
117.922363281,-288.40486145,0.3779296875,0.00787401574803,0.55905511811,158763791
117.097351074,-286.453323364,0.376953125,0.00787401574803,0.55905511811,158763795
116.364013672,-284.309371948,0.37841796875,0.00787401574803,0.55905511811,158763800
115.752868652,-282.055480957,0.3779296875,0.00787401574803,0.55905511811,158763805
115.263977051,-279.691635132,0.37841796875,0.00787401574803,0.55905511811,158763811
114.897338867,-277.410263062,0.37939453125,0.00787401574803,0.55905511811,158763815
114.683410645,-275.15637207,0.37890625,0.00787401574803,0.574803149606,158763820
114.561218262,-272.929962158,0.37890625,0.00787401574803,0.574803149606,158763825
114.530639648,-270.731033325,0.3779296875,0.00787401574803,0.55905511811,158763831
114.591796875,-268.449661255,0.37939453125,0.00787401574803,0.55905511811,158763835
114.744567871,-266.140792847,0.37939453125,0.00787401574803,0.55905511811,158763841
115.01953125,-263.831924438,0.37939453125,0.00787401574803,0.55905511811,158763845
115.386230469,-261.578033447,0.37890625,0.00787401574803,0.55905511811,158763851
115.844543457,-259.296661377,0.3798828125,0.00787401574803,0.543307086614,158763855
116.333435059,-257.070251465,0.3798828125,0.00787401574803,0.543307086614,158763861
116.975097656,-254.788879395,0.38037109375,0.00787401574803,0.543307086614,158763865
117.739013672,-252.534988403,0.38134765625,0.00787401574803,0.527559055118,158763870
118.716796875,-250.363555908,0.3828125,0.00787401574803,0.527559055118,158763875
119.969604492,-248.274581909,0.38525390625,0.00787401574803,0.511811023622,158763881
121.375183105,-246.323043823,0.388671875,0.00787401574803,0.511811023622,158763885
122.994628906,-244.371490479,0.388671875,0.00787401574803,0.496062992126,158763891
124.675231934,-242.47492981,0.3896484375,0.00787401574803,0.496062992126,158763895
126.355773926,-240.660827637,0.39111328125,0.00787401574803,0.48031496063,158763901
128.127990723,-238.984146118,0.39111328125,0.00787401574803,0.48031496063,158763905
130.022460938,-237.554840088,0.39111328125,0.00787401574803,0.48031496063,158763911
131.978027344,-236.372924805,0.3916015625,0.00787401574803,0.464566929134,158763915
133.994750977,-235.43838501,0.3916015625,0.00787401574803,0.464566929134,158763921
136.011413574,-234.696258545,0.38916015625,0.00787401574803,0.464566929134,158763925
137.997558594,-234.146530151,0.38671875,0.0236220472441,0.464566929134,158763931
139.922607422,-233.816680908,0.3857421875,0.0236220472441,0.464566929134,158763935
141.786499023,-233.56930542,0.3857421875,0.0236220472441,0.464566929134,158763942
143.650390625,-233.459365845,0.38525390625,0.0236220472441,0.464566929134,158763946
145.422607422,-233.431869507,0.38525390625,0.0236220472441,0.464566929134,158763951
147.042114258,-233.431869507,0.38427734375,0.0236220472441,0.448818897638,158763956
148.478210449,-233.459365845,0.384765625,0.0236220472441,0.448818897638,158763961
149.700439453,-233.486846924,0.38232421875,0.0236220472441,0.448818897638,158763966
150.739379883,-233.596786499,0.37548828125,0.0393700787402,0.448818897638,158763971
151.56439209,-233.789199829,0.361328125,0.0393700787402,0.448818897638,158763976
152.297729492,-233.954116821,0.337890625,0.0393700787402,0.448818897638,158763981
152.878295898,-234.228988647,0.30859375,0.0393700787402,0.448818897638,158763986
153.336608887,-234.448867798,0.275390625,0.0236220472441,0.448818897638,158763991
153.642150879,-234.668762207,0.228515625,0.0236220472441,0.448818897638,158763996
153.794921875,-234.888656616,0.16455078125,0.0236220472441,0.448818897638,158764001
153.917175293,-235.136032104,0.09326171875,0.0236220472441,0.448818897638,158764006
153.917175293,-235.383407593,0.09326171875,0.0236220472441,0.448818897638,158764011
0,0,0,0,0,0
197.337036133,-283.402313232,0.20654296875,-0.0393700787402,0.55905511811,158764644
197.337036133,-283.649688721,0.22265625,-0.0393700787402,0.55905511811,158764651
197.245361328,-283.787124634,0.224609375,-0.0393700787402,0.574803149606,158764656
197.153747559,-283.897079468,0.23046875,-0.0393700787402,0.574803149606,158764661
197.062072754,-283.897079468,0.24462890625,-0.0393700787402,0.574803149606,158764665
196.970397949,-283.924560547,0.255859375,-0.0393700787402,0.574803149606,158764671
196.970397949,-283.924560547,0.2607421875,-0.0393700787402,0.574803149606,158764675
196.970397949,-283.924560547,0.2626953125,-0.0393700787402,0.574803149606,158764680
196.878723145,-283.924560547,0.26318359375,-0.0393700787402,0.574803149606,158764685
196.817626953,-283.842102051,0.2646484375,-0.0393700787402,0.574803149606,158764690
196.756469727,-283.649688721,0.26904296875,-0.0393700787402,0.574803149606,158764695
196.573181152,-283.292373657,0.27685546875,-0.0551181102362,0.590551181102,158764700
196.267578125,-282.715148926,0.287109375,-0.0551181102362,0.590551181102,158764705
195.870361328,-281.945526123,0.30126953125,-0.0551181102362,0.590551181102,158764710
195.259277344,-280.873565674,0.3203125,-0.0551181102362,0.590551181102,158764715
194.617553711,-279.554214478,0.3349609375,-0.0551181102362,0.590551181102,158764720
193.914794922,-278.097427368,0.34912109375,-0.0551181102362,0.590551181102,158764725
193.242553711,-276.530700684,0.36279296875,-0.0551181102362,0.590551181102,158764730
192.661987305,-274.936477661,0.373046875,-0.0393700787402,0.590551181102,158764735
192.142578125,-273.369750977,0.38037109375,-0.0393700787402,0.590551181102,158764741
191.775878906,-271.693069458,0.3857421875,-0.0393700787402,0.590551181102,158764745
191.439758301,-269.961425781,0.39013671875,-0.0393700787402,0.590551181102,158764750
191.256408691,-268.229766846,0.39404296875,-0.0393700787402,0.574803149606,158764755
191.1953125,-266.47064209,0.39697265625,-0.0393700787402,0.574803149606,158764760
191.286987305,-264.711502075,0.3984375,-0.0236220472441,0.574803149606,158764765
191.592529297,-262.97984314,0.3994140625,-0.0236220472441,0.574803149606,158764770
192.05090332,-261.220718384,0.40185546875,-0.0236220472441,0.55905511811,158764775
192.814758301,-259.489059448,0.40185546875,-0.0236220472441,0.55905511811,158764780
193.762023926,-257.812393188,0.404296875,-0.0236220472441,0.55905511811,158764785
194.923156738,-256.108230591,0.40380859375,-0.0236220472441,0.543307086614,158764790
196.328735352,-254.514007568,0.4052734375,-0.0236220472441,0.543307086614,158764795
197.856506348,-252.947280884,0.40673828125,-0.0236220472441,0.527559055118,158764801
199.567626953,-251.490493774,0.40771484375,-0.0236220472441,0.527559055118,158764805
201.431518555,-250.226119995,0.408203125,-0.0236220472441,0.527559055118,158764810
203.417663574,-249.09916687,0.40966796875,-0.0236220472441,0.511811023622,158764815
205.526000977,-248.164627075,0.40966796875,-0.0236220472441,0.511811023622,158764821
207.726074219,-247.395004272,0.41064453125,-0.00787401574803,0.511811023622,158764825
209.956604004,-246.8177948,0.41162109375,-0.00787401574803,0.496062992126,158764831
212.126098633,-246.378005981,0.4111328125,-0.00787401574803,0.496062992126,158764836
214.112243652,-246.130630493,0.40185546875,-0.00787401574803,0.496062992126,158764841
215.731689453,-246.020690918,0.37890625,-0.00787401574803,0.511811023622,158764846
217.045593262,-246.020690918,0.34765625,-0.00787401574803,0.511811023622,158764851
217.93170166,-246.075653076,0.2998046875,-0.00787401574803,0.496062992126,158764856
218.634521484,-246.268066406,0.22119140625,-0.00787401574803,0.496062992126,158764861
219.276184082,-246.542922974,0.10205078125,-0.00787401574803,0.496062992126,158764866
219.826171875,-246.900253296,0.10205078125,-0.00787401574803,0.496062992126,158764872
0,0,0,0,0,0
248.426452637,-268.477142334,0.2255859375,0.00787401574803,0.543307086614,158765521
248.793151855,-268.009872437,0.23193359375,0.00787401574803,0.55905511811,158765525
249.312561035,-267.570098877,0.232421875,0.00787401574803,0.55905511811,158765531
250.076477051,-267.047851562,0.24462890625,0.00787401574803,0.55905511811,158765535
251.023681641,-266.415664673,0.27685546875,-0.00787401574803,0.55905511811,158765541
252.24597168,-265.701019287,0.30126953125,-0.00787401574803,0.55905511811,158765546
253.804321289,-264.931396484,0.3173828125,-0.00787401574803,0.55905511811,158765550
255.607116699,-264.244232178,0.33544921875,-0.00787401574803,0.55905511811,158765555
257.532104492,-263.612045288,0.35107421875,-0.00787401574803,0.55905511811,158765560
259.518249512,-263.034820557,0.36474609375,-0.00787401574803,0.55905511811,158765565
261.412719727,-262.567550659,0.37646484375,-0.00787401574803,0.55905511811,158765570
263.123840332,-262.265197754,0.38330078125,0.00787401574803,0.55905511811,158765575
264.62109375,-262.072799683,0.38818359375,0.00787401574803,0.543307086614,158765580
265.782165527,-262.017822266,0.3984375,0.00787401574803,0.543307086614,158765585
266.790527344,-262.155258179,0.412109375,0.00787401574803,0.543307086614,158765590
267.676635742,-262.375152588,0.421875,0.00787401574803,0.543307086614,158765595
268.501647949,-262.759963989,0.427734375,0.00787401574803,0.543307086614,158765600
269.387756348,-263.337173462,0.43017578125,0.00787401574803,0.543307086614,158765605
270.335021973,-263.996856689,0.43359375,0.00787401574803,0.543307086614,158765610
271.282226562,-264.876419067,0.4345703125,0.00787401574803,0.543307086614,158765615
272.260009766,-265.838439941,0.43896484375,0.00787401574803,0.543307086614,158765620
273.207275391,-266.88293457,0.4404296875,0.00787401574803,0.543307086614,158765625
274.185058594,-268.064849854,0.44091796875,0.00787401574803,0.543307086614,158765630
275.19342041,-269.301742554,0.44140625,0.00787401574803,0.543307086614,158765635
276.140625,-270.593612671,0.44287109375,0.00787401574803,0.543307086614,158765640
277.057312012,-271.912963867,0.44140625,0.00787401574803,0.543307086614,158765645
277.821228027,-273.122375488,0.4423828125,0.00787401574803,0.543307086614,158765650
278.37121582,-274.194335938,0.44384765625,0.00787401574803,0.55905511811,158765655
278.737854004,-275.101394653,0.443359375,0.00787401574803,0.55905511811,158765660
278.829528809,-275.898498535,0.44384765625,0.00787401574803,0.55905511811,158765665
278.707336426,-276.723098755,0.4453125,0.00787401574803,0.55905511811,158765670
278.493408203,-277.492721558,0.44482421875,0.00787401574803,0.55905511811,158765675
278.12677002,-278.317321777,0.4443359375,0.00787401574803,0.55905511811,158765680
277.576782227,-279.169403076,0.4443359375,-0.00787401574803,0.55905511811,158765685
276.904541016,-279.93901062,0.44482421875,-0.00787401574803,0.574803149606,158765690
276.048950195,-280.653671265,0.44482421875,-0.00787401574803,0.574803149606,158765695
275.010070801,-281.313339233,0.4443359375,-0.00787401574803,0.574803149606,158765701
273.848937988,-281.753128052,0.44287109375,-0.00787401574803,0.574803149606,158765705
272.473937988,-282.165420532,0.443359375,-0.00787401574803,0.574803149606,158765711
270.915588379,-282.467773438,0.44189453125,-0.00787401574803,0.574803149606,158765715
269.143310547,-282.63269043,0.4404296875,-0.00787401574803,0.574803149606,158765721
267.157226562,-282.715148926,0.4404296875,-0.00787401574803,0.574803149606,158765726
264.865539551,-282.495254517,0.43994140625,-0.00787401574803,0.574803149606,158765731
262.39050293,-282.082962036,0.4404296875,-0.00787401574803,0.574803149606,158765736
259.854370117,-281.423294067,0.44091796875,-0.00787401574803,0.574803149606,158765741
257.501525879,-280.598693848,0.44189453125,-0.00787401574803,0.574803149606,158765746
255.607116699,-279.554214478,0.4423828125,-0.00787401574803,0.574803149606,158765751
254.201538086,-278.289825439,0.44091796875,-0.00787401574803,0.574803149606,158765756
253.223754883,-276.970474243,0.43994140625,-0.00787401574803,0.574803149606,158765761
252.58203125,-275.431228638,0.439453125,-0.00787401574803,0.574803149606,158765766
252.184814453,-273.782043457,0.439453125,-0.00787401574803,0.574803149606,158765771
252.032043457,-272.022903442,0.439453125,-0.00787401574803,0.574803149606,158765776
252.154296875,-270.043884277,0.43896484375,0.00787401574803,0.574803149606,158765781
252.58203125,-267.92741394,0.439453125,0.00787401574803,0.55905511811,158765786
253.254272461,-265.728500366,0.4423828125,0.00787401574803,0.55905511811,158765791
254.140380859,-263.447128296,0.44384765625,0.00787401574803,0.55905511811,158765796
255.179321289,-261.11076355,0.44580078125,0.00787401574803,0.55905511811,158765801
256.309875488,-258.829391479,0.44775390625,0.00787401574803,0.543307086614,158765806
257.532104492,-256.548019409,0.451171875,0.00787401574803,0.543307086614,158765811
258.907104492,-254.294113159,0.45654296875,0.00787401574803,0.543307086614,158765816
260.465454102,-252.177658081,0.4619140625,0.00787401574803,0.527559055118,158765821
262.237731934,-250.171142578,0.4658203125,0.00787401574803,0.527559055118,158765826
264.346069336,-248.302062988,0.46923828125,0.00787401574803,0.511811023622,158765831
266.760009766,-246.597900391,0.47216796875,0.00787401574803,0.511811023622,158765836
269.510009766,-245.003692627,0.47509765625,0.00787401574803,0.496062992126,158765841
272.718383789,-243.51940918,0.4775390625,0.00787401574803,0.496062992126,158765846
276.232299805,-242.172576904,0.48046875,0.00787401574803,0.48031496063,158765851
279.990661621,-240.880706787,0.4833984375,0.00787401574803,0.48031496063,158765856
283.901794434,-239.726287842,0.484375,0.00787401574803,0.464566929134,158765861
287.843505859,-238.654312134,0.48388671875,0.00787401574803,0.464566929134,158765866
291.540771484,-237.719772339,0.48291015625,0.00787401574803,0.464566929134,158765871
295.024169922,-236.922653198,0.4814453125,0.00787401574803,0.464566929134,158765876
298.110290527,-236.317962646,0.47802734375,0.00787401574803,0.464566929134,158765882
300.890869141,-235.905654907,0.47021484375,0.00787401574803,0.464566929134,158765886
303.365905762,-235.603302002,0.4609375,-0.00787401574803,0.464566929134,158765891
305.504821777,-235.465881348,0.4521484375,-0.00787401574803,0.464566929134,158765896
307.368713379,-235.383407593,0.44140625,-0.00787401574803,0.464566929134,158765902
309.018798828,-235.410903931,0.43017578125,-0.00787401574803,0.464566929134,158765907
310.424316406,-235.575820923,0.42138671875,-0.00787401574803,0.464566929134,158765911
311.677124023,-235.740737915,0.4130859375,-0.0236220472441,0.464566929134,158765916
312.838256836,-236.015609741,0.4052734375,-0.0236220472441,0.464566929134,158765922
313.938232422,-236.290466309,0.39501953125,-0.00787401574803,0.464566929134,158765927
314.946533203,-236.620300293,0.38232421875,-0.00787401574803,0.464566929134,158765931
315.893798828,-236.922653198,0.36328125,-0.00787401574803,0.464566929134,158765937
316.688232422,-237.252502441,0.33837890625,-0.00787401574803,0.464566929134,158765943
317.299438477,-237.582336426,0.30517578125,-0.00787401574803,0.448818897638,158765947
317.727172852,-237.774734497,0.26220703125,-0.00787401574803,0.448818897638,158765953
318.002197266,-237.994628906,0.20703125,-0.0236220472441,0.448818897638,158765957
318.124389648,-238.187042236,0.13427734375,-0.0236220472441,0.448818897638,158765962
318.063232422,-238.296981812,0.05810546875,-0.0236220472441,0.448818897638,158765967
317.788330078,-238.489395142,0.05810546875,-0.0236220472441,0.448818897638,158765972
0,0,0,0,0,0
