x,y,p,xt,yt,time
0,0,0,0,0,0
-623.568511963,-287.178451538,0.23779296875,0.0866141732283,0.763779527559,158785000
-624.02684021,-287.205932617,0.23876953125,0.0866141732283,0.763779527559,158785004
-624.210174561,-287.233428955,0.23974609375,0.0866141732283,0.779527559055,158785009
-624.301849365,-287.260910034,0.24365234375,0.102362204724,0.779527559055,158785014
-624.301849365,-287.260910034,0.2509765625,0.102362204724,0.779527559055,158785019
-624.210174561,-287.205932617,0.2548828125,0.102362204724,0.795275590551,158785024
-624.118515015,-287.178451538,0.2548828125,0.11811023622,0.795275590551,158785030
-624.02684021,-287.095993042,0.25439453125,0.11811023622,0.795275590551,158785034
-623.812957764,-287.013534546,0.255859375,0.11811023622,0.795275590551,158785039
-623.507400513,-286.876098633,0.2626953125,0.11811023622,0.795275590551,158785044
-623.110168457,-286.683700562,0.26904296875,0.11811023622,0.811023622047,158785049
-622.529602051,-286.573745728,0.27294921875,0.11811023622,0.811023622047,158785054
-621.826828003,-286.381347656,0.2783203125,0.11811023622,0.811023622047,158785060
-621.03237915,-286.271392822,0.2890625,0.11811023622,0.811023622047,158785064
-620.085144043,-286.188934326,0.298828125,0.11811023622,0.811023622047,158785069
-618.92401123,-286.133972168,0.3046875,0.11811023622,0.811023622047,158785074
-617.610107422,-286.10647583,0.3115234375,0.11811023622,0.811023622047,158785080
-616.082321167,-286.10647583,0.31884765625,0.11811023622,0.811023622047,158785084
-614.310073853,-286.216430664,0.32373046875,0.11811023622,0.811023622047,158785090
-612.323944092,-286.381347656,0.328125,0.133858267717,0.795275590551,158785095
-610.09336853,-286.683700562,0.33154296875,0.133858267717,0.795275590551,158785100
-607.618347168,-287.041015625,0.33251953125,0.133858267717,0.795275590551,158785105
-605.021102905,-287.370849609,0.3330078125,0.133858267717,0.795275590551,158785111
-602.393295288,-287.728179932,0.333984375,0.133858267717,0.779527559055,158785115
-599.857162476,-288.085510254,0.333984375,0.133858267717,0.779527559055,158785120
-597.534912109,-288.415344238,0.3349609375,0.133858267717,0.779527559055,158785125
-595.457107544,-288.745178223,0.33447265625,0.133858267717,0.763779527559,158785130
-593.623764038,-289.047531128,0.3359375,0.133858267717,0.763779527559,158785135
-592.157073975,-289.349884033,0.33544921875,0.133858267717,0.763779527559,158785141
-590.995956421,-289.569778442,0.3369140625,0.133858267717,0.748031496063,158785145
-590.109832764,-289.789672852,0.34033203125,0.11811023622,0.748031496063,158785150
-589.498718262,-289.954589844,0.34814453125,0.11811023622,0.748031496063,158785155
-589.07093811,-290.064529419,0.35791015625,0.11811023622,0.748031496063,158785161
-588.795928955,-290.229446411,0.3720703125,0.11811023622,0.748031496063,158785165
-588.612594604,-290.366882324,0.38818359375,0.11811023622,0.748031496063,158785170
-588.490371704,-290.44934082,0.40576171875,0.11811023622,0.748031496063,158785175
-588.398712158,-290.531799316,0.4248046875,0.11811023622,0.748031496063,158785180
-588.398712158,-290.531799316,0.44091796875,0.11811023622,0.748031496063,158785185
-588.398712158,-290.614257812,0.45361328125,0.11811023622,0.748031496063,158785190
-588.398712158,-290.614257812,0.46484375,0.11811023622,0.748031496063,158785195
-588.398712158,-290.724212646,0.47412109375,0.11811023622,0.748031496063,158785200
-588.368148804,-290.834152222,0.48193359375,0.11811023622,0.748031496063,158785206
-588.368148804,-290.834152222,0.48779296875,0.11811023622,0.748031496063,158785210
-588.245925903,-290.916610718,0.4912109375,0.11811023622,0.748031496063,158785215
-588.245925903,-290.916610718,0.4931640625,0.133858267717,0.748031496063,158785221
-588.154266357,-290.999069214,0.494140625,0.133858267717,0.748031496063,158785225
-588.093154907,-291.08152771,0.49072265625,0.11811023622,0.748031496063,158785241
-588.093154907,-291.08152771,0.48583984375,0.11811023622,0.748031496063,158785245
-587.940368652,-290.971588135,0.48388671875,0.11811023622,0.748031496063,158785251
-587.634811401,-290.669235229,0.4833984375,0.11811023622,0.748031496063,158785255
-587.054244995,-290.174484253,0.48193359375,0.11811023622,0.748031496063,158785261
-586.168121338,-289.349884033,0.48046875,0.11811023622,0.748031496063,158785265
-585.007003784,-288.222930908,0.4794921875,0.11811023622,0.748031496063,158785271
-583.509765625,-286.711181641,0.4755859375,0.11811023622,0.748031496063,158785276
-581.67640686,-284.759643555,0.4658203125,0.102362204724,0.748031496063,158785280
-579.506942749,-282.478256226,0.45166015625,0.102362204724,0.748031496063,158785286
-577.031921387,-279.949508667,0.43994140625,0.102362204724,0.748031496063,158785291
-574.343002319,-277.228347778,0.427734375,0.102362204724,0.748031496063,158785295
-571.684646606,-274.424713135,0.4140625,0.102362204724,0.748031496063,158785301
-569.056838989,-271.428695679,0.4033203125,0.0866141732283,0.732283464567,158785306
-566.673477173,-268.212768555,0.392578125,0.0866141732283,0.732283464567,158785311
-564.656799316,-264.804443359,0.3837890625,0.0866141732283,0.732283464567,158785316
-563.006774902,-261.176223755,0.3671875,0.0866141732283,0.716535433071,158785321
-561.692871094,-257.410583496,0.35009765625,0.0866141732283,0.716535433071,158785326
-560.776199341,-253.562469482,0.33154296875,0.0708661417323,0.700787401575,158785331
-560.195632935,-249.631896973,0.32275390625,0.0708661417323,0.700787401575,158785336
-559.890075684,-245.646362305,0.3154296875,0.0708661417323,0.700787401575,158785341
-559.951187134,-241.578369141,0.31103515625,0.0708661417323,0.685039370079,158785346
-560.317855835,-237.482879639,0.30908203125,0.0708661417323,0.669291338583,158785351
-560.959533691,-233.387390137,0.30908203125,0.0708661417323,0.653543307087,158785356
-561.876205444,-229.429336548,0.30810546875,0.0708661417323,0.637795275591,158785361
-562.945663452,-225.773635864,0.30810546875,0.0708661417323,0.622047244094,158785366
-564.13734436,-222.475250244,0.31103515625,0.0708661417323,0.606299212598,158785371
-565.512359619,-219.589172363,0.31005859375,0.0708661417323,0.590551181102,158785376
-567.101257324,-217.087905884,0.3115234375,0.0866141732283,0.574803149606,158785381
-568.904052734,-214.834014893,0.3154296875,0.0866141732283,0.55905511811,158785386
-570.890197754,-212.82749939,0.33056640625,0.102362204724,0.55905511811,158785391
-572.967987061,-211.068359375,0.34326171875,0.102362204724,0.543307086614,158785396
-575.045791626,-209.584091187,0.36376953125,0.11811023622,0.527559055118,158785401
-577.154144287,-208.429656982,0.3857421875,0.11811023622,0.527559055118,158785406
-579.323608398,-207.495117188,0.408203125,0.11811023622,0.527559055118,158785411
-581.49307251,-206.862930298,0.43115234375,0.133858267717,0.511811023622,158785416
-583.754211426,-206.450622559,0.455078125,0.133858267717,0.511811023622,158785421
-586.107009888,-206.20324707,0.47412109375,0.133858267717,0.511811023622,158785426
-588.490371704,-206.285705566,0.48583984375,0.133858267717,0.511811023622,158785431
-590.965393066,-206.505599976,0.4912109375,0.133858267717,0.511811023622,158785436
-593.501541138,-206.972869873,0.49267578125,0.11811023622,0.511811023622,158785441
-596.068222046,-207.66003418,0.4951171875,0.11811023622,0.511811023622,158785446
-598.665481567,-208.539596558,0.4951171875,0.11811023622,0.511811023622,158785452
-601.048828125,-209.584091187,0.49609375,0.11811023622,0.511811023622,158785457
-603.218307495,-210.738525391,0.49462890625,0.11811023622,0.511811023622,158785461
-605.082214355,-211.947921753,0.48681640625,0.11811023622,0.511811023622,158785467
-606.518341064,-213.184814453,0.47607421875,0.11811023622,0.511811023622,158785471
-607.618347168,-214.339248657,0.45849609375,0.11811023622,0.527559055118,158785477
-608.382247925,-215.411224365,0.42626953125,0.11811023622,0.527559055118,158785482
-608.840576172,-216.263305664,0.37353515625,0.11811023622,0.527559055118,158785487
-608.962799072,-216.950469971,0.306640625,0.11811023622,0.527559055118,158785491
-608.871139526,-217.527679443,0.2080078125,0.11811023622,0.543307086614,158785497
-608.596130371,-217.885009766,0.04296875,0.11811023622,0.543307086614,158785502
-608.29057312,-218.132385254,0.04296875,0.11811023622,0.543307086614,158785507
0,0,0,0,0,0
-514.606292725,-279.344802856,0.24169921875,0.0393700787402,0.653543307087,158786110
-514.606292725,-279.839553833,0.23291015625,0.0393700787402,0.669291338583,158786115
-514.63684082,-280.279342651,0.23291015625,0.0393700787402,0.669291338583,158786120
-514.697952271,-280.581695557,0.2333984375,0.0236220472441,0.685039370079,158786125
-514.789627075,-280.746612549,0.2509765625,0.0236220472441,0.685039370079,158786130
-514.789627075,-280.746612549,0.2705078125,0.0236220472441,0.685039370079,158786135
-514.942398071,-280.801589966,0.2783203125,0.0236220472441,0.700787401575,158786141
-514.942398071,-280.801589966,0.28125,0.0236220472441,0.700787401575,158786146
-515.064620972,-280.774093628,0.28173828125,0.0236220472441,0.700787401575,158786151
-515.125732422,-280.691635132,0.28271484375,0.0236220472441,0.700787401575,158786155
-515.217407227,-280.444259644,0.28564453125,0.00787401574803,0.700787401575,158786160
-515.339630127,-280.031967163,0.2900390625,0.00787401574803,0.716535433071,158786165
-515.461853027,-279.289825439,0.2958984375,0.00787401574803,0.716535433071,158786170
-515.706298828,-278.355285645,0.30615234375,0.00787401574803,0.716535433071,158786175
-515.950744629,-277.090911865,0.31201171875,0.00787401574803,0.716535433071,158786181
-516.286865234,-275.524185181,0.3212890625,0.00787401574803,0.716535433071,158786185
-516.653533936,-273.710067749,0.3271484375,0.00787401574803,0.716535433071,158786191
-516.959091187,-271.648574829,0.3310546875,0.00787401574803,0.700787401575,158786195
-517.172973633,-269.422180176,0.33544921875,0.00787401574803,0.700787401575,158786200
-517.295196533,-267.058334351,0.3408203125,0.00787401574803,0.700787401575,158786205
-517.234085083,-264.667007446,0.34423828125,0.00787401574803,0.700787401575,158786211
-516.928527832,-262.220718384,0.349609375,0.00787401574803,0.685039370079,158786216
-516.37852478,-259.8019104,0.3564453125,0.00787401574803,0.685039370079,158786221
-515.522964478,-257.328125,0.36328125,0.00787401574803,0.685039370079,158786226
-514.45350647,-254.909301758,0.37060546875,0.00787401574803,0.669291338583,158786231
-513.200714111,-252.545471191,0.375,0.00787401574803,0.669291338583,158786236
-511.703475952,-250.346557617,0.37890625,0.00787401574803,0.669291338583,158786241
-510.145126343,-248.285064697,0.38134765625,0.00787401574803,0.653543307087,158786246
-508.525665283,-246.470962524,0.3828125,0.00787401574803,0.637795275591,158786251
-506.906204224,-244.821762085,0.38330078125,0.00787401574803,0.637795275591,158786256
-505.347854614,-243.337493896,0.38330078125,0.00787401574803,0.622047244094,158786261
-503.911727905,-242.100601196,0.38330078125,0.00787401574803,0.606299212598,158786266
-502.567276001,-241.056121826,0.3818359375,0.00787401574803,0.606299212598,158786271
-501.314483643,-240.231521606,0.38134765625,0.00787401574803,0.590551181102,158786276
-500.183914185,-239.654312134,0.37939453125,0.00787401574803,0.590551181102,158786281
-499.114456177,-239.242004395,0.3779296875,0.00787401574803,0.574803149606,158786286
-498.106124878,-239.049606323,0.376953125,0.00787401574803,0.574803149606,158786291
-497.250549316,-239.022125244,0.37548828125,0.0236220472441,0.55905511811,158786296
-496.394989014,-239.214523315,0.373046875,0.0236220472441,0.55905511811,158786301
-495.539428711,-239.709274292,0.37255859375,0.0236220472441,0.55905511811,158786306
-494.714416504,-240.423934937,0.3720703125,0.0236220472441,0.55905511811,158786311
-493.828292847,-241.468414307,0.37109375,0.0236220472441,0.55905511811,158786316
-492.972732544,-242.732788086,0.37109375,0.0236220472441,0.55905511811,158786321
-492.086608887,-244.189575195,0.37060546875,0.0236220472441,0.55905511811,158786326
-491.231048584,-245.866256714,0.36962890625,0.0236220472441,0.55905511811,158786331
-490.375488281,-247.707855225,0.36865234375,0.0236220472441,0.55905511811,158786336
-489.550476074,-249.68687439,0.3671875,0.0236220472441,0.55905511811,158786342
-488.694915771,-251.775848389,0.36474609375,0.0236220472441,0.55905511811,158786346
-487.869903564,-254.002258301,0.36279296875,0.0236220472441,0.574803149606,158786351
-487.044891357,-256.311126709,0.36083984375,0.0236220472441,0.574803149606,158786356
-486.21987915,-258.647476196,0.35986328125,0.0236220472441,0.590551181102,158786361
-485.578216553,-260.983825684,0.3603515625,0.0236220472441,0.590551181102,158786367
-484.905990601,-263.210235596,0.36279296875,0.0236220472441,0.606299212598,158786371
-484.29486084,-265.21673584,0.36669921875,0.0236220472441,0.606299212598,158786377
-483.867080688,-266.920898438,0.37548828125,0.00787401574803,0.622047244094,158786381
-483.592086792,-268.295227051,0.3837890625,0.00787401574803,0.622047244094,158786387
-483.561523438,-269.33972168,0.3935546875,0.00787401574803,0.622047244094,158786392
-483.653198242,-270.109344482,0.40380859375,0.00787401574803,0.637795275591,158786397
-483.836532593,-270.741531372,0.41552734375,0.00787401574803,0.637795275591,158786401
-483.989303589,-271.263763428,0.42578125,0.00787401574803,0.637795275591,158786407
-484.172637939,-271.676071167,0.43212890625,0.00787401574803,0.653543307087,158786412
-484.325424194,-272.060882568,0.43603515625,0.00787401574803,0.653543307087,158786417
-484.41708374,-272.308258057,0.43798828125,0.00787401574803,0.653543307087,158786422
-484.47819519,-272.44569397,0.4365234375,0.00787401574803,0.653543307087,158786427
-484.47819519,-272.44569397,0.43115234375,0.00787401574803,0.669291338583,158786432
-484.47819519,-272.44569397,0.423828125,0.00787401574803,0.669291338583,158786437
-484.539306641,-272.225799561,0.42236328125,0.00787401574803,0.669291338583,158786442
-484.539306641,-271.758529663,0.42236328125,0.00787401574803,0.669291338583,158786447
-484.569869995,-271.016387939,0.42236328125,0.00787401574803,0.669291338583,158786452
-484.569869995,-269.889450073,0.423828125,0.00787401574803,0.669291338583,158786457
-484.569869995,-268.487640381,0.423828125,0.00787401574803,0.653543307087,158786462
-484.600418091,-266.920898438,0.42333984375,0.00787401574803,0.653543307087,158786467
-484.600418091,-265.161773682,0.42138671875,0.00787401574803,0.653543307087,158786472
-484.47819519,-263.402633667,0.4208984375,0.00787401574803,0.653543307087,158786477
-484.23374939,-261.616012573,0.42138671875,0.00787401574803,0.653543307087,158786482
-483.989303589,-259.774414062,0.421875,0.00787401574803,0.653543307087,158786487
-483.653198242,-258.015289307,0.42236328125,0.00787401574803,0.637795275591,158786492
-483.317077637,-256.228652954,0.42333984375,0.00787401574803,0.637795275591,158786497
-482.889297485,-254.44203186,0.423828125,0.00787401574803,0.637795275591,158786502
-482.308731079,-252.765365601,0.42529296875,0.00787401574803,0.622047244094,158786507
-481.544845581,-251.171142578,0.42822265625,0.00787401574803,0.622047244094,158786512
-480.536499023,-249.631896973,0.43310546875,0.00787401574803,0.622047244094,158786517
-479.314254761,-248.202606201,0.4375,0.00787401574803,0.622047244094,158786522
-477.847579956,-246.800796509,0.4423828125,0.00787401574803,0.622047244094,158786527
-476.105895996,-245.398986816,0.44775390625,0.00787401574803,0.622047244094,158786532
-474.058654785,-244.107116699,0.44921875,0.00787401574803,0.606299212598,158786537
-471.675292969,-242.870223999,0.4521484375,0.00787401574803,0.606299212598,158786543
-469.139160156,-241.743286133,0.453125,0.00787401574803,0.590551181102,158786548
-466.511352539,-240.836227417,0.45458984375,0.00787401574803,0.590551181102,158786552
-463.914108276,-240.121582031,0.45556640625,0.00787401574803,0.574803149606,158786557
-461.59185791,-239.5443573,0.45556640625,-0.00787401574803,0.574803149606,158786562
-459.544616699,-239.214523315,0.45458984375,-0.00787401574803,0.55905511811,158786568
-457.80291748,-239.022125244,0.44580078125,-0.00787401574803,0.55905511811,158786572
-456.42791748,-238.967147827,0.423828125,-0.00787401574803,0.543307086614,158786578
-455.358459473,-239.022125244,0.3798828125,-0.00787401574803,0.543307086614,158786582
-454.563995361,-239.049606323,0.3125,-0.00787401574803,0.543307086614,158786588
-454.105682373,-239.187042236,0.2109375,-0.00787401574803,0.543307086614,158786592
-453.830657959,-239.434417725,0.2109375,-0.00787401574803,0.527559055118,158786598
0,0,0,0,0,0
-419.30255127,-266.673522949,0.13232421875,0.0236220472441,0.606299212598,158787452
-419.394195557,-266.563583374,0.13330078125,0.0236220472441,0.606299212598,158787458
-419.455322266,-266.45362854,0.134765625,0.0236220472441,0.606299212598,158787462
-419.54699707,-266.343688965,0.14697265625,0.0236220472441,0.606299212598,158787468
-419.608093262,-266.206253052,0.16455078125,0.0236220472441,0.606299212598,158787472
-419.669219971,-266.04133606,0.17529296875,0.0236220472441,0.606299212598,158787477
-419.699768066,-265.903900146,0.18603515625,0.0236220472441,0.606299212598,158787483
-419.699768066,-265.684005737,0.19677734375,0.0236220472441,0.606299212598,158787488
-419.608093262,-265.464126587,0.21484375,0.0236220472441,0.606299212598,158787493
-419.455322266,-265.21673584,0.23046875,0.0236220472441,0.606299212598,158787498
-419.210876465,-264.77696228,0.2431640625,0.0236220472441,0.606299212598,158787503
-418.874755859,-264.364654541,0.2568359375,0.0236220472441,0.606299212598,158787508
-418.538635254,-263.869903564,0.26904296875,0.0236220472441,0.606299212598,158787513
-418.110870361,-263.402633667,0.28076171875,0.0236220472441,0.606299212598,158787518
-417.560852051,-262.990341187,0.29296875,0.0236220472441,0.606299212598,158787523
-416.919189453,-262.605529785,0.30078125,0.0236220472441,0.606299212598,158787528
-416.124725342,-262.330657959,0.30712890625,0.0236220472441,0.606299212598,158787533
-415.177490234,-262.083282471,0.3173828125,0.0236220472441,0.606299212598,158787538
-414.169158936,-261.973342896,0.326171875,0.0236220472441,0.606299212598,158787543
-412.946929932,-261.973342896,0.33203125,0.0236220472441,0.606299212598,158787548
-411.60244751,-262.083282471,0.33642578125,0.00787401574803,0.606299212598,158787553
-410.166320801,-262.385635376,0.33740234375,0.00787401574803,0.606299212598,158787558
-408.607971191,-262.852905273,0.337890625,0.00787401574803,0.606299212598,158787563
-407.080200195,-263.457611084,0.33837890625,0.00787401574803,0.606299212598,158787568
-405.582946777,-264.144775391,0.337890625,0.00787401574803,0.606299212598,158787573
-404.207946777,-264.914398193,0.3359375,0.00787401574803,0.606299212598,158787578
-403.046813965,-265.766479492,0.3349609375,0.00787401574803,0.606299212598,158787583
-402.007904053,-266.673522949,0.333984375,0.00787401574803,0.606299212598,158787588
-401.03012085,-267.663040161,0.33251953125,0.00787401574803,0.606299212598,158787593
-400.082885742,-268.762496948,0.3310546875,0.00787401574803,0.606299212598,158787598
-399.135681152,-269.889450073,0.32861328125,-0.00787401574803,0.606299212598,158787603
-398.188446045,-271.098846436,0.32666015625,-0.00787401574803,0.606299212598,158787608
-397.271759033,-272.308258057,0.3251953125,-0.00787401574803,0.606299212598,158787613
-396.355072021,-273.545150757,0.3251953125,-0.00787401574803,0.606299212598,158787618
-395.468963623,-274.837020874,0.32373046875,-0.00787401574803,0.606299212598,158787623
-394.61340332,-276.211349487,0.32275390625,-0.00787401574803,0.622047244094,158787629
-393.849487305,-277.750579834,0.3203125,-0.00787401574803,0.622047244094,158787633
-393.146728516,-279.454742432,0.31982421875,-0.00787401574803,0.622047244094,158787638
-392.596710205,-281.241363525,0.31787109375,-0.00787401574803,0.622047244094,158787643
-392.230041504,-283.027984619,0.3154296875,-0.00787401574803,0.622047244094,158787649
-392.016143799,-284.814605713,0.31396484375,-0.00787401574803,0.622047244094,158787653
-391.985595703,-286.573745728,0.31396484375,-0.00787401574803,0.622047244094,158787659
-392.046691895,-288.277908325,0.31640625,-0.0236220472441,0.637795275591,158787663
-392.230041504,-289.982070923,0.3203125,-0.0236220472441,0.637795275591,158787669
-392.566162109,-291.631256104,0.32861328125,-0.0236220472441,0.637795275591,158787674
-393.024505615,-293.170501709,0.3330078125,-0.0236220472441,0.637795275591,158787679
-393.543945312,-294.682266235,0.33447265625,-0.0236220472441,0.622047244094,158787684
-394.124511719,-296.139053345,0.33642578125,-0.0236220472441,0.622047244094,158787689
-394.735626221,-297.568344116,0.33740234375,-0.0236220472441,0.622047244094,158787694
-395.346740723,-298.942672729,0.33984375,-0.0236220472441,0.622047244094,158787699
-395.98840332,-300.124588013,0.34228515625,-0.0236220472441,0.622047244094,158787704
-396.538421631,-301.031646729,0.34228515625,-0.0236220472441,0.622047244094,158787709
-397.057861328,-301.63633728,0.34130859375,-0.0236220472441,0.622047244094,158787714
-397.54675293,-301.993667603,0.33984375,-0.0236220472441,0.622047244094,158787719
-397.97454834,-302.021148682,0.3388671875,-0.0236220472441,0.622047244094,158787724
-398.432891846,-301.801269531,0.33837890625,-0.0236220472441,0.622047244094,158787729
-398.921783447,-301.361480713,0.33837890625,-0.0236220472441,0.622047244094,158787734
-399.47177124,-300.59185791,0.33935546875,-0.0236220472441,0.622047244094,158787739
-400.144012451,-299.574859619,0.33984375,-0.0393700787402,0.622047244094,158787745
-400.969024658,-298.365447998,0.341796875,-0.0393700787402,0.622047244094,158787749
-401.916259766,-296.85369873,0.34228515625,-0.0393700787402,0.622047244094,158787754
-402.894042969,-295.231994629,0.34326171875,-0.0393700787402,0.622047244094,158787759
-403.810699463,-293.445373535,0.34423828125,-0.0393700787402,0.622047244094,158787764
-404.696838379,-291.521316528,0.34423828125,-0.0393700787402,0.622047244094,158787769
-405.49130249,-289.542282104,0.3447265625,-0.0393700787402,0.637795275591,158787774
-406.224639893,-287.53578186,0.3447265625,-0.0393700787402,0.637795275591,158787780
-406.957977295,-285.50177002,0.345703125,-0.0393700787402,0.637795275591,158787784
-407.599639893,-283.302856445,0.3466796875,-0.0393700787402,0.637795275591,158787789
-408.149658203,-281.103942871,0.34814453125,-0.0236220472441,0.637795275591,158787794
-408.607971191,-278.767578125,0.35009765625,-0.0236220472441,0.637795275591,158787799
-408.944091797,-276.348770142,0.3486328125,-0.0236220472441,0.637795275591,158787804
-409.157989502,-273.874984741,0.3466796875,-0.0236220472441,0.637795275591,158787810
-409.249664307,-271.318740845,0.34765625,-0.0236220472441,0.637795275591,158787814
-409.310760498,-268.597579956,0.349609375,-0.0236220472441,0.637795275591,158787820
-409.371887207,-265.766479492,0.35107421875,-0.0236220472441,0.637795275591,158787824
-409.402435303,-262.880386353,0.3525390625,-0.0236220472441,0.622047244094,158787830
-409.341339111,-259.939331055,0.35400390625,-0.0236220472441,0.622047244094,158787834
-409.127441406,-257.108230591,0.35498046875,-0.0236220472441,0.622047244094,158787840
-408.730194092,-254.359573364,0.35693359375,-0.0236220472441,0.606299212598,158787845
-408.11907959,-251.720870972,0.35693359375,-0.0236220472441,0.606299212598,158787850
-407.263519287,-249.302062988,0.35986328125,-0.00787401574803,0.590551181102,158787854
-406.194061279,-246.965713501,0.36083984375,-0.00787401574803,0.590551181102,158787860
-404.94128418,-244.766799927,0.36279296875,-0.00787401574803,0.574803149606,158787865
-403.474609375,-242.622848511,0.3671875,-0.00787401574803,0.574803149606,158787870
-401.794036865,-240.561355591,0.37353515625,-0.00787401574803,0.55905511811,158787875
-399.89956665,-238.609817505,0.38330078125,-0.00787401574803,0.55905511811,158787881
-397.730102539,-236.740737915,0.390625,-0.00787401574803,0.543307086614,158787885
-395.377288818,-235.091552734,0.3984375,-0.00787401574803,0.543307086614,158787890
-392.902282715,-233.607284546,0.40478515625,-0.00787401574803,0.543307086614,158787895
-390.396697998,-232.370391846,0.40966796875,-0.00787401574803,0.527559055118,158787901
-387.891113281,-231.408355713,0.412109375,-0.00787401574803,0.527559055118,158787905
-385.507751465,-230.721191406,0.4130859375,-0.00787401574803,0.527559055118,158787910
-383.246612549,-230.22644043,0.4150390625,-0.00787401574803,0.511811023622,158787915
-381.077148438,-229.924087524,0.4150390625,-0.00787401574803,0.511811023622,158787920
-379.029907227,-229.814147949,0.4150390625,-0.00787401574803,0.511811023622,158787925
-377.043762207,-229.814147949,0.41162109375,0.00787401574803,0.511811023622,158787930
-375.210418701,-229.951583862,0.3955078125,0.00787401574803,0.511811023622,158787935
-373.529846191,-230.171463013,0.3740234375,0.00787401574803,0.511811023622,158787940
-372.063171387,-230.446334839,0.3505859375,0.00787401574803,0.511811023622,158787945
-370.871490479,-230.693710327,0.322265625,0.00787401574803,0.511811023622,158787951
-369.924255371,-230.941085815,0.28662109375,0.00787401574803,0.511811023622,158787955
-369.190917969,-231.188461304,0.2431640625,0.00787401574803,0.511811023622,158787960
-368.671478271,-231.435852051,0.19775390625,0.00787401574803,0.511811023622,158787965
-368.274230957,-231.738204956,0.14111328125,0.00787401574803,0.511811023622,158787970
-367.999237061,-232.013061523,0.0703125,0.00787401574803,0.511811023622,158787975
-367.907562256,-232.315414429,0.0703125,0.00787401574803,0.511811023622,158787980
0,0,0,0,0,0
-315.687591553,-280.141906738,0.28857421875,-0.0236220472441,0.606299212598,158788650
-315.809814453,-280.251861572,0.28076171875,-0.0236220472441,0.606299212598,158788654
-315.962585449,-280.471740723,0.27978515625,-0.0236220472441,0.622047244094,158788659
-316.08480835,-280.554214478,0.2744140625,-0.0236220472441,0.622047244094,158788664
-316.20703125,-280.609176636,0.27197265625,-0.0236220472441,0.622047244094,158788669
-316.298706055,-280.609176636,0.271484375,-0.0393700787402,0.637795275591,158788674
-316.451507568,-280.444259644,0.27197265625,-0.0393700787402,0.637795275591,158788679
-316.604278564,-280.169403076,0.2724609375,-0.0393700787402,0.637795275591,158788684
-316.879272461,-279.674636841,0.27392578125,-0.0393700787402,0.637795275591,158788689
-317.307067871,-278.877532959,0.28076171875,-0.0393700787402,0.637795275591,158788694
-317.88760376,-277.888015747,0.29541015625,-0.0393700787402,0.637795275591,158788699
-318.590393066,-276.706100464,0.30712890625,-0.0393700787402,0.637795275591,158788704
-319.354309082,-275.304290771,0.31982421875,-0.0393700787402,0.637795275591,158788709
-320.148742676,-273.792526245,0.33251953125,-0.0393700787402,0.637795275591,158788714
-320.943206787,-272.143341064,0.34423828125,-0.0393700787402,0.637795275591,158788720
-321.707092285,-270.329223633,0.3515625,-0.0393700787402,0.637795275591,158788724
-322.379333496,-268.405181885,0.36083984375,-0.0393700787402,0.622047244094,158788730
-322.898773193,-266.371170044,0.37158203125,-0.0393700787402,0.622047244094,158788735
-323.204345703,-264.199737549,0.38330078125,-0.0393700787402,0.622047244094,158788741
-323.387664795,-261.973342896,0.39501953125,-0.0236220472441,0.606299212598,158788744
-323.326568604,-259.719451904,0.40478515625,-0.0236220472441,0.606299212598,158788750
-323.082122803,-257.383087158,0.41064453125,-0.0236220472441,0.606299212598,158788755
-322.654327393,-255.046737671,0.416015625,-0.0236220472441,0.590551181102,158788760
-322.073760986,-252.737869263,0.42431640625,-0.0236220472441,0.590551181102,158788765
-321.340423584,-250.483978271,0.431640625,-0.0236220472441,0.590551181102,158788770
-320.515411377,-248.395004272,0.43896484375,-0.0236220472441,0.574803149606,158788775
-319.537628174,-246.388504028,0.4453125,-0.0236220472441,0.574803149606,158788780
-318.407073975,-244.436950684,0.44921875,-0.0236220472441,0.55905511811,158788785
-317.154266357,-242.595367432,0.45654296875,-0.0236220472441,0.55905511811,158788790
-315.718139648,-240.78125,0.4619140625,-0.0236220472441,0.543307086614,158788795
-314.098693848,-239.077087402,0.466796875,-0.0236220472441,0.543307086614,158788800
-312.326446533,-237.482879639,0.4716796875,-0.0236220472441,0.527559055118,158788805
-310.401428223,-236.081069946,0.4755859375,-0.0236220472441,0.527559055118,158788810
-308.29309082,-234.899139404,0.482421875,-0.0236220472441,0.511811023622,158788815
-305.9402771,-233.964599609,0.48779296875,-0.0236220472441,0.511811023622,158788820
-303.434692383,-233.249954224,0.4912109375,-0.0236220472441,0.511811023622,158788825
-300.684661865,-232.727706909,0.49169921875,-0.00787401574803,0.511811023622,158788831
-297.934631348,-232.370391846,0.49267578125,-0.00787401574803,0.511811023622,158788835
-295.30682373,-232.177978516,0.49267578125,-0.00787401574803,0.511811023622,158788841
-292.923461914,-232.09552002,0.484375,-0.00787401574803,0.511811023622,158788845
-290.876220703,-232.150497437,0.47509765625,-0.00787401574803,0.511811023622,158788851
-289.165100098,-232.260437012,0.45849609375,-0.00787401574803,0.496062992126,158788855
-287.728973389,-232.425354004,0.4365234375,-0.00787401574803,0.496062992126,158788861
-286.53729248,-232.727706909,0.41162109375,-0.0236220472441,0.496062992126,158788865
-285.590057373,-232.975097656,0.3828125,-0.0236220472441,0.496062992126,158788871
-284.856719971,-233.277435303,0.3486328125,-0.0236220472441,0.496062992126,158788875
-284.276153564,-233.607284546,0.306640625,-0.0236220472441,0.496062992126,158788881
-283.848388672,-233.909637451,0.2412109375,-0.0236220472441,0.496062992126,158788885
-283.451171875,-234.294448853,0.16650390625,-0.0236220472441,0.496062992126,158788891
-283.023376465,-234.789199829,0.06591796875,-0.0236220472441,0.496062992126,158788895
-282.687255859,-235.39390564,0.06591796875,-0.0236220472441,0.496062992126,158788901
0,0,0,0,0,0
-259.525909424,-269.092330933,0.169921875,-0.0236220472441,0.574803149606,158789333
-259.831481934,-268.542602539,0.16943359375,-0.0236220472441,0.574803149606,158789338
-260.075927734,-267.910415649,0.16796875,-0.0236220472441,0.574803149606,158789343
-260.198150635,-267.113311768,0.1728515625,-0.0236220472441,0.574803149606,158789348
-260.289825439,-266.178771973,0.1845703125,-0.0236220472441,0.574803149606,158789353
-260.350921631,-265.161773682,0.20166015625,-0.0236220472441,0.574803149606,158789358
-260.198150635,-264.089797974,0.220703125,-0.0236220472441,0.574803149606,158789363
-259.953704834,-263.072799683,0.23681640625,-0.0236220472441,0.574803149606,158789368
-259.587036133,-262.028305054,0.25048828125,-0.0236220472441,0.574803149606,158789373
-259.128692627,-261.038803101,0.267578125,-0.0236220472441,0.574803149606,158789378
-258.60925293,-260.159225464,0.28369140625,-0.0236220472441,0.574803149606,158789383
-257.967559814,-259.307144165,0.29736328125,-0.0236220472441,0.574803149606,158789389
-257.203674316,-258.619979858,0.3095703125,-0.0236220472441,0.55905511811,158789393
-256.286987305,-258.042770386,0.32421875,-0.0236220472441,0.55905511811,158789398
-255.217529297,-257.602981567,0.33154296875,-0.0236220472441,0.55905511811,158789403
-253.903625488,-257.300628662,0.3359375,-0.0236220472441,0.55905511811,158789408
-252.314727783,-257.13571167,0.3388671875,-0.0236220472441,0.55905511811,158789413
-250.481384277,-257.218170166,0.33935546875,-0.0236220472441,0.55905511811,158789418
-248.403564453,-257.520523071,0.33984375,-0.0236220472441,0.55905511811,158789423
-246.17300415,-258.015289307,0.33984375,-0.0236220472441,0.55905511811,158789429
-243.881317139,-258.812393188,0.33935546875,-0.0236220472441,0.55905511811,158789433
-241.589630127,-259.746932983,0.337890625,-0.0236220472441,0.55905511811,158789439
-239.389587402,-260.87387085,0.3359375,-0.0236220472441,0.55905511811,158789443
-237.434020996,-262.11076355,0.3349609375,-0.0236220472441,0.55905511811,158789449
-235.692352295,-263.402633667,0.33203125,-0.0393700787402,0.55905511811,158789453
-234.256225586,-264.721984863,0.33056640625,-0.0393700787402,0.55905511811,158789459
-233.095092773,-266.068817139,0.32861328125,-0.0393700787402,0.55905511811,158789463
-232.147857666,-267.388168335,0.32666015625,-0.0393700787402,0.55905511811,158789469
-231.536743164,-268.680038452,0.32373046875,-0.0393700787402,0.55905511811,158789473
-231.139526367,-269.806991577,0.31982421875,-0.0393700787402,0.55905511811,158789479
-231.078399658,-270.79649353,0.31494140625,-0.0393700787402,0.574803149606,158789484
-231.292297363,-271.676071167,0.3134765625,-0.0393700787402,0.574803149606,158789489
-231.720062256,-272.473175049,0.31201171875,-0.0393700787402,0.574803149606,158789494
-232.392303467,-273.242797852,0.310546875,-0.0393700787402,0.574803149606,158789499
-233.217315674,-273.902481079,0.31103515625,-0.0393700787402,0.574803149606,158789504
-234.225646973,-274.534667969,0.30908203125,-0.0393700787402,0.574803149606,158789509
-235.417327881,-275.111877441,0.30859375,-0.0393700787402,0.574803149606,158789514
-236.822906494,-275.55166626,0.3076171875,-0.0393700787402,0.574803149606,158789519
-238.411804199,-275.854019165,0.3076171875,-0.0393700787402,0.590551181102,158789524
-240.061828613,-276.018936157,0.30810546875,-0.0393700787402,0.590551181102,158789529
-241.742401123,-275.854019165,0.30810546875,-0.0393700787402,0.590551181102,158789534
-243.331298828,-275.469207764,0.30908203125,-0.0393700787402,0.590551181102,158789539
-244.797973633,-274.837020874,0.31103515625,-0.0393700787402,0.590551181102,158789545
-246.203552246,-273.874984741,0.31396484375,-0.0393700787402,0.590551181102,158789549
-247.609130859,-272.748046875,0.318359375,-0.0393700787402,0.590551181102,158789554
-248.953582764,-271.456176758,0.3271484375,-0.0393700787402,0.574803149606,158789559
-250.267486572,-269.971908569,0.3369140625,-0.0393700787402,0.574803149606,158789564
-251.45916748,-268.32270813,0.34521484375,-0.0393700787402,0.574803149606,158789569
-252.498077393,-266.536087036,0.35400390625,-0.0393700787402,0.574803149606,158789574
-253.353637695,-264.639526367,0.3603515625,-0.0393700787402,0.574803149606,158789579
-254.025848389,-262.687988281,0.36767578125,-0.0393700787402,0.574803149606,158789584
-254.545318604,-260.708953857,0.37255859375,-0.0393700787402,0.574803149606,158789590
-254.759185791,-258.702438354,0.3779296875,-0.0393700787402,0.55905511811,158789594
-254.728637695,-256.69593811,0.38134765625,-0.0393700787402,0.55905511811,158789599
-254.361968994,-254.689422607,0.384765625,-0.0393700787402,0.55905511811,158789604
-253.598083496,-252.737869263,0.388671875,-0.0393700787402,0.543307086614,158789610
-252.528625488,-250.841308594,0.3935546875,-0.0393700787402,0.543307086614,158789614
-251.092498779,-249.027206421,0.3974609375,-0.0393700787402,0.543307086614,158789620
-249.41192627,-247.295547485,0.4013671875,-0.0236220472441,0.527559055118,158789624
-247.486907959,-245.591384888,0.40576171875,-0.0236220472441,0.527559055118,158789629
-245.378540039,-244.07963562,0.41015625,-0.0236220472441,0.527559055118,158789634
-243.056304932,-242.65032959,0.4140625,-0.0236220472441,0.511811023622,158789640
-240.489624023,-241.41343689,0.41796875,-0.0236220472441,0.511811023622,158789644
-237.586791992,-240.396438599,0.421875,-0.0236220472441,0.511811023622,158789650
-234.378448486,-239.489395142,0.423828125,-0.0236220472441,0.511811023622,158789654
-230.925628662,-238.747253418,0.42822265625,-0.0236220472441,0.496062992126,158789659
-227.320037842,-238.060089111,0.4306640625,-0.0236220472441,0.496062992126,158789665
-223.806121826,-237.482879639,0.43212890625,-0.0236220472441,0.496062992126,158789670
-220.353302002,-237.015609741,0.43310546875,-0.0236220472441,0.496062992126,158789675
-217.144927979,-236.685760498,0.4326171875,-0.0236220472441,0.496062992126,158789680
-214.211578369,-236.465881348,0.4326171875,-0.0393700787402,0.496062992126,158789685
-211.614318848,-236.355926514,0.43115234375,-0.0393700787402,0.496062992126,158789690
-209.322631836,-236.328445435,0.42236328125,-0.0393700787402,0.496062992126,158789695
-207.36706543,-236.328445435,0.4091796875,-0.0393700787402,0.496062992126,158789700
-205.68649292,-236.43838501,0.39453125,-0.0393700787402,0.496062992126,158789705
-204.311462402,-236.548339844,0.37841796875,-0.0393700787402,0.496062992126,158789710
-203.242004395,-236.63079834,0.361328125,-0.0551181102362,0.496062992126,158789715
-202.447570801,-236.740737915,0.34228515625,-0.0551181102362,0.496062992126,158789720
-201.989196777,-236.740737915,0.328125,-0.0393700787402,0.496062992126,158789725
-201.653076172,-236.768218994,0.31689453125,-0.0393700787402,0.496062992126,158789730
-201.469787598,-236.823196411,0.30712890625,-0.0393700787402,0.496062992126,158789735
-201.378112793,-236.878173828,0.2958984375,-0.0393700787402,0.496062992126,158789741
-201.286437988,-236.905654907,0.28125,-0.0393700787402,0.496062992126,158789745
-201.286437988,-236.905654907,0.26171875,-0.0393700787402,0.496062992126,158789750
-201.286437988,-236.905654907,0.236328125,-0.0393700787402,0.496062992126,158789755
-201.286437988,-236.905654907,0.19580078125,-0.0393700787402,0.496062992126,158789760
-201.469787598,-236.905654907,0.1474609375,-0.0393700787402,0.496062992126,158789765
-201.714233398,-236.933151245,0.09912109375,-0.0393700787402,0.496062992126,158789770
-202.111450195,-236.933151245,0.0380859375,-0.0393700787402,0.48031496063,158789775
-202.569763184,-236.933151245,0.0380859375,-0.0393700787402,0.48031496063,158789780
0,0,0,0,0,0
-24.1846313477,-289.075012207,0.1787109375,-0.0236220472441,0.590551181102,158790816
-24.367980957,-289.21244812,0.1806640625,-0.0236220472441,0.590551181102,158790821
-24.4901733398,-289.377365112,0.181640625,-0.0236220472441,0.606299212598,158790826
-24.5818481445,-289.514801025,0.19140625,-0.0236220472441,0.606299212598,158790831
-24.6735229492,-289.597259521,0.21435546875,-0.0236220472441,0.606299212598,158790836
-24.7346191406,-289.679718018,0.23583984375,-0.0236220472441,0.606299212598,158790841
-24.7346191406,-289.679718018,0.2509765625,-0.0236220472441,0.606299212598,158790846
-24.7957763672,-289.762176514,0.26220703125,-0.0236220472441,0.606299212598,158790851
-24.7957763672,-289.762176514,0.26953125,-0.0236220472441,0.606299212598,158790856
-24.6124267578,-289.817153931,0.2734375,-0.0236220472441,0.606299212598,158790861
-24.3374023438,-289.899612427,0.27587890625,-0.0236220472441,0.606299212598,158790866
-23.8790893555,-289.982070923,0.27880859375,-0.0236220472441,0.606299212598,158790871
-23.1151733398,-290.009567261,0.2822265625,-0.0236220472441,0.606299212598,158790876
-22.1068115234,-290.064529419,0.28759765625,-0.0236220472441,0.606299212598,158790881
-20.8234863281,-290.009567261,0.294921875,-0.0236220472441,0.606299212598,158790886
-19.2040405273,-289.927093506,0.302734375,-0.0236220472441,0.606299212598,158790891
-17.2789916992,-289.817153931,0.31201171875,-0.0236220472441,0.606299212598,158790897
-15.1095581055,-289.707214355,0.31884765625,-0.0236220472441,0.606299212598,158790901
-12.5428466797,-289.652236938,0.32470703125,-0.0236220472441,0.622047244094,158790907
-9.54840087891,-289.569778442,0.328125,-0.0236220472441,0.622047244094,158790912
-6.24835205078,-289.569778442,0.33056640625,-0.0236220472441,0.622047244094,158790917
-2.55108642578,-289.597259521,0.33154296875,-0.0236220472441,0.622047244094,158790921
1.36004638672,-289.652236938,0.3330078125,-0.0236220472441,0.606299212598,158790927
5.36291503906,-289.734695435,0.3330078125,-0.0236220472441,0.606299212598,158790932
9.36572265625,-289.872131348,0.33349609375,-0.0236220472441,0.606299212598,158790937
13.1851806641,-290.009567261,0.33154296875,-0.0236220472441,0.606299212598,158790942
16.6685791016,-290.119506836,0.3310546875,-0.0236220472441,0.606299212598,158790947
19.6325073242,-290.146987915,0.33203125,-0.0236220472441,0.606299212598,158790952
21.9547119141,-290.201965332,0.33154296875,-0.0236220472441,0.606299212598,158790957
23.6353149414,-290.229446411,0.33251953125,-0.0393700787402,0.606299212598,158790962
24.7658691406,-290.284423828,0.3330078125,-0.0393700787402,0.606299212598,158790967
25.4075317383,-290.311904907,0.333984375,-0.0393700787402,0.606299212598,158790972
25.7130737305,-290.339401245,0.3359375,-0.0393700787402,0.606299212598,158790977
25.8659057617,-290.366882324,0.3408203125,-0.0393700787402,0.606299212598,158790982
25.8659057617,-290.366882324,0.35400390625,-0.0393700787402,0.606299212598,158790987
25.8659057617,-290.366882324,0.3662109375,-0.0393700787402,0.606299212598,158790992
25.9270019531,-290.531799316,0.37646484375,-0.0393700787402,0.606299212598,158790997
25.9270019531,-290.531799316,0.38427734375,-0.0393700787402,0.606299212598,158791002
25.9575195312,-290.724212646,0.3916015625,-0.0393700787402,0.606299212598,158791007
26.0186767578,-290.889129639,0.39794921875,-0.0393700787402,0.606299212598,158791012
26.1103515625,-291.026565552,0.404296875,-0.0393700787402,0.606299212598,158791017
26.1714477539,-291.191482544,0.40869140625,-0.0393700787402,0.606299212598,158791022
26.1714477539,-291.191482544,0.41259765625,-0.0393700787402,0.606299212598,158791027
26.2325439453,-291.301422119,0.41455078125,-0.0393700787402,0.606299212598,158791032
26.2325439453,-291.301422119,0.41259765625,-0.0393700787402,0.606299212598,158791052
26.2325439453,-291.301422119,0.41064453125,-0.0393700787402,0.606299212598,158791057
26.1408691406,-291.328918457,0.408203125,-0.0393700787402,0.606299212598,158791062
26.1408691406,-291.328918457,0.4052734375,-0.0393700787402,0.606299212598,158791068
26.1408691406,-291.328918457,0.4013671875,-0.0551181102362,0.606299212598,158791072
26.1408691406,-291.163986206,0.396484375,-0.0551181102362,0.606299212598,158791078
26.1408691406,-290.889129639,0.3955078125,-0.0551181102362,0.606299212598,158791082
26.2325439453,-290.339401245,0.3955078125,-0.0551181102362,0.606299212598,158791088
26.3547973633,-289.432342529,0.39599609375,-0.0551181102362,0.606299212598,158791092
26.5380859375,-288.16796875,0.396484375,-0.0551181102362,0.606299212598,158791098
26.8131103516,-286.546264648,0.396484375,-0.0551181102362,0.606299212598,158791102
27.149230957,-284.622207642,0.396484375,-0.0708661417323,0.606299212598,158791108
27.6381225586,-282.36831665,0.3974609375,-0.0708661417323,0.606299212598,158791113
28.1881103516,-279.922012329,0.3984375,-0.0708661417323,0.606299212598,158791118
28.8297729492,-277.393264771,0.39794921875,-0.0708661417323,0.622047244094,158791123
29.5325927734,-274.72706604,0.3984375,-0.0708661417323,0.622047244094,158791128
30.2353515625,-272.03338623,0.39599609375,-0.0708661417323,0.606299212598,158791133
31.0603637695,-269.284744263,0.39501953125,-0.0708661417323,0.606299212598,158791138
31.8853759766,-266.288711548,0.39404296875,-0.0708661417323,0.606299212598,158791143
32.7409667969,-263.155258179,0.3955078125,-0.0866141732283,0.606299212598,158791148
33.596496582,-259.774414062,0.39599609375,-0.0866141732283,0.590551181102,158791153
34.3604125977,-256.228652954,0.3984375,-0.0866141732283,0.590551181102,158791158
35.0020751953,-252.545471191,0.39990234375,-0.0866141732283,0.590551181102,158791163
35.4298706055,-248.752334595,0.40087890625,-0.0866141732283,0.574803149606,158791168
35.7659912109,-244.876739502,0.40234375,-0.0866141732283,0.574803149606,158791173
35.8881835938,-241.001144409,0.40234375,-0.0866141732283,0.55905511811,158791178
35.8270874023,-237.235488892,0.40185546875,-0.0866141732283,0.55905511811,158791183
35.6132202148,-233.717224121,0.40234375,-0.102362204724,0.543307086614,158791189
35.09375,-230.611251831,0.400390625,-0.102362204724,0.527559055118,158791193
34.2993164062,-227.945068359,0.3974609375,-0.102362204724,0.527559055118,158791198
33.2909545898,-225.801116943,0.39501953125,-0.0866141732283,0.511811023622,158791203
32.0076293945,-224.124435425,0.39501953125,-0.0866141732283,0.511811023622,158791210
30.5408935547,-222.860061646,0.3916015625,-0.0866141732283,0.496062992126,158791213
28.9520263672,-221.95300293,0.39453125,-0.0866141732283,0.496062992126,158791218
27.1186523438,-221.348312378,0.39501953125,-0.0866141732283,0.48031496063,158791223
25.0103149414,-220.963500977,0.39697265625,-0.0866141732283,0.48031496063,158791229
22.5963745117,-220.716110229,0.3994140625,-0.0708661417323,0.48031496063,158791233
19.9074707031,-220.716110229,0.400390625,-0.0708661417323,0.48031496063,158791238
17.0352172852,-220.936004639,0.40576171875,-0.0708661417323,0.48031496063,158791243
14.2241210938,-221.458251953,0.41162109375,-0.0708661417323,0.48031496063,158791248
11.5046386719,-222.227874756,0.41796875,-0.0708661417323,0.48031496063,158791253
9.09069824219,-223.217391968,0.42236328125,-0.0708661417323,0.48031496063,158791259
6.92126464844,-224.399307251,0.42333984375,-0.0708661417323,0.48031496063,158791263
4.93511962891,-225.718658447,0.42333984375,-0.0708661417323,0.48031496063,158791269
3.16284179688,-227.12046814,0.423828125,-0.0708661417323,0.48031496063,158791273
1.45172119141,-228.632232666,0.4208984375,-0.0708661417323,0.48031496063,158791278
-0.0760498046875,-230.171463013,0.4130859375,-0.0708661417323,0.48031496063,158791283
-1.45104980469,-231.65574646,0.3994140625,-0.0708661417323,0.48031496063,158791289
-2.64276123047,-233.085037231,0.37451171875,-0.0708661417323,0.48031496063,158791293
-3.55944824219,-234.266952515,0.34814453125,-0.0708661417323,0.496062992126,158791299
-4.26220703125,-235.17401123,0.30126953125,-0.0708661417323,0.496062992126,158791304
-4.65942382812,-235.888656616,0.23193359375,-0.0708661417323,0.496062992126,158791310
-4.8427734375,-236.355926514,0.126953125,-0.0708661417323,0.496062992126,158791314
-4.72052001953,-236.713256836,0.126953125,-0.0708661417323,0.496062992126,158791319
0,0,0,0,0,0
82.088684082,-275.084396362,0.2060546875,-0.102362204724,0.543307086614,158791978
82.6997680664,-276.321289062,0.19482421875,-0.102362204724,0.55905511811,158791982
83.3109130859,-277.558181763,0.19091796875,-0.102362204724,0.55905511811,158791988
83.8303833008,-278.740097046,0.18603515625,-0.102362204724,0.574803149606,158791992
84.2886962891,-279.729614258,0.19384765625,-0.102362204724,0.574803149606,158791997
84.6248168945,-280.471740723,0.21240234375,-0.102362204724,0.574803149606,158792002
84.7470092773,-280.884048462,0.2314453125,-0.102362204724,0.590551181102,158792008
84.7164916992,-281.048965454,0.23486328125,-0.102362204724,0.590551181102,158792012
84.5942382812,-281.021484375,0.234375,-0.11811023622,0.590551181102,158792018
84.4720458984,-280.966506958,0.234375,-0.11811023622,0.590551181102,158792023
84.3192749023,-280.774093628,0.2353515625,-0.11811023622,0.606299212598,158792028
84.1053466797,-280.444259644,0.236328125,-0.11811023622,0.606299212598,158792033
83.7387084961,-279.976989746,0.2373046875,-0.11811023622,0.606299212598,158792038
83.2498168945,-279.26234436,0.2412109375,-0.133858267717,0.606299212598,158792043
82.638671875,-278.382781982,0.24755859375,-0.133858267717,0.606299212598,158792048
81.9359130859,-277.255828857,0.25537109375,-0.133858267717,0.606299212598,158792053
81.2025756836,-275.936477661,0.265625,-0.133858267717,0.606299212598,158792058
80.4080810547,-274.342254639,0.2734375,-0.133858267717,0.606299212598,158792063
79.6747436523,-272.500656128,0.28466796875,-0.133858267717,0.606299212598,158792068
79.063659668,-270.439178467,0.29248046875,-0.133858267717,0.590551181102,158792073
78.6358642578,-268.157791138,0.2998046875,-0.133858267717,0.590551181102,158792078
78.391418457,-265.848937988,0.3056640625,-0.133858267717,0.590551181102,158792083
78.2997436523,-263.402633667,0.31103515625,-0.133858267717,0.574803149606,158792088
78.2997436523,-260.956329346,0.31494140625,-0.133858267717,0.574803149606,158792093
78.4219360352,-258.592498779,0.3203125,-0.133858267717,0.574803149606,158792098
78.6358642578,-256.256149292,0.32470703125,-0.133858267717,0.55905511811,158792103
78.94140625,-254.084716797,0.3291015625,-0.11811023622,0.55905511811,158792108
79.3692016602,-252.078201294,0.3349609375,-0.11811023622,0.55905511811,158792113
79.9497680664,-250.209121704,0.341796875,-0.11811023622,0.543307086614,158792119
80.8052978516,-248.559936523,0.34716796875,-0.11811023622,0.543307086614,158792123
81.9053344727,-246.99319458,0.35009765625,-0.11811023622,0.527559055118,158792128
83.2192382812,-245.563903809,0.35302734375,-0.11811023622,0.527559055118,158792133
84.7470092773,-244.217071533,0.3544921875,-0.11811023622,0.511811023622,158792138
86.3970336914,-242.84274292,0.35400390625,-0.11811023622,0.511811023622,158792144
88.260925293,-241.660827637,0.34716796875,-0.11811023622,0.511811023622,158792148
90.1859741211,-240.616333008,0.33349609375,-0.11811023622,0.511811023622,158792153
92.1721191406,-239.819229126,0.3193359375,-0.11811023622,0.511811023622,158792158
94.1276855469,-239.324462891,0.3095703125,-0.11811023622,0.496062992126,158792163
95.930480957,-239.077087402,0.30224609375,-0.11811023622,0.496062992126,158792169
97.6416015625,-239.10458374,0.30078125,-0.133858267717,0.496062992126,158792173
99.2305297852,-239.406921387,0.30029296875,-0.133858267717,0.496062992126,158792179
100.666625977,-239.929168701,0.298828125,-0.133858267717,0.496062992126,158792183
101.88885498,-240.643814087,0.298828125,-0.133858267717,0.496062992126,158792189
102.988891602,-241.578369141,0.30029296875,-0.133858267717,0.496062992126,158792194
103.936096191,-242.65032959,0.30712890625,-0.133858267717,0.496062992126,158792199
104.761108398,-243.914718628,0.31298828125,-0.149606299213,0.496062992126,158792204
105.525024414,-245.344009399,0.31396484375,-0.149606299213,0.496062992126,158792209
106.197265625,-246.965713501,0.3154296875,-0.149606299213,0.496062992126,158792214
106.869506836,-248.724853516,0.31640625,-0.149606299213,0.496062992126,158792219
107.48059082,-250.511474609,0.318359375,-0.149606299213,0.496062992126,158792224
108.061157227,-252.270599365,0.3173828125,-0.149606299213,0.496062992126,158792229
108.61114502,-253.919799805,0.31689453125,-0.149606299213,0.496062992126,158792234
109.069519043,-255.486526489,0.31640625,-0.149606299213,0.511811023622,158792239
109.405639648,-256.943313599,0.31591796875,-0.149606299213,0.511811023622,158792244
109.711181641,-258.37260437,0.31494140625,-0.149606299213,0.511811023622,158792249
109.955627441,-259.719451904,0.31494140625,-0.149606299213,0.527559055118,158792254
110.108398438,-260.956329346,0.314453125,-0.149606299213,0.527559055118,158792259
110.291748047,-262.193222046,0.31494140625,-0.149606299213,0.527559055118,158792264
110.383422852,-263.320175171,0.31689453125,-0.149606299213,0.543307086614,158792269
110.444519043,-264.474609375,0.31640625,-0.149606299213,0.543307086614,158792274
110.505615234,-265.574066162,0.31689453125,-0.149606299213,0.543307086614,158792279
110.536193848,-266.64604187,0.3173828125,-0.149606299213,0.543307086614,158792284
110.536193848,-267.580581665,0.32177734375,-0.149606299213,0.55905511811,158792290
110.566711426,-268.405181885,0.326171875,-0.149606299213,0.55905511811,158792294
110.566711426,-268.982391357,0.33154296875,-0.149606299213,0.55905511811,158792299
110.566711426,-269.312225342,0.33837890625,-0.149606299213,0.55905511811,158792304
110.566711426,-269.504638672,0.333984375,-0.149606299213,0.55905511811,158792309
110.566711426,-269.504638672,0.32958984375,-0.149606299213,0.55905511811,158792314
110.505615234,-269.422180176,0.32958984375,-0.149606299213,0.574803149606,158792320
110.352844238,-269.092330933,0.33056640625,-0.149606299213,0.574803149606,158792324
110.138977051,-268.542602539,0.33447265625,-0.149606299213,0.574803149606,158792330
109.863952637,-267.69052124,0.33935546875,-0.149606299213,0.574803149606,158792334
109.558410645,-266.64604187,0.341796875,-0.149606299213,0.574803149606,158792340
109.375061035,-265.326690674,0.3466796875,-0.149606299213,0.574803149606,158792345
109.252807617,-263.897384644,0.35009765625,-0.149606299213,0.574803149606,158792350
109.252807617,-262.358154297,0.35302734375,-0.149606299213,0.574803149606,158792354
109.405639648,-260.791412354,0.35595703125,-0.149606299213,0.574803149606,158792360
109.680603027,-259.224685669,0.35888671875,-0.149606299213,0.55905511811,158792364
110.138977051,-257.602981567,0.36181640625,-0.149606299213,0.55905511811,158792370
110.719543457,-256.036254883,0.3662109375,-0.149606299213,0.55905511811,158792375
111.391723633,-254.44203186,0.36962890625,-0.149606299213,0.543307086614,158792380
112.155639648,-252.847824097,0.37451171875,-0.149606299213,0.543307086614,158792385
113.041748047,-251.363555908,0.37939453125,-0.149606299213,0.543307086614,158792390
114.01953125,-249.769332886,0.3837890625,-0.149606299213,0.527559055118,158792395
115.211242676,-248.257583618,0.38916015625,-0.149606299213,0.527559055118,158792400
116.616821289,-246.828277588,0.39453125,-0.149606299213,0.527559055118,158792405
118.297363281,-245.344009399,0.3974609375,-0.149606299213,0.511811023622,158792410
120.222412109,-243.997177124,0.39990234375,-0.149606299213,0.511811023622,158792415
122.330749512,-242.622848511,0.40283203125,-0.149606299213,0.511811023622,158792420
124.561340332,-241.303497314,0.404296875,-0.149606299213,0.496062992126,158792425
126.730773926,-240.121582031,0.4052734375,-0.149606299213,0.496062992126,158792430
128.778015137,-239.022125244,0.40478515625,-0.149606299213,0.496062992126,158792435
130.61138916,-238.08757019,0.39892578125,-0.149606299213,0.48031496063,158792440
132.139160156,-237.400421143,0.38134765625,-0.149606299213,0.48031496063,158792445
133.453063965,-236.850692749,0.3564453125,-0.149606299213,0.48031496063,158792450
134.492004395,-236.493362427,0.32861328125,-0.149606299213,0.48031496063,158792455
135.317016602,-236.245986938,0.2939453125,-0.149606299213,0.48031496063,158792460
135.989196777,-236.053573608,0.2548828125,-0.149606299213,0.48031496063,158792465
136.539245605,-235.943634033,0.21240234375,-0.149606299213,0.48031496063,158792470
137.058654785,-235.888656616,0.15673828125,-0.133858267717,0.48031496063,158792475
137.578125,-235.943634033,0.08984375,-0.133858267717,0.48031496063,158792480
138.158691406,-236.136032104,0.08984375,-0.133858267717,0.48031496063,158792485
0,0,0,0,0,0
174.947937012,-253.727386475,0.20361328125,-0.11811023622,0.527559055118,158793038
175.375732422,-253.040222168,0.20361328125,-0.11811023622,0.527559055118,158793043
175.895202637,-252.517990112,0.205078125,-0.11811023622,0.527559055118,158793049
176.506286621,-252.023223877,0.2119140625,-0.11811023622,0.527559055118,158793053
177.117431641,-251.665908813,0.23876953125,-0.11811023622,0.527559055118,158793059
177.759094238,-251.391036987,0.26953125,-0.11811023622,0.511811023622,158793063
178.431335449,-251.226119995,0.2998046875,-0.11811023622,0.511811023622,158793069
179.103515625,-251.198638916,0.333984375,-0.11811023622,0.511811023622,158793073
179.867431641,-251.308578491,0.35791015625,-0.11811023622,0.511811023622,158793079
180.692443848,-251.555953979,0.37890625,-0.11811023622,0.511811023622,158793083
181.670227051,-252.050720215,0.39208984375,-0.11811023622,0.511811023622,158793089
182.678588867,-252.737869263,0.40673828125,-0.11811023622,0.511811023622,158793094
183.686950684,-253.562469482,0.419921875,-0.11811023622,0.511811023622,158793099
184.60357666,-254.551986694,0.431640625,-0.11811023622,0.511811023622,158793104
185.520263672,-255.678924561,0.4365234375,-0.11811023622,0.511811023622,158793109
186.40637207,-257.025772095,0.439453125,-0.11811023622,0.511811023622,158793114
187.292541504,-258.619979858,0.4404296875,-0.11811023622,0.511811023622,158793119
188.148071289,-260.43409729,0.43701171875,-0.11811023622,0.527559055118,158793124
189.064758301,-262.495574951,0.4326171875,-0.11811023622,0.527559055118,158793129
189.920349121,-264.694503784,0.42578125,-0.11811023622,0.527559055118,158793134
190.867553711,-267.085830688,0.4189453125,-0.11811023622,0.527559055118,158793139
191.875915527,-269.669555664,0.412109375,-0.11811023622,0.527559055118,158793144
192.884216309,-272.335739136,0.40869140625,-0.11811023622,0.543307086614,158793149
193.953674316,-275.139373779,0.40478515625,-0.11811023622,0.543307086614,158793154
194.992614746,-277.997970581,0.40283203125,-0.11811023622,0.543307086614,158793159
195.939819336,-280.774093628,0.40234375,-0.11811023622,0.543307086614,158793164
196.795410156,-283.412796021,0.40087890625,-0.11811023622,0.55905511811,158793169
197.467651367,-285.859100342,0.39990234375,-0.11811023622,0.55905511811,158793174
197.956542969,-287.97555542,0.3984375,-0.133858267717,0.55905511811,158793179
198.262084961,-289.982070923,0.39697265625,-0.133858267717,0.55905511811,158793184
198.414855957,-291.768692017,0.39599609375,-0.133858267717,0.55905511811,158793189
198.353759766,-293.445373535,0.39453125,-0.133858267717,0.55905511811,158793194
198.170410156,-295.122039795,0.39404296875,-0.133858267717,0.55905511811,158793199
197.834289551,-296.688781738,0.392578125,-0.133858267717,0.55905511811,158793204
197.345397949,-298.228027344,0.39111328125,-0.149606299213,0.55905511811,158793210
196.825927734,-299.684799194,0.390625,-0.149606299213,0.55905511811,158793214
196.21484375,-300.949188232,0.3916015625,-0.149606299213,0.55905511811,158793220
195.573181152,-302.076126099,0.392578125,-0.149606299213,0.55905511811,158793224
195.053710938,-302.983184814,0.3935546875,-0.149606299213,0.55905511811,158793230
194.534240723,-303.752807617,0.39306640625,-0.149606299213,0.55905511811,158793234
194.075927734,-304.302536011,0.39208984375,-0.149606299213,0.55905511811,158793240
193.80090332,-304.687347412,0.39208984375,-0.149606299213,0.55905511811,158793244
193.617553711,-304.907241821,0.3916015625,-0.149606299213,0.55905511811,158793250
193.495361328,-304.989700317,0.39013671875,-0.165354330709,0.55905511811,158793254
193.495361328,-304.989700317,0.38623046875,-0.165354330709,0.55905511811,158793260
193.37310791,-304.907241821,0.38525390625,-0.165354330709,0.55905511811,158793264
193.128662109,-304.632369995,0.3837890625,-0.165354330709,0.55905511811,158793270
192.700927734,-304.082641602,0.38330078125,-0.165354330709,0.55905511811,158793275
192.028686523,-303.175582886,0.38330078125,-0.165354330709,0.55905511811,158793280
191.111999512,-301.966186523,0.38232421875,-0.165354330709,0.55905511811,158793285
190.103637695,-300.509399414,0.3828125,-0.165354330709,0.55905511811,158793290
188.942504883,-298.805236816,0.3818359375,-0.165354330709,0.55905511811,158793295
187.811950684,-296.963638306,0.380859375,-0.165354330709,0.55905511811,158793300
186.83416748,-294.957122803,0.380859375,-0.165354330709,0.55905511811,158793305
185.856384277,-292.758209229,0.37939453125,-0.165354330709,0.55905511811,158793310
184.970275879,-290.394363403,0.37939453125,-0.165354330709,0.55905511811,158793315
184.175842285,-287.948074341,0.3818359375,-0.165354330709,0.55905511811,158793320
183.534118652,-285.391830444,0.38232421875,-0.149606299213,0.55905511811,158793325
183.075805664,-282.698150635,0.38427734375,-0.149606299213,0.574803149606,158793330
182.80078125,-280.031967163,0.38525390625,-0.149606299213,0.574803149606,158793335
182.678588867,-277.338287354,0.38818359375,-0.149606299213,0.574803149606,158793341
182.648010254,-274.72706604,0.39208984375,-0.149606299213,0.574803149606,158793345
182.678588867,-272.170822144,0.39599609375,-0.133858267717,0.574803149606,158793350
182.80078125,-269.614578247,0.3984375,-0.133858267717,0.574803149606,158793355
183.045227051,-267.085830688,0.40087890625,-0.133858267717,0.574803149606,158793360
183.473022461,-264.529586792,0.40283203125,-0.133858267717,0.55905511811,158793365
184.053588867,-262.055801392,0.40478515625,-0.133858267717,0.55905511811,158793371
184.878601074,-259.664474487,0.4072265625,-0.133858267717,0.55905511811,158793375
185.886962891,-257.300628662,0.41015625,-0.133858267717,0.543307086614,158793380
187.048095703,-254.991775513,0.41259765625,-0.133858267717,0.543307086614,158793385
188.331420898,-252.737869263,0.4140625,-0.133858267717,0.527559055118,158793390
189.67590332,-250.566436768,0.41650390625,-0.133858267717,0.527559055118,158793395
191.081420898,-248.477478027,0.41943359375,-0.133858267717,0.527559055118,158793401
192.548156738,-246.553421021,0.42236328125,-0.133858267717,0.511811023622,158793405
194.014831543,-244.739303589,0.42529296875,-0.133858267717,0.511811023622,158793411
195.542602539,-243.035140991,0.42919921875,-0.133858267717,0.511811023622,158793415
197.131530762,-241.468414307,0.43115234375,-0.133858267717,0.496062992126,158793421
198.750976562,-240.066604614,0.43359375,-0.133858267717,0.496062992126,158793425
200.401000977,-238.91217041,0.435546875,-0.133858267717,0.496062992126,158793432
202.14263916,-237.922653198,0.43701171875,-0.133858267717,0.48031496063,158793435
203.914916992,-237.235488892,0.43701171875,-0.133858267717,0.48031496063,158793441
205.717712402,-236.658279419,0.43798828125,-0.11811023622,0.48031496063,158793445
207.520507812,-236.245986938,0.43896484375,-0.11811023622,0.464566929134,158793451
209.292724609,-235.943634033,0.439453125,-0.11811023622,0.464566929134,158793455
211.003845215,-235.668762207,0.43896484375,-0.11811023622,0.464566929134,158793462
212.562194824,-235.558822632,0.43798828125,-0.11811023622,0.464566929134,158793466
214.028930664,-235.503845215,0.43505859375,-0.11811023622,0.464566929134,158793472
215.251159668,-235.558822632,0.427734375,-0.11811023622,0.464566929134,158793476
216.228942871,-235.668762207,0.42236328125,-0.102362204724,0.464566929134,158793482
216.992797852,-235.861175537,0.41650390625,-0.102362204724,0.464566929134,158793485
217.512268066,-236.026092529,0.40673828125,-0.102362204724,0.464566929134,158793491
217.940063477,-236.273468018,0.39453125,-0.102362204724,0.464566929134,158793496
218.337280273,-236.548339844,0.37451171875,-0.102362204724,0.464566929134,158793501
218.703918457,-236.905654907,0.35400390625,-0.102362204724,0.464566929134,158793506
219.070617676,-237.345443726,0.32568359375,-0.102362204724,0.464566929134,158793511
219.437316895,-237.86769104,0.27880859375,-0.102362204724,0.448818897638,158793516
219.834533691,-238.444900513,0.220703125,-0.102362204724,0.448818897638,158793521
220.323425293,-239.077087402,0.1416015625,-0.102362204724,0.448818897638,158793526
220.903991699,-239.791732788,0.04931640625,-0.102362204724,0.448818897638,158793531
221.576171875,-240.533874512,0.04931640625,-0.102362204724,0.448818897638,158793536
0,0,0,0,0,0
262.276611328,-280.774093628,0.228515625,-0.133858267717,0.543307086614,158794205
262.58215332,-281.268859863,0.236328125,-0.133858267717,0.543307086614,158794210
262.76550293,-281.681152344,0.2392578125,-0.133858267717,0.543307086614,158794215
262.857177734,-281.928527832,0.2451171875,-0.133858267717,0.55905511811,158794220
262.979370117,-282.120941162,0.263671875,-0.133858267717,0.55905511811,158794225
262.948852539,-282.230880737,0.2802734375,-0.133858267717,0.55905511811,158794230
262.948852539,-282.230880737,0.28955078125,-0.133858267717,0.55905511811,158794235
262.857177734,-282.313339233,0.2939453125,-0.133858267717,0.55905511811,158794240
262.857177734,-282.313339233,0.296875,-0.133858267717,0.574803149606,158794245
262.857177734,-282.313339233,0.30029296875,-0.133858267717,0.574803149606,158794250
262.857177734,-282.313339233,0.30517578125,-0.133858267717,0.574803149606,158794255
262.857177734,-282.313339233,0.3095703125,-0.133858267717,0.574803149606,158794261
262.826599121,-282.230880737,0.30908203125,-0.133858267717,0.574803149606,158794271
262.826599121,-282.230880737,0.30712890625,-0.133858267717,0.574803149606,158794275
262.796081543,-282.038482666,0.306640625,-0.149606299213,0.574803149606,158794280
262.734924316,-281.708633423,0.31005859375,-0.149606299213,0.574803149606,158794285
262.612731934,-281.103942871,0.31201171875,-0.149606299213,0.574803149606,158794290
262.429382324,-280.196884155,0.31396484375,-0.149606299213,0.574803149606,158794295
262.215515137,-279.042449951,0.3173828125,-0.149606299213,0.574803149606,158794300
261.971069336,-277.640640259,0.32177734375,-0.149606299213,0.574803149606,158794305
261.63494873,-276.073913574,0.326171875,-0.149606299213,0.574803149606,158794310
261.39050293,-274.397232056,0.32958984375,-0.133858267717,0.574803149606,158794315
261.115478516,-272.665588379,0.3349609375,-0.133858267717,0.574803149606,158794320
260.932128906,-270.823989868,0.33935546875,-0.133858267717,0.574803149606,158794325
260.809936523,-269.009872437,0.34375,-0.133858267717,0.55905511811,158794330
260.748840332,-267.195770264,0.34765625,-0.133858267717,0.55905511811,158794335
260.932128906,-265.40914917,0.3525390625,-0.133858267717,0.55905511811,158794341
261.329406738,-263.595046997,0.36181640625,-0.133858267717,0.543307086614,158794346
261.971069336,-261.780929565,0.37158203125,-0.133858267717,0.543307086614,158794350
262.979370117,-259.911849976,0.3798828125,-0.133858267717,0.543307086614,158794356
264.232177734,-258.070251465,0.39013671875,-0.133858267717,0.527559055118,158794361
265.821105957,-256.283630371,0.3974609375,-0.133858267717,0.527559055118,158794366
267.623901367,-254.551986694,0.40380859375,-0.11811023622,0.527559055118,158794371
269.579467773,-253.012741089,0.40966796875,-0.11811023622,0.511811023622,158794376
271.657287598,-251.638412476,0.41748046875,-0.11811023622,0.511811023622,158794381
273.765625,-250.429016113,0.42529296875,-0.11811023622,0.511811023622,158794386
276.026733398,-249.46697998,0.43310546875,-0.11811023622,0.496062992126,158794391
278.348999023,-248.752334595,0.4375,-0.11811023622,0.496062992126,158794396
280.579589844,-248.202606201,0.43994140625,-0.11811023622,0.496062992126,158794401
282.596252441,-247.900253296,0.4404296875,-0.11811023622,0.496062992126,158794406
284.368530273,-247.735336304,0.439453125,-0.11811023622,0.48031496063,158794411
285.835205078,-247.652877808,0.4375,-0.11811023622,0.48031496063,158794416
287.08795166,-247.707855225,0.4345703125,-0.11811023622,0.48031496063,158794421
288.249084473,-247.790313721,0.42626953125,-0.11811023622,0.48031496063,158794426
289.257446289,-247.927734375,0.41162109375,-0.11811023622,0.48031496063,158794431
290.235229492,-248.120147705,0.39111328125,-0.11811023622,0.48031496063,158794436
291.121337891,-248.340042114,0.36083984375,-0.11811023622,0.48031496063,158794441
291.91583252,-248.614898682,0.3271484375,-0.11811023622,0.48031496063,158794446
292.557495117,-248.917251587,0.2939453125,-0.11811023622,0.48031496063,158794451
293.10748291,-249.247085571,0.25146484375,-0.11811023622,0.48031496063,158794456
293.474182129,-249.576934814,0.20849609375,-0.133858267717,0.48031496063,158794461
293.810241699,-249.87928772,0.16552734375,-0.133858267717,0.48031496063,158794466
294.024169922,-250.126663208,0.11767578125,-0.133858267717,0.48031496063,158794472
294.146362305,-250.401519775,0.05712890625,-0.133858267717,0.48031496063,158794476
294.176940918,-250.648910522,0.05712890625,-0.133858267717,0.48031496063,158794481
0,0,0,0,0,0
336.099609375,-268.377685547,0.23828125,-0.102362204724,0.527559055118,158795054
335.855102539,-268.020370483,0.2412109375,-0.102362204724,0.543307086614,158795060
335.763427734,-267.800476074,0.2451171875,-0.102362204724,0.543307086614,158795064
335.824584961,-267.608062744,0.25048828125,-0.102362204724,0.543307086614,158795070
335.946777344,-267.388168335,0.27099609375,-0.102362204724,0.543307086614,158795074
336.221801758,-267.140792847,0.291015625,-0.102362204724,0.543307086614,158795080
336.680175781,-266.810958862,0.30810546875,-0.102362204724,0.55905511811,158795085
337.38293457,-266.45362854,0.326171875,-0.102362204724,0.55905511811,158795090
338.421875,-266.01385498,0.341796875,-0.102362204724,0.55905511811,158795095
339.613525391,-265.684005737,0.35498046875,-0.102362204724,0.55905511811,158795100
341.080200195,-265.381668091,0.36669921875,-0.102362204724,0.55905511811,158795105
342.608032227,-265.21673584,0.376953125,-0.102362204724,0.55905511811,158795110
344.196899414,-265.161773682,0.38525390625,-0.102362204724,0.55905511811,158795115
345.694091797,-265.189254761,0.3916015625,-0.102362204724,0.55905511811,158795120
347.099731445,-265.299194336,0.39404296875,-0.102362204724,0.55905511811,158795125
348.352539062,-265.464126587,0.39501953125,-0.102362204724,0.55905511811,158795130
349.574707031,-265.738983154,0.3955078125,-0.102362204724,0.55905511811,158795135
350.766357422,-266.068817139,0.3955078125,-0.102362204724,0.55905511811,158795141
351.988647461,-266.45362854,0.396484375,-0.102362204724,0.55905511811,158795145
353.271972656,-266.920898438,0.396484375,-0.102362204724,0.55905511811,158795150
354.555297852,-267.498123169,0.39599609375,-0.102362204724,0.55905511811,158795155
355.808105469,-268.185287476,0.39453125,-0.11811023622,0.55905511811,158795160
357.091430664,-268.92741394,0.3935546875,-0.11811023622,0.55905511811,158795165
358.19152832,-269.724533081,0.39208984375,-0.11811023622,0.55905511811,158795170
359.260986328,-270.57661438,0.38916015625,-0.11811023622,0.55905511811,158795175
360.238769531,-271.373718262,0.3857421875,-0.11811023622,0.55905511811,158795180
361.094238281,-272.225799561,0.3828125,-0.11811023622,0.55905511811,158795185
361.858154297,-273.105361938,0.3818359375,-0.11811023622,0.574803149606,158795191
362.49987793,-273.902481079,0.380859375,-0.133858267717,0.574803149606,158795195
363.019287109,-274.72706604,0.38134765625,-0.133858267717,0.574803149606,158795200
363.35546875,-275.55166626,0.3857421875,-0.133858267717,0.574803149606,158795205
363.630371094,-276.376266479,0.3896484375,-0.133858267717,0.574803149606,158795210
363.722045898,-277.228347778,0.3935546875,-0.133858267717,0.574803149606,158795215
363.69152832,-278.052932739,0.3994140625,-0.133858267717,0.574803149606,158795220
363.477661133,-278.905014038,0.40185546875,-0.133858267717,0.574803149606,158795225
363.110961914,-279.729614258,0.40283203125,-0.133858267717,0.574803149606,158795231
362.591552734,-280.581695557,0.4013671875,-0.133858267717,0.574803149606,158795235
361.827636719,-281.378799438,0.40087890625,-0.133858267717,0.574803149606,158795241
360.880371094,-282.093444824,0.400390625,-0.133858267717,0.574803149606,158795246
359.658203125,-282.670669556,0.39990234375,-0.149606299213,0.574803149606,158795251
358.222045898,-283.110458374,0.40087890625,-0.149606299213,0.574803149606,158795255
356.633178711,-283.412796021,0.39990234375,-0.149606299213,0.574803149606,158795260
354.983154297,-283.550231934,0.39990234375,-0.149606299213,0.574803149606,158795265
353.485839844,-283.522750854,0.3984375,-0.133858267717,0.574803149606,158795271
352.17199707,-283.247879028,0.39892578125,-0.133858267717,0.574803149606,158795276
351.102539062,-282.725646973,0.39892578125,-0.133858267717,0.574803149606,158795281
350.155273438,-281.983505249,0.39892578125,-0.133858267717,0.574803149606,158795286
349.269165039,-281.13142395,0.3994140625,-0.133858267717,0.574803149606,158795291
348.413574219,-280.031967163,0.39892578125,-0.133858267717,0.574803149606,158795296
347.588623047,-278.877532959,0.3974609375,-0.133858267717,0.574803149606,158795301
346.885864258,-277.503204346,0.4013671875,-0.11811023622,0.574803149606,158795306
346.366333008,-275.908996582,0.40478515625,-0.11811023622,0.574803149606,158795311
346.060791016,-274.177337646,0.408203125,-0.11811023622,0.574803149606,158795316
345.999633789,-272.308258057,0.41162109375,-0.11811023622,0.574803149606,158795321
346.121948242,-270.356719971,0.4150390625,-0.11811023622,0.574803149606,158795326
346.396972656,-268.350204468,0.41796875,-0.11811023622,0.574803149606,158795331
346.824707031,-266.371170044,0.4208984375,-0.11811023622,0.55905511811,158795336
347.374755859,-264.419631958,0.42236328125,-0.11811023622,0.55905511811,158795341
348.016357422,-262.495574951,0.42333984375,-0.102362204724,0.55905511811,158795346
348.871948242,-260.681472778,0.42529296875,-0.102362204724,0.55905511811,158795351
349.94140625,-258.949829102,0.42626953125,-0.102362204724,0.543307086614,158795356
351.224731445,-257.245666504,0.42919921875,-0.102362204724,0.543307086614,158795361
352.783081055,-255.651443481,0.431640625,-0.11811023622,0.543307086614,158795366
354.555297852,-254.139694214,0.43359375,-0.11811023622,0.527559055118,158795372
356.510864258,-252.710388184,0.43603515625,-0.11811023622,0.527559055118,158795376
358.7109375,-251.418518066,0.43798828125,-0.11811023622,0.527559055118,158795381
361.094238281,-250.2915802,0.4404296875,-0.11811023622,0.511811023622,158795386
363.69152832,-249.329544067,0.4423828125,-0.11811023622,0.511811023622,158795391
366.411010742,-248.504959106,0.44482421875,-0.11811023622,0.511811023622,158795397
369.161010742,-247.8177948,0.44775390625,-0.11811023622,0.496062992126,158795402
371.941650391,-247.240585327,0.45361328125,-0.11811023622,0.496062992126,158795406
374.569458008,-246.77331543,0.45849609375,-0.11811023622,0.496062992126,158795411
377.10559082,-246.415985107,0.46240234375,-0.11811023622,0.48031496063,158795416
379.427856445,-246.141113281,0.466796875,-0.133858267717,0.48031496063,158795421
381.505615234,-245.94871521,0.47021484375,-0.133858267717,0.48031496063,158795427
383.430664062,-245.783798218,0.47412109375,-0.133858267717,0.464566929134,158795431
385.172363281,-245.75630188,0.478515625,-0.133858267717,0.464566929134,158795437
386.761230469,-245.728820801,0.48095703125,-0.133858267717,0.464566929134,158795442
388.2890625,-245.728820801,0.48193359375,-0.133858267717,0.464566929134,158795447
389.694580078,-245.783798218,0.482421875,-0.133858267717,0.464566929134,158795452
391.069580078,-245.893737793,0.48291015625,-0.11811023622,0.464566929134,158795457
392.4140625,-246.058654785,0.48046875,-0.11811023622,0.464566929134,158795462
393.697387695,-246.251068115,0.4716796875,-0.11811023622,0.448818897638,158795467
394.919677734,-246.470962524,0.4560546875,-0.11811023622,0.448818897638,158795472
396.050170898,-246.663360596,0.44287109375,-0.11811023622,0.448818897638,158795477
397.05859375,-246.800796509,0.42138671875,-0.11811023622,0.433070866142,158795482
397.944702148,-246.938232422,0.40185546875,-0.11811023622,0.433070866142,158795487
398.555786133,-247.048171997,0.37744140625,-0.11811023622,0.433070866142,158795492
398.95300293,-247.130630493,0.34814453125,-0.11811023622,0.433070866142,158795497
399.166870117,-247.18560791,0.3134765625,-0.11811023622,0.433070866142,158795502
399.166870117,-247.18560791,0.2724609375,-0.11811023622,0.433070866142,158795507
399.166870117,-247.18560791,0.21728515625,-0.11811023622,0.433070866142,158795512
398.922485352,-247.103149414,0.162109375,-0.102362204724,0.433070866142,158795517
398.555786133,-247.075653076,0.08642578125,-0.102362204724,0.448818897638,158795522
397.975219727,-246.99319458,0.08642578125,-0.102362204724,0.464566929134,158795527
0,0,0,0,0,0
