x,y,p,xt,yt,time
0,0,0,0,0,0
-621.193496704,-292.500350952,0.27587890625,0.102362204724,0.763779527559,158811349
-621.193496704,-292.500350952,0.27392578125,0.102362204724,0.763779527559,158811353
-621.193496704,-292.500350952,0.2509765625,0.102362204724,0.779527559055,158811360
-621.193496704,-292.500350952,0.25244140625,0.11811023622,0.779527559055,158811364
-621.132385254,-292.582809448,0.259765625,0.11811023622,0.779527559055,158811369
-621.132385254,-292.582809448,0.2734375,0.11811023622,0.795275590551,158811374
-621.010162354,-292.582809448,0.27978515625,0.133858267717,0.795275590551,158811379
-621.010162354,-292.582809448,0.28466796875,0.133858267717,0.795275590551,158811383
-620.918487549,-292.500350952,0.29345703125,0.133858267717,0.795275590551,158811389
-620.918487549,-292.500350952,0.30517578125,0.133858267717,0.795275590551,158811395
-620.918487549,-292.500350952,0.31298828125,0.133858267717,0.795275590551,158811400
-620.796264648,-292.500350952,0.31640625,0.133858267717,0.795275590551,158811404
-620.643493652,-292.527832031,0.31884765625,0.133858267717,0.795275590551,158811414
-620.307373047,-292.445373535,0.3212890625,0.133858267717,0.795275590551,158811420
-619.696258545,-292.362915039,0.32861328125,0.133858267717,0.795275590551,158811424
-618.596252441,-292.280456543,0.33447265625,0.133858267717,0.795275590551,158811430
-617.068450928,-292.170501709,0.33984375,0.133858267717,0.795275590551,158811434
-615.112884521,-292.170501709,0.34521484375,0.133858267717,0.795275590551,158811440
-612.790634155,-292.280456543,0.3505859375,0.133858267717,0.795275590551,158811443
-610.254501343,-292.472854614,0.35400390625,0.133858267717,0.795275590551,158811448
-607.626693726,-292.720230103,0.35546875,0.133858267717,0.795275590551,158811453
-605.059997559,-293.050079346,0.36083984375,0.149606299213,0.795275590551,158811459
-602.676635742,-293.269958496,0.36767578125,0.149606299213,0.779527559055,158811463
-600.476623535,-293.489852905,0.3740234375,0.149606299213,0.779527559055,158811469
-598.490478516,-293.654769897,0.38037109375,0.149606299213,0.779527559055,158811474
-596.59602356,-293.819702148,0.388671875,0.149606299213,0.779527559055,158811480
-594.732116699,-294.039581299,0.396484375,0.133858267717,0.763779527559,158811483
-593.020980835,-294.286972046,0.40234375,0.133858267717,0.763779527559,158811489
-591.309860229,-294.506851196,0.40673828125,0.133858267717,0.763779527559,158811494
-589.75151062,-294.809204102,0.4111328125,0.11811023622,0.763779527559,158811500
-588.345932007,-295.084075928,0.4150390625,0.11811023622,0.748031496063,158811504
-587.093154907,-295.331451416,0.4228515625,0.11811023622,0.748031496063,158811509
-586.084793091,-295.688781738,0.4345703125,0.11811023622,0.748031496063,158811515
-585.320907593,-295.936157227,0.44921875,0.102362204724,0.748031496063,158811520
-584.709793091,-296.238510132,0.46240234375,0.102362204724,0.748031496063,158811524
-584.22088623,-296.595825195,0.470703125,0.102362204724,0.748031496063,158811530
-583.762557983,-296.953155518,0.4755859375,0.102362204724,0.748031496063,158811534
-583.273666382,-297.337966919,0.47998046875,0.102362204724,0.748031496063,158811540
-582.845870972,-297.640319824,0.48583984375,0.102362204724,0.748031496063,158811544
-582.448654175,-297.860214233,0.49169921875,0.102362204724,0.748031496063,158811549
-582.204208374,-298.025131226,0.4970703125,0.102362204724,0.748031496063,158811555
-581.959762573,-298.107589722,0.49951171875,0.102362204724,0.748031496063,158811560
-581.806976318,-298.217529297,0.49951171875,0.102362204724,0.748031496063,158811564
-581.623641968,-298.245025635,0.5,0.102362204724,0.748031496063,158811571
-581.440307617,-298.245025635,0.5,0.102362204724,0.748031496063,158811574
-581.226425171,-298.272506714,0.5,0.102362204724,0.748031496063,158811579
-580.951416016,-298.272506714,0.5,0.102362204724,0.748031496063,158811584
-580.706970215,-298.272506714,0.50146484375,0.102362204724,0.748031496063,158811590
-580.401412964,-298.299987793,0.5029296875,0.102362204724,0.748031496063,158811594
-580.156967163,-298.272506714,0.50390625,0.102362204724,0.748031496063,158811599
-579.851409912,-298.245025635,0.50390625,0.102362204724,0.748031496063,158811606
-579.606964111,-298.162567139,0.50390625,0.102362204724,0.748031496063,158811610
-579.270843506,-297.997634888,0.50439453125,0.0866141732283,0.748031496063,158811614
-578.904174805,-297.750259399,0.50341796875,0.0866141732283,0.748031496063,158811621
-578.445831299,-297.365447998,0.5029296875,0.0866141732283,0.748031496063,158811625
-577.895828247,-296.843215942,0.5029296875,0.0866141732283,0.748031496063,158811629
-577.284713745,-296.101074219,0.501953125,0.0866141732283,0.748031496063,158811634
-576.520812988,-295.084075928,0.50244140625,0.0708661417323,0.748031496063,158811640
-575.695800781,-293.819702148,0.50244140625,0.0708661417323,0.748031496063,158811645
-574.626358032,-292.225479126,0.5029296875,0.0708661417323,0.748031496063,158811650
-573.343002319,-290.246444702,0.5029296875,0.0551181102362,0.748031496063,158811654
-571.84576416,-287.910095215,0.50341796875,0.0551181102362,0.748031496063,158811661
-570.134643555,-285.10647583,0.50439453125,0.0393700787402,0.748031496063,158811665
-568.30128479,-281.835586548,0.50439453125,0.0393700787402,0.748031496063,158811670
-566.43737793,-278.427261353,0.50390625,0.0393700787402,0.732283464567,158811676
-564.542907715,-274.881500244,0.505859375,0.0393700787402,0.732283464567,158811680
-562.709564209,-271.335739136,0.5068359375,0.0236220472441,0.732283464567,158811685
-560.967880249,-267.817474365,0.50634765625,0.0236220472441,0.716535433071,158811691
-559.317855835,-264.051818848,0.5068359375,0.0236220472441,0.716535433071,158811696
-557.820617676,-260.203720093,0.50830078125,0.0236220472441,0.716535433071,158811700
-556.506729126,-256.273147583,0.50732421875,0.0236220472441,0.700787401575,158811705
-555.345596313,-252.315093994,0.50830078125,0.0236220472441,0.685039370079,158811711
-554.337249756,-248.274581909,0.5078125,0.0236220472441,0.669291338583,158811716
-553.481689453,-244.096633911,0.50390625,0.0236220472441,0.653543307087,158811721
-552.809463501,-239.836227417,0.4990234375,0.0236220472441,0.637795275591,158811725
-552.4427948,-235.355926514,0.4921875,0.0236220472441,0.622047244094,158811730
-552.228897095,-230.793167114,0.486328125,0.0236220472441,0.606299212598,158811735
-552.259460449,-226.340362549,0.4755859375,0.0236220472441,0.590551181102,158811742
-552.534454346,-222.217391968,0.46240234375,0.0236220472441,0.574803149606,158811745
-553.023345947,-218.616653442,0.4482421875,0.0236220472441,0.55905511811,158811750
-553.665023804,-215.675598145,0.435546875,0.0236220472441,0.543307086614,158811755
-554.612258911,-213.28427124,0.43115234375,0.0236220472441,0.527559055118,158811761
-555.803939819,-211.360229492,0.43017578125,0.0236220472441,0.527559055118,158811765
-557.240066528,-209.711029053,0.42822265625,0.0236220472441,0.511811023622,158811770
-559.042861938,-208.391677856,0.42724609375,0.0393700787402,0.511811023622,158811775
-561.090103149,-207.374679565,0.4248046875,0.0393700787402,0.496062992126,158811781
-563.473464966,-206.605056763,0.423828125,0.0393700787402,0.496062992126,158811785
-566.131820679,-206.137786865,0.4228515625,0.0393700787402,0.48031496063,158811790
-569.065185547,-205.972869873,0.42333984375,0.0393700787402,0.48031496063,158811796
-572.151321411,-206.02784729,0.4248046875,0.0551181102362,0.48031496063,158811800
-575.145797729,-206.412658691,0.43115234375,0.0551181102362,0.48031496063,158811805
-577.987503052,-207.044845581,0.43701171875,0.0551181102362,0.48031496063,158811811
-580.584747314,-208.006866455,0.439453125,0.0551181102362,0.48031496063,158811815
-582.968109131,-209.216278076,0.4443359375,0.0393700787402,0.48031496063,158811820
-585.137573242,-210.618087769,0.443359375,0.0393700787402,0.48031496063,158811825
-587.123703003,-212.212310791,0.4423828125,0.0393700787402,0.48031496063,158811830
-588.957061768,-213.834014893,0.44140625,0.0393700787402,0.48031496063,158811836
-590.576522827,-215.483200073,0.43701171875,0.0236220472441,0.496062992126,158811840
-591.982086182,-217.132385254,0.4140625,0.0236220472441,0.496062992126,158811847
-593.143203735,-218.726608276,0.37060546875,0.0236220472441,0.511811023622,158811850
-593.968215942,-220.210876465,0.2919921875,0.00787401574803,0.511811023622,158811856
-594.548782349,-221.640167236,0.1689453125,0.00787401574803,0.527559055118,158811860
-594.8543396,-222.877059937,0.1689453125,0.00787401574803,0.527559055118,158811866
0,0,0,0,0,0
-502.361724854,-294.61680603,0.29052734375,0.00787401574803,0.685039370079,158812615
-502.422836304,-294.974121094,0.294921875,0.00787401574803,0.685039370079,158812620
-502.575622559,-295.303970337,0.28759765625,0.00787401574803,0.700787401575,158812625
-502.667282104,-295.688781738,0.28759765625,0.00787401574803,0.700787401575,158812630
-502.758956909,-295.908660889,0.2890625,0.00787401574803,0.700787401575,158812635
-502.820068359,-296.07359314,0.29052734375,-0.00787401574803,0.700787401575,158812640
-502.88117981,-296.156051636,0.2900390625,-0.00787401574803,0.716535433071,158812645
-502.88117981,-296.156051636,0.2861328125,-0.00787401574803,0.716535433071,158812650
-503.06451416,-296.128555298,0.28271484375,-0.00787401574803,0.716535433071,158812656
-503.278396606,-295.88117981,0.283203125,-0.00787401574803,0.716535433071,158812661
-503.553405762,-295.523864746,0.283203125,-0.0236220472441,0.716535433071,158812666
-503.981185913,-294.864181519,0.2861328125,-0.0236220472441,0.716535433071,158812670
-504.439529419,-293.984619141,0.2900390625,-0.0236220472441,0.716535433071,158812676
-504.928421021,-292.802688599,0.2939453125,-0.0236220472441,0.716535433071,158812680
-505.447875977,-291.235961914,0.30517578125,-0.0236220472441,0.716535433071,158812685
-505.936767578,-289.311904907,0.31103515625,-0.0236220472441,0.732283464567,158812691
-506.333984375,-287.085510254,0.31396484375,-0.0236220472441,0.732283464567,158812696
-506.578430176,-284.639205933,0.318359375,-0.0236220472441,0.732283464567,158812701
-506.60899353,-282.055480957,0.32080078125,-0.0236220472441,0.732283464567,158812707
-506.364547729,-279.444259644,0.32373046875,-0.0236220472441,0.732283464567,158812711
-505.845092773,-276.915496826,0.32568359375,-0.0236220472441,0.732283464567,158812715
-505.050643921,-274.496688843,0.328125,-0.0236220472441,0.732283464567,158812720
-504.011749268,-272.215316772,0.33447265625,-0.0236220472441,0.732283464567,158812726
-502.789505005,-270.043884277,0.341796875,-0.0236220472441,0.716535433071,158812730
-501.353378296,-267.899932861,0.35400390625,-0.0236220472441,0.716535433071,158812736
-499.733917236,-265.893417358,0.3642578125,-0.0236220472441,0.716535433071,158812741
-497.931121826,-264.024337769,0.37451171875,-0.0236220472441,0.700787401575,158812746
-495.97555542,-262.265197754,0.38134765625,-0.0236220472441,0.700787401575,158812751
-493.928314209,-260.808410645,0.38916015625,-0.0236220472441,0.700787401575,158812756
-491.942169189,-259.461578369,0.39404296875,-0.0236220472441,0.685039370079,158812761
-490.017150879,-258.389602661,0.396484375,-0.0236220472441,0.685039370079,158812766
-488.275466919,-257.592498779,0.39794921875,-0.0236220472441,0.669291338583,158812771
-486.747680664,-257.015289307,0.400390625,-0.0236220472441,0.669291338583,158812776
-485.40322876,-256.685440063,0.40234375,-0.0236220472441,0.669291338583,158812781
-484.211547852,-256.602981567,0.4033203125,-0.0236220472441,0.653543307087,158812786
-483.111526489,-256.712936401,0.404296875,-0.0236220472441,0.653543307087,158812791
-482.042068481,-257.070251465,0.40478515625,-0.0236220472441,0.653543307087,158812796
-480.942062378,-257.619979858,0.4033203125,-0.0236220472441,0.653543307087,158812801
-479.81149292,-258.417098999,0.39990234375,-0.0236220472441,0.653543307087,158812806
-478.680923462,-259.461578369,0.3994140625,-0.0236220472441,0.653543307087,158812811
-477.550369263,-260.725952148,0.39697265625,-0.0236220472441,0.653543307087,158812816
-476.480911255,-262.155258179,0.3955078125,-0.0236220472441,0.653543307087,158812821
-475.533676147,-263.859420776,0.39306640625,-0.0236220472441,0.653543307087,158812826
-474.617004395,-265.783477783,0.38671875,-0.0236220472441,0.653543307087,158812831
-473.853103638,-267.872451782,0.3837890625,-0.0236220472441,0.653543307087,158812836
-473.150314331,-270.153823853,0.37890625,-0.0236220472441,0.653543307087,158812841
-472.569763184,-272.49017334,0.37646484375,-0.0393700787402,0.653543307087,158812846
-472.019744873,-274.991455078,0.3740234375,-0.0393700787402,0.653543307087,158812851
-471.622528076,-277.547698975,0.37451171875,-0.0393700787402,0.653543307087,158812856
-471.255859375,-280.048965454,0.37548828125,-0.0393700787402,0.669291338583,158812861
-471.04196167,-282.385314941,0.37744140625,-0.0551181102362,0.669291338583,158812866
-470.889190674,-284.281890869,0.38232421875,-0.0551181102362,0.669291338583,158812871
-470.766967773,-285.793640137,0.388671875,-0.0551181102362,0.685039370079,158812876
-470.766967773,-286.97555542,0.392578125,-0.0551181102362,0.685039370079,158812881
-470.766967773,-287.882614136,0.3974609375,-0.0551181102362,0.685039370079,158812886
-470.797515869,-288.514801025,0.40283203125,-0.0551181102362,0.700787401575,158812891
-470.828079224,-288.982070923,0.4091796875,-0.0708661417323,0.700787401575,158812896
-470.828079224,-289.201965332,0.4130859375,-0.0708661417323,0.700787401575,158812901
-470.858627319,-289.284423828,0.41162109375,-0.0708661417323,0.700787401575,158812911
-470.858627319,-289.284423828,0.40869140625,-0.0708661417323,0.700787401575,158812917
-470.858627319,-289.201965332,0.40625,-0.0708661417323,0.700787401575,158812922
-470.858627319,-288.872131348,0.40576171875,-0.0708661417323,0.700787401575,158812927
-470.858627319,-288.267425537,0.40576171875,-0.0708661417323,0.700787401575,158812932
-470.858627319,-287.277908325,0.40576171875,-0.0708661417323,0.700787401575,158812937
-470.858627319,-285.958557129,0.4052734375,-0.0708661417323,0.700787401575,158812942
-470.858627319,-284.309371948,0.404296875,-0.0708661417323,0.700787401575,158812947
-470.797515869,-282.412796021,0.404296875,-0.0708661417323,0.700787401575,158812951
-470.644744873,-280.296340942,0.40478515625,-0.0708661417323,0.700787401575,158812957
-470.369735718,-278.152389526,0.4052734375,-0.0708661417323,0.700787401575,158812962
-470.003067017,-276.118392944,0.40576171875,-0.0708661417323,0.700787401575,158812967
-469.483612061,-274.111877441,0.40576171875,-0.0551181102362,0.700787401575,158812972
-468.903060913,-272.242797852,0.40625,-0.0551181102362,0.685039370079,158812977
-468.230819702,-270.346221924,0.40673828125,-0.0551181102362,0.685039370079,158812982
-467.466934204,-268.449661255,0.4072265625,-0.0551181102362,0.685039370079,158812987
-466.580810547,-266.553100586,0.40771484375,-0.0551181102362,0.685039370079,158812992
-465.572463989,-264.711502075,0.408203125,-0.0551181102362,0.669291338583,158812998
-464.441894531,-262.924880981,0.408203125,-0.0551181102362,0.669291338583,158813002
-463.219665527,-261.220718384,0.40869140625,-0.0551181102362,0.669291338583,158813007
-461.844650269,-259.599014282,0.40966796875,-0.0551181102362,0.653543307087,158813012
-460.377960205,-258.059768677,0.40966796875,-0.0551181102362,0.653543307087,158813018
-458.727935791,-256.657958984,0.4091796875,-0.0551181102362,0.653543307087,158813022
-456.894592285,-255.421066284,0.40869140625,-0.0551181102362,0.653543307087,158813027
-454.969573975,-254.321609497,0.4052734375,-0.0551181102362,0.637795275591,158813032
-452.983459473,-253.387069702,0.392578125,-0.0551181102362,0.637795275591,158813039
-451.088989258,-252.617446899,0.36572265625,-0.0551181102362,0.637795275591,158813042
-449.347290039,-252.012741089,0.32666015625,-0.0551181102362,0.622047244094,158813049
-447.78894043,-251.572952271,0.2802734375,-0.0551181102362,0.622047244094,158813052
-446.352813721,-251.325576782,0.21435546875,-0.0551181102362,0.622047244094,158813058
-445.069488525,-251.16065979,0.12548828125,-0.0551181102362,0.622047244094,158813062
-443.816680908,-251.16065979,0.0341796875,-0.0551181102362,0.622047244094,158813067
-442.655578613,-251.188140869,0.0341796875,-0.0551181102362,0.606299212598,158813072
0,0,0,0,0,0
-406.171875,-258.417098999,0.21728515625,0.00787401574803,0.622047244094,158813697
-406.507965088,-257.152709961,0.2138671875,0.00787401574803,0.622047244094,158813702
-406.691314697,-255.970794678,0.2138671875,0.00787401574803,0.622047244094,158813707
-406.660766602,-254.953796387,0.21484375,0.00787401574803,0.606299212598,158813712
-406.446868896,-253.964279175,0.216796875,-0.00787401574803,0.606299212598,158813717
-406.080200195,-253.112197876,0.22607421875,-0.00787401574803,0.606299212598,158813721
-405.56072998,-252.39755249,0.2412109375,-0.00787401574803,0.606299212598,158813726
-404.949615479,-251.765365601,0.26171875,-0.00787401574803,0.606299212598,158813731
-404.246826172,-251.270599365,0.28369140625,-0.00787401574803,0.606299212598,158813736
-403.51348877,-250.940765381,0.306640625,-0.00787401574803,0.590551181102,158813742
-402.810699463,-250.720870972,0.3349609375,-0.00787401574803,0.590551181102,158813746
-402.13848877,-250.665908813,0.359375,-0.00787401574803,0.590551181102,158813751
-401.466247559,-250.803329468,0.38037109375,-0.00787401574803,0.590551181102,158813756
-400.763458252,-251.023223877,0.39697265625,-0.0236220472441,0.590551181102,158813761
-399.938476562,-251.490493774,0.41259765625,-0.0236220472441,0.590551181102,158813766
-399.021789551,-252.177658081,0.43017578125,-0.0236220472441,0.590551181102,158813771
-398.013458252,-253.002258301,0.443359375,-0.0236220472441,0.590551181102,158813776
-396.913421631,-254.046737671,0.44970703125,-0.0236220472441,0.590551181102,158813781
-395.691192627,-255.283630371,0.45458984375,-0.0236220472441,0.590551181102,158813786
-394.346740723,-256.685440063,0.45849609375,-0.0236220472441,0.590551181102,158813791
-392.910614014,-258.334640503,0.4599609375,-0.0236220472441,0.606299212598,158813796
-391.3828125,-260.176223755,0.4609375,-0.0236220472441,0.606299212598,158813801
-389.824462891,-262.210235596,0.46044921875,-0.0236220472441,0.606299212598,158813806
-388.20501709,-264.381668091,0.46142578125,-0.0236220472441,0.606299212598,158813812
-386.616119385,-266.663040161,0.4619140625,-0.0236220472441,0.606299212598,158813816
-385.027191162,-268.999389648,0.46240234375,-0.0393700787402,0.622047244094,158813821
-383.499420166,-271.308258057,0.462890625,-0.0393700787402,0.622047244094,158813827
-382.124389648,-273.589645386,0.4638671875,-0.0393700787402,0.622047244094,158813832
-380.902160645,-275.898498535,0.4638671875,-0.0393700787402,0.637795275591,158813837
-379.893829346,-278.124908447,0.46484375,-0.0393700787402,0.637795275591,158813842
-379.038238525,-280.268859863,0.4658203125,-0.0393700787402,0.637795275591,158813847
-378.427124023,-282.275375366,0.46826171875,-0.0551181102362,0.653543307087,158813852
-377.999359131,-283.979537964,0.47412109375,-0.0551181102362,0.653543307087,158813857
-377.75491333,-285.573745728,0.4755859375,-0.0551181102362,0.653543307087,158813862
-377.63269043,-287.085510254,0.4765625,-0.0551181102362,0.669291338583,158813867
-377.602111816,-288.597259521,0.47705078125,-0.0708661417323,0.669291338583,158813872
-377.602111816,-290.109024048,0.47705078125,-0.0708661417323,0.669291338583,158813877
-377.693786621,-291.593292236,0.4765625,-0.0708661417323,0.669291338583,158813882
-377.785461426,-292.96762085,0.47705078125,-0.0708661417323,0.669291338583,158813887
-377.999359131,-294.341934204,0.47705078125,-0.0708661417323,0.669291338583,158813892
-378.243804932,-295.606323242,0.4765625,-0.0866141732283,0.669291338583,158813897
-378.488250732,-296.760742188,0.4765625,-0.0866141732283,0.669291338583,158813902
-378.793792725,-297.832717896,0.474609375,-0.0866141732283,0.669291338583,158813907
-379.160461426,-298.739776611,0.47265625,-0.0866141732283,0.669291338583,158813912
-379.55770874,-299.481918335,0.4697265625,-0.0866141732283,0.669291338583,158813917
-380.016052246,-300.004150391,0.46533203125,-0.0866141732283,0.669291338583,158813922
-380.474365234,-300.333999634,0.46044921875,-0.0866141732283,0.669291338583,158813927
-380.779937744,-300.498916626,0.45556640625,-0.0866141732283,0.669291338583,158813932
-381.054931641,-300.553878784,0.4482421875,-0.102362204724,0.669291338583,158813939
-381.299377441,-300.471420288,0.44140625,-0.102362204724,0.669291338583,158813942
-381.727172852,-300.169067383,0.43603515625,-0.102362204724,0.669291338583,158813947
-382.368835449,-299.59185791,0.43505859375,-0.102362204724,0.669291338583,158813952
-383.254974365,-298.712295532,0.43359375,-0.102362204724,0.669291338583,158813958
-384.263305664,-297.447906494,0.43359375,-0.102362204724,0.669291338583,158813962
-385.332763672,-295.85369873,0.43310546875,-0.102362204724,0.669291338583,158813967
-386.40222168,-293.957122803,0.43310546875,-0.102362204724,0.669291338583,158813972
-387.410552979,-291.730728149,0.43359375,-0.0866141732283,0.669291338583,158813978
-388.357788086,-289.284423828,0.43408203125,-0.0866141732283,0.669291338583,158813982
-389.213348389,-286.728179932,0.4345703125,-0.0866141732283,0.669291338583,158813987
-389.977264404,-284.171936035,0.43505859375,-0.0866141732283,0.669291338583,158813992
-390.618927002,-281.643173218,0.43505859375,-0.0866141732283,0.669291338583,158813997
-391.168914795,-279.196884155,0.435546875,-0.0866141732283,0.669291338583,158814002
-391.627258301,-276.970474243,0.43603515625,-0.0708661417323,0.669291338583,158814008
-391.932830811,-274.854019165,0.43603515625,-0.0708661417323,0.669291338583,158814012
-392.146728516,-272.847503662,0.4365234375,-0.0708661417323,0.669291338583,158814018
-392.207824707,-270.895965576,0.43701171875,-0.0708661417323,0.669291338583,158814022
-392.085601807,-268.834472656,0.43798828125,-0.0708661417323,0.653543307087,158814028
-391.780059814,-266.718017578,0.4384765625,-0.0708661417323,0.653543307087,158814032
-391.230041504,-264.546585083,0.439453125,-0.0551181102362,0.653543307087,158814038
-390.435577393,-262.430114746,0.44140625,-0.0551181102362,0.637795275591,158814043
-389.457794189,-260.368637085,0.44189453125,-0.0551181102362,0.637795275591,158814048
-388.32723999,-258.417098999,0.443359375,-0.0551181102362,0.637795275591,158814053
-387.013336182,-256.548019409,0.44482421875,-0.0551181102362,0.622047244094,158814058
-385.607757568,-254.761383057,0.4462890625,-0.0551181102362,0.622047244094,158814063
-383.957733154,-253.139694214,0.44873046875,-0.0551181102362,0.622047244094,158814068
-382.124389648,-251.655410767,0.4501953125,-0.0551181102362,0.606299212598,158814073
-380.046600342,-250.33605957,0.4521484375,-0.0551181102362,0.606299212598,158814078
-377.724334717,-249.209121704,0.45263671875,-0.0551181102362,0.590551181102,158814083
-375.188201904,-248.274581909,0.45458984375,-0.0551181102362,0.590551181102,158814089
-372.46875,-247.477478027,0.455078125,-0.0551181102362,0.574803149606,158814093
-369.596496582,-246.927734375,0.45703125,-0.0551181102362,0.574803149606,158814098
-366.693695068,-246.460464478,0.45703125,-0.0551181102362,0.574803149606,158814103
-363.790863037,-246.130630493,0.4580078125,-0.0551181102362,0.55905511811,158814108
-360.918609619,-245.938232422,0.45654296875,-0.0551181102362,0.55905511811,158814113
-358.229705811,-245.800796509,0.4560546875,-0.0551181102362,0.55905511811,158814118
-355.663024902,-245.745819092,0.455078125,-0.0551181102362,0.543307086614,158814123
-353.371337891,-245.77331543,0.4541015625,-0.0551181102362,0.543307086614,158814128
-351.354644775,-245.800796509,0.45068359375,-0.0551181102362,0.543307086614,158814133
-349.674072266,-245.855773926,0.4482421875,-0.0551181102362,0.543307086614,158814138
-348.360168457,-245.965713501,0.4453125,-0.0551181102362,0.543307086614,158814143
-347.351806641,-246.158111572,0.44287109375,-0.0551181102362,0.527559055118,158814149
-346.740692139,-246.350524902,0.43408203125,-0.0551181102362,0.527559055118,158814153
-346.435150146,-246.487960815,0.41943359375,-0.0551181102362,0.511811023622,158814158
-346.312927246,-246.762817383,0.39404296875,-0.0551181102362,0.511811023622,158814163
-346.190704346,-247.010192871,0.34912109375,-0.0551181102362,0.511811023622,158814169
-346.099029541,-247.340042114,0.28369140625,-0.0551181102362,0.511811023622,158814173
-346.007354736,-247.779815674,0.2001953125,-0.0551181102362,0.511811023622,158814179
-345.946258545,-248.247085571,0.109375,-0.0551181102362,0.511811023622,158814183
-345.946258545,-248.741851807,0.109375,-0.0551181102362,0.511811023622,158814188
0,0,0,0,0,0
-295.681854248,-287.717697144,0.19384765625,-0.0236220472441,0.637795275591,158814888
-295.406829834,-288.21244812,0.1875,-0.0236220472441,0.637795275591,158814893
-295.315185547,-288.652236938,0.1884765625,-0.0393700787402,0.653543307087,158814899
-295.315185547,-288.982070923,0.1875,-0.0393700787402,0.653543307087,158814903
-295.345733643,-289.284423828,0.19384765625,-0.0393700787402,0.653543307087,158814909
-295.376281738,-289.476837158,0.20654296875,-0.0393700787402,0.653543307087,158814913
-295.376281738,-289.476837158,0.2119140625,-0.0393700787402,0.653543307087,158814918
-295.467956543,-289.531799316,0.21240234375,-0.0551181102362,0.653543307087,158814922
-295.467956543,-289.531799316,0.20849609375,-0.0551181102362,0.653543307087,158814929
-295.590179443,-289.366882324,0.20703125,-0.0551181102362,0.653543307087,158814934
-295.804077148,-289.119506836,0.2080078125,-0.0551181102362,0.653543307087,158814940
-296.109619141,-288.679718018,0.21435546875,-0.0551181102362,0.653543307087,158814944
-296.629089355,-287.992553711,0.23095703125,-0.0551181102362,0.653543307087,158814949
-297.270751953,-287.058013916,0.24560546875,-0.0551181102362,0.653543307087,158814954
-298.034637451,-285.903579712,0.25732421875,-0.0551181102362,0.653543307087,158814958
-298.981872559,-284.50177002,0.26904296875,-0.0708661417323,0.653543307087,158814964
-299.959655762,-282.82510376,0.28173828125,-0.0708661417323,0.669291338583,158814969
-300.998565674,-280.95602417,0.2978515625,-0.0708661417323,0.669291338583,158814974
-302.006896973,-278.867050171,0.314453125,-0.0708661417323,0.669291338583,158814979
-302.95413208,-276.778076172,0.3251953125,-0.0708661417323,0.669291338583,158814983
-303.718048096,-274.634124756,0.33837890625,-0.0708661417323,0.669291338583,158814988
-304.268035889,-272.462692261,0.34619140625,-0.0551181102362,0.669291338583,158814993
-304.604156494,-270.346221924,0.35400390625,-0.0551181102362,0.653543307087,158814998
-304.695831299,-268.092330933,0.36083984375,-0.0551181102362,0.653543307087,158815003
-304.573608398,-265.920898438,0.3681640625,-0.0551181102362,0.653543307087,158815008
-304.268035889,-263.721984863,0.37744140625,-0.0551181102362,0.637795275591,158815013
-303.748596191,-261.578033447,0.384765625,-0.0551181102362,0.637795275591,158815018
-303.07635498,-259.571533203,0.3896484375,-0.0551181102362,0.637795275591,158815023
-302.281921387,-257.592498779,0.39501953125,-0.0393700787402,0.622047244094,158815028
-301.334686279,-255.805877686,0.3974609375,-0.0393700787402,0.622047244094,158815033
-300.295776367,-254.156692505,0.4013671875,-0.0393700787402,0.606299212598,158815039
-299.134674072,-252.672424316,0.40283203125,-0.0393700787402,0.606299212598,158815043
-297.79019165,-251.325576782,0.4052734375,-0.0393700787402,0.590551181102,158815048
-296.262420654,-250.171142578,0.40771484375,-0.0393700787402,0.590551181102,158815053
-294.551269531,-249.181625366,0.4091796875,-0.0393700787402,0.590551181102,158815059
-292.534606934,-248.329544067,0.4111328125,-0.0393700787402,0.574803149606,158815063
-290.395690918,-247.669876099,0.41259765625,-0.0393700787402,0.574803149606,158815069
-288.042877197,-247.120147705,0.416015625,-0.0393700787402,0.55905511811,158815074
-285.567871094,-246.762817383,0.41845703125,-0.0393700787402,0.55905511811,158815078
-283.092834473,-246.542922974,0.41943359375,-0.0393700787402,0.55905511811,158815083
-280.770599365,-246.460464478,0.419921875,-0.0393700787402,0.543307086614,158815089
-278.63168335,-246.487960815,0.42138671875,-0.0393700787402,0.543307086614,158815093
-276.798309326,-246.570419312,0.421875,-0.0393700787402,0.543307086614,158815099
-275.362182617,-246.652877808,0.42236328125,-0.0551181102362,0.543307086614,158815103
-274.262176514,-246.762817383,0.4228515625,-0.0551181102362,0.527559055118,158815108
-273.528839111,-246.872772217,0.42236328125,-0.0551181102362,0.527559055118,158815113
-273.101074219,-246.927734375,0.41845703125,-0.0551181102362,0.527559055118,158815119
-272.887176514,-247.010192871,0.41162109375,-0.0551181102362,0.527559055118,158815124
-272.764953613,-247.120147705,0.3984375,-0.0551181102362,0.527559055118,158815129
-272.734405518,-247.202606201,0.37158203125,-0.0708661417323,0.527559055118,158815134
-272.795501709,-247.312545776,0.3193359375,-0.0708661417323,0.527559055118,158815139
-272.856628418,-247.532440186,0.24658203125,-0.0551181102362,0.527559055118,158815144
-272.978851318,-247.807312012,0.1484375,-0.0551181102362,0.527559055118,158815149
-273.192718506,-248.164627075,0.06591796875,-0.0551181102362,0.527559055118,158815154
-273.314941406,-248.576934814,0.06591796875,-0.0551181102362,0.527559055118,158815159
0,0,0,0,0,0
-234.539550781,-272.68258667,0.18701171875,0.00787401574803,0.606299212598,158815792
-234.539550781,-271.967926025,0.19140625,0.00787401574803,0.606299212598,158815797
-234.356231689,-271.418197632,0.19384765625,-0.00787401574803,0.606299212598,158815802
-234.020111084,-270.923446655,0.20068359375,-0.00787401574803,0.606299212598,158815808
-233.561767578,-270.483657837,0.22509765625,-0.00787401574803,0.606299212598,158815812
-233.011779785,-270.071365356,0.24755859375,-0.00787401574803,0.606299212598,158815817
-232.37008667,-269.659072876,0.263671875,-0.00787401574803,0.606299212598,158815822
-231.636749268,-269.301742554,0.2841796875,-0.00787401574803,0.606299212598,158815827
-230.750640869,-269.026870728,0.306640625,-0.00787401574803,0.606299212598,158815832
-229.711730957,-268.861953735,0.32666015625,-0.00787401574803,0.606299212598,158815838
-228.428375244,-268.779495239,0.3427734375,-0.00787401574803,0.606299212598,158815842
-227.022827148,-268.889450073,0.3515625,-0.00787401574803,0.606299212598,158815848
-225.52557373,-269.136825562,0.35986328125,-0.00787401574803,0.606299212598,158815853
-223.90612793,-269.466659546,0.36669921875,-0.00787401574803,0.606299212598,158815858
-222.22555542,-269.933929443,0.3720703125,-0.0236220472441,0.606299212598,158815864
-220.575531006,-270.538635254,0.37548828125,-0.0236220472441,0.606299212598,158815868
-218.8644104,-271.170822144,0.376953125,-0.0236220472441,0.606299212598,158815873
-217.275482178,-271.940444946,0.37744140625,-0.0236220472441,0.606299212598,158815878
-215.778259277,-272.792526245,0.37744140625,-0.0236220472441,0.606299212598,158815883
-214.40322876,-273.699584961,0.376953125,-0.0236220472441,0.606299212598,158815888
-213.15045166,-274.716583252,0.37451171875,-0.0393700787402,0.606299212598,158815893
-211.958770752,-275.898498535,0.3701171875,-0.0393700787402,0.606299212598,158815898
-210.828216553,-277.300308228,0.36572265625,-0.0393700787402,0.606299212598,158815903
-209.728210449,-278.812072754,0.3603515625,-0.0551181102362,0.606299212598,158815908
-208.689300537,-280.461257935,0.35302734375,-0.0551181102362,0.622047244094,158815913
-207.711517334,-282.110458374,0.34765625,-0.0551181102362,0.622047244094,158815918
-206.825378418,-283.732147217,0.34326171875,-0.0708661417323,0.622047244094,158815923
-206.06149292,-285.29888916,0.33984375,-0.0708661417323,0.622047244094,158815928
-205.480926514,-286.645721436,0.33935546875,-0.0708661417323,0.622047244094,158815933
-205.144805908,-287.827636719,0.33935546875,-0.0708661417323,0.622047244094,158815939
-204.992034912,-288.679718018,0.3388671875,-0.0708661417323,0.622047244094,158815943
-204.992034912,-289.201965332,0.3388671875,-0.0866141732283,0.622047244094,158815948
-205.175384521,-289.586776733,0.33837890625,-0.0866141732283,0.622047244094,158815953
-205.480926514,-289.806671143,0.33837890625,-0.0866141732283,0.622047244094,158815958
-205.93927002,-289.944107056,0.33740234375,-0.0866141732283,0.622047244094,158815963
-206.580932617,-290.08152771,0.3369140625,-0.0866141732283,0.622047244094,158815968
-207.405944824,-290.136505127,0.3359375,-0.0866141732283,0.622047244094,158815973
-208.536529541,-290.136505127,0.33544921875,-0.0866141732283,0.622047244094,158815978
-209.97265625,-290.109024048,0.3349609375,-0.0866141732283,0.622047244094,158815983
-211.65322876,-289.944107056,0.33447265625,-0.102362204724,0.622047244094,158815989
-213.700469971,-289.64175415,0.333984375,-0.102362204724,0.622047244094,158815993
-215.900482178,-289.146987915,0.33251953125,-0.0866141732283,0.622047244094,158815999
-218.131072998,-288.459823608,0.33203125,-0.0866141732283,0.622047244094,158816003
-220.2394104,-287.552780151,0.3310546875,-0.0866141732283,0.622047244094,158816009
-222.133880615,-286.480804443,0.3310546875,-0.0866141732283,0.622047244094,158816013
-223.72277832,-285.29888916,0.330078125,-0.0866141732283,0.622047244094,158816019
-225.097808838,-283.924560547,0.33056640625,-0.0708661417323,0.622047244094,158816023
-226.228363037,-282.467773438,0.3310546875,-0.0708661417323,0.622047244094,158816029
-227.114471436,-280.76361084,0.33203125,-0.0708661417323,0.622047244094,158816034
-227.817260742,-278.949508667,0.33447265625,-0.0551181102362,0.622047244094,158816039
-228.275604248,-277.107910156,0.33544921875,-0.0551181102362,0.637795275591,158816044
-228.581176758,-275.211349487,0.33740234375,-0.0551181102362,0.637795275591,158816049
-228.703399658,-273.31477356,0.33837890625,-0.0551181102362,0.622047244094,158816054
-228.733947754,-271.390716553,0.33837890625,-0.0393700787402,0.622047244094,158816059
-228.611724854,-269.329223633,0.34033203125,-0.0393700787402,0.622047244094,158816064
-228.306152344,-267.157791138,0.341796875,-0.0393700787402,0.622047244094,158816069
-227.786712646,-264.986358643,0.3447265625,-0.0393700787402,0.606299212598,158816074
-227.053375244,-262.842422485,0.3486328125,-0.0393700787402,0.606299212598,158816079
-226.106140137,-260.835906982,0.3515625,-0.0393700787402,0.606299212598,158816084
-224.853363037,-258.939331055,0.35595703125,-0.0393700787402,0.590551181102,158816090
-223.417236328,-257.152709961,0.359375,-0.0393700787402,0.590551181102,158816094
-221.736663818,-255.531005859,0.36328125,-0.0393700787402,0.590551181102,158816099
-219.872741699,-254.046737671,0.3671875,-0.0393700787402,0.574803149606,158816104
-217.886627197,-252.699905396,0.37353515625,-0.0393700787402,0.574803149606,158816110
-215.625488281,-251.463012695,0.3779296875,-0.0393700787402,0.55905511811,158816114
-213.15045166,-250.363555908,0.3828125,-0.0393700787402,0.55905511811,158816119
-210.369873047,-249.429016113,0.3876953125,-0.0393700787402,0.55905511811,158816124
-207.375396729,-248.631896973,0.39453125,-0.0551181102362,0.543307086614,158816129
-204.136474609,-247.999710083,0.39892578125,-0.0551181102362,0.543307086614,158816134
-200.77532959,-247.504959106,0.4013671875,-0.0551181102362,0.543307086614,158816140
-197.444763184,-247.120147705,0.40478515625,-0.0551181102362,0.543307086614,158816144
-194.083618164,-246.845275879,0.4052734375,-0.0551181102362,0.527559055118,158816149
-191.028015137,-246.597900391,0.4052734375,-0.0551181102362,0.527559055118,158816154
-188.21685791,-246.378005981,0.40576171875,-0.0708661417323,0.527559055118,158816159
-185.772399902,-246.18560791,0.40625,-0.0708661417323,0.527559055118,158816164
-183.816833496,-245.99319458,0.40625,-0.0708661417323,0.527559055118,158816169
-182.166809082,-245.828277588,0.40673828125,-0.0708661417323,0.527559055118,158816174
-180.852905273,-245.745819092,0.40673828125,-0.0708661417323,0.527559055118,158816179
-179.783447266,-245.635879517,0.40673828125,-0.0708661417323,0.511811023622,158816184
-178.897338867,-245.663360596,0.4052734375,-0.0708661417323,0.511811023622,158816189
-178.164001465,-245.690841675,0.40283203125,-0.0708661417323,0.511811023622,158816194
-177.613952637,-245.718338013,0.400390625,-0.0551181102362,0.511811023622,158816199
-177.186218262,-245.745819092,0.396484375,-0.0551181102362,0.511811023622,158816204
-176.911193848,-245.800796509,0.3916015625,-0.0551181102362,0.511811023622,158816209
-176.727844238,-245.855773926,0.38671875,-0.0551181102362,0.511811023622,158816215
-176.636169434,-245.938232422,0.37939453125,-0.0551181102362,0.511811023622,158816220
-176.636169434,-245.938232422,0.36767578125,-0.0551181102362,0.511811023622,158816225
-176.544555664,-246.020690918,0.3544921875,-0.0551181102362,0.511811023622,158816229
-176.544555664,-246.020690918,0.3369140625,-0.0551181102362,0.527559055118,158816235
-176.452880859,-246.048171997,0.31005859375,-0.0551181102362,0.527559055118,158816240
-176.452880859,-246.048171997,0.2724609375,-0.0551181102362,0.527559055118,158816245
-176.452880859,-246.048171997,0.22705078125,-0.0551181102362,0.527559055118,158816250
-176.544555664,-246.075653076,0.1669921875,-0.0551181102362,0.527559055118,158816255
-176.666748047,-246.103149414,0.11181640625,-0.0551181102362,0.527559055118,158816260
-176.819519043,-246.158111572,0.048828125,-0.0551181102362,0.511811023622,158816265
-177.002868652,-246.18560791,0.048828125,-0.0551181102362,0.511811023622,158816270
0,0,0,0,0,0
-9.89282226562,-293.709747314,0.16650390625,-0.00787401574803,0.574803149606,158817371
-10.1067504883,-293.572311401,0.17138671875,-0.00787401574803,0.574803149606,158817376
-10.2595214844,-293.517349243,0.1728515625,-0.00787401574803,0.590551181102,158817381
-10.2595214844,-293.517349243,0.1748046875,-0.00787401574803,0.590551181102,158817386
-10.2595214844,-293.517349243,0.19189453125,-0.00787401574803,0.590551181102,158817391
-10.2595214844,-293.517349243,0.21240234375,-0.00787401574803,0.590551181102,158817396
-10.2595214844,-293.517349243,0.2265625,-0.00787401574803,0.590551181102,158817401
-10.2595214844,-293.517349243,0.2373046875,-0.00787401574803,0.590551181102,158817406
-10.2595214844,-293.517349243,0.2451171875,-0.00787401574803,0.590551181102,158817411
-10.076171875,-293.572311401,0.2548828125,-0.0236220472441,0.590551181102,158817416
-9.77062988281,-293.599807739,0.267578125,-0.0236220472441,0.590551181102,158817421
-9.28173828125,-293.599807739,0.28076171875,-0.0236220472441,0.590551181102,158817427
-8.48724365234,-293.627288818,0.29736328125,-0.0236220472441,0.590551181102,158817432
-7.29559326172,-293.627288818,0.3125,-0.0236220472441,0.590551181102,158817437
-5.67614746094,-293.627288818,0.32470703125,-0.0236220472441,0.590551181102,158817441
-3.59832763672,-293.627288818,0.3349609375,-0.0236220472441,0.590551181102,158817446
-1.03161621094,-293.654769897,0.3447265625,-0.0236220472441,0.590551181102,158817451
1.90173339844,-293.737228394,0.3505859375,-0.0236220472441,0.590551181102,158817457
5.23229980469,-293.929641724,0.35498046875,-0.0236220472441,0.590551181102,158817461
8.80737304688,-294.177017212,0.35595703125,-0.0236220472441,0.590551181102,158817466
12.5046386719,-294.479370117,0.35693359375,-0.0236220472441,0.590551181102,158817471
16.2019042969,-294.809204102,0.3564453125,-0.0236220472441,0.590551181102,158817477
19.8074951172,-295.111557007,0.357421875,-0.0236220472441,0.590551181102,158817482
23.1991577148,-295.386428833,0.3583984375,-0.0236220472441,0.590551181102,158817487
26.3158569336,-295.633804321,0.35888671875,-0.0393700787402,0.590551181102,158817492
29.0353393555,-295.826202393,0.3583984375,-0.0393700787402,0.590551181102,158817497
31.3576049805,-295.991134644,0.3583984375,-0.0393700787402,0.590551181102,158817502
33.2520751953,-296.128555298,0.3583984375,-0.0551181102362,0.590551181102,158817507
34.6881713867,-296.238510132,0.3583984375,-0.0551181102362,0.590551181102,158817512
35.7882080078,-296.430908203,0.35888671875,-0.0551181102362,0.590551181102,158817517
36.5520629883,-296.568344116,0.359375,-0.0708661417323,0.590551181102,158817522
37.0409545898,-296.678283691,0.361328125,-0.0708661417323,0.590551181102,158817527
37.3159790039,-296.843215942,0.36376953125,-0.0708661417323,0.590551181102,158817532
37.4382324219,-296.925674438,0.37255859375,-0.0708661417323,0.590551181102,158817537
37.4382324219,-297.008132935,0.38330078125,-0.0866141732283,0.590551181102,158817542
37.4382324219,-297.11807251,0.3935546875,-0.0866141732283,0.590551181102,158817547
37.4382324219,-297.11807251,0.40380859375,-0.0866141732283,0.590551181102,158817552
37.5298461914,-297.173049927,0.41259765625,-0.0866141732283,0.590551181102,158817557
37.5298461914,-297.173049927,0.42041015625,-0.0866141732283,0.590551181102,158817562
37.591003418,-297.255508423,0.42822265625,-0.0866141732283,0.590551181102,158817567
37.591003418,-297.255508423,0.43603515625,-0.0866141732283,0.590551181102,158817572
37.591003418,-297.255508423,0.44189453125,-0.0866141732283,0.590551181102,158817577
37.591003418,-297.255508423,0.4453125,-0.0866141732283,0.590551181102,158817582
37.591003418,-297.337966919,0.447265625,-0.0866141732283,0.590551181102,158817587
37.591003418,-297.337966919,0.44580078125,-0.102362204724,0.590551181102,158817602
37.591003418,-297.228027344,0.44482421875,-0.102362204724,0.590551181102,158817607
37.6826782227,-297.008132935,0.44482421875,-0.102362204724,0.590551181102,158817612
37.9271240234,-296.540863037,0.44580078125,-0.102362204724,0.590551181102,158817617
38.3854370117,-295.743743896,0.44580078125,-0.102362204724,0.590551181102,158817622
39.0576782227,-294.561828613,0.44580078125,-0.102362204724,0.590551181102,158817627
39.9743652344,-292.995101929,0.44580078125,-0.102362204724,0.590551181102,158817632
41.1049194336,-291.016067505,0.44677734375,-0.102362204724,0.590551181102,158817639
42.4188232422,-288.734695435,0.44677734375,-0.11811023622,0.590551181102,158817642
43.8854980469,-286.205932617,0.44580078125,-0.11811023622,0.590551181102,158817648
45.4438476562,-283.484771729,0.44677734375,-0.11811023622,0.590551181102,158817652
46.9716186523,-280.653671265,0.4462890625,-0.11811023622,0.590551181102,158817658
48.438293457,-277.795074463,0.44677734375,-0.11811023622,0.590551181102,158817663
49.7216796875,-274.881500244,0.44677734375,-0.11811023622,0.590551181102,158817668
50.7911376953,-271.830505371,0.44677734375,-0.11811023622,0.590551181102,158817673
51.6161499023,-268.697036743,0.447265625,-0.133858267717,0.590551181102,158817678
52.2578125,-265.371170044,0.447265625,-0.133858267717,0.574803149606,158817683
52.6856079102,-261.880386353,0.447265625,-0.133858267717,0.574803149606,158817688
52.9605712891,-258.417098999,0.44677734375,-0.133858267717,0.574803149606,158817693
53.1439208984,-254.953796387,0.4462890625,-0.133858267717,0.55905511811,158817698
53.1133422852,-251.655410767,0.4443359375,-0.133858267717,0.55905511811,158817703
53.0216674805,-248.604415894,0.43994140625,-0.133858267717,0.543307086614,158817708
52.6550292969,-245.718338013,0.4306640625,-0.133858267717,0.527559055118,158817713
52.1661376953,-242.997177124,0.42138671875,-0.11811023622,0.511811023622,158817718
51.4938964844,-240.495895386,0.4111328125,-0.11811023622,0.496062992126,158817723
50.6994628906,-238.269500732,0.4052734375,-0.11811023622,0.496062992126,158817728
49.7827758789,-236.317962646,0.40087890625,-0.11811023622,0.48031496063,158817733
48.7133178711,-234.751220703,0.3994140625,-0.11811023622,0.48031496063,158817739
47.5216674805,-233.486846924,0.39794921875,-0.11811023622,0.464566929134,158817743
46.1466064453,-232.552307129,0.39697265625,-0.102362204724,0.464566929134,158817749
44.4965820312,-231.865142822,0.39404296875,-0.102362204724,0.448818897638,158817753
42.4799194336,-231.342895508,0.39111328125,-0.102362204724,0.448818897638,158817759
40.0660400391,-231.013061523,0.38720703125,-0.102362204724,0.448818897638,158817763
37.1326293945,-230.848144531,0.38623046875,-0.102362204724,0.448818897638,158817769
33.8326416016,-230.903121948,0.388671875,-0.102362204724,0.448818897638,158817773
30.4103393555,-231.09552002,0.39599609375,-0.102362204724,0.448818897638,158817779
27.0797729492,-231.397872925,0.40869140625,-0.0866141732283,0.448818897638,158817783
23.9630737305,-231.810165405,0.4169921875,-0.0866141732283,0.448818897638,158817789
21.3046875,-232.304931641,0.421875,-0.0866141732283,0.448818897638,158817793
18.9519042969,-232.854660034,0.423828125,-0.0866141732283,0.448818897638,158817799
16.9657592773,-233.459365845,0.42578125,-0.0866141732283,0.448818897638,158817803
15.3463134766,-234.091552734,0.42529296875,-0.0866141732283,0.448818897638,158817809
14.0018310547,-234.723739624,0.4208984375,-0.0866141732283,0.448818897638,158817813
12.9323730469,-235.355926514,0.4052734375,-0.0866141732283,0.448818897638,158817819
12.107421875,-236.04309082,0.38623046875,-0.0866141732283,0.448818897638,158817823
11.4656982422,-236.757736206,0.359375,-0.0866141732283,0.448818897638,158817829
11.0379638672,-237.444900513,0.31689453125,-0.0866141732283,0.448818897638,158817833
10.8240356445,-238.159545898,0.24755859375,-0.0866141732283,0.448818897638,158817839
10.7323608398,-238.874206543,0.1376953125,-0.0866141732283,0.448818897638,158817843
10.7018432617,-239.561355591,0.046875,-0.0866141732283,0.448818897638,158817849
10.8240356445,-240.276016235,0.046875,-0.0866141732283,0.448818897638,158817854
0,0,0,0,0,0
99.2832641602,-291.620773315,0.25537109375,-0.0708661417323,0.574803149606,158818498
99.3444213867,-291.703231812,0.25244140625,-0.0708661417323,0.574803149606,158818502
99.2221679688,-291.703231812,0.25634765625,-0.0866141732283,0.590551181102,158818522
99.2221679688,-291.703231812,0.26416015625,-0.0866141732283,0.590551181102,158818528
99.0999145508,-291.703231812,0.27392578125,-0.0866141732283,0.590551181102,158818533
99.0999145508,-291.703231812,0.28466796875,-0.0866141732283,0.590551181102,158818538
99.0999145508,-291.703231812,0.2919921875,-0.0866141732283,0.590551181102,158818543
99.0999145508,-291.703231812,0.29345703125,-0.0866141732283,0.590551181102,158818548
99.0388183594,-291.565795898,0.294921875,-0.102362204724,0.590551181102,158818552
98.9166259766,-291.263458252,0.302734375,-0.102362204724,0.606299212598,158818558
98.7638549805,-290.768692017,0.3154296875,-0.102362204724,0.606299212598,158818563
98.5805053711,-289.916610718,0.326171875,-0.102362204724,0.606299212598,158818568
98.305480957,-288.817153931,0.33642578125,-0.102362204724,0.606299212598,158818573
98.0916137695,-287.442825317,0.34228515625,-0.102362204724,0.606299212598,158818578
97.8776855469,-285.821121216,0.34619140625,-0.102362204724,0.606299212598,158818583
97.6943969727,-284.007019043,0.3505859375,-0.102362204724,0.606299212598,158818588
97.6332397461,-282.00050354,0.353515625,-0.102362204724,0.606299212598,158818593
97.7249145508,-279.829071045,0.35498046875,-0.102362204724,0.606299212598,158818598
98.0305175781,-277.65763855,0.35693359375,-0.102362204724,0.606299212598,158818603
98.5499267578,-275.431228638,0.35791015625,-0.102362204724,0.606299212598,158818608
99.2221679688,-273.204833984,0.36181640625,-0.102362204724,0.606299212598,158818613
99.9860839844,-270.895965576,0.369140625,-0.102362204724,0.606299212598,158818618
100.780517578,-268.449661255,0.37744140625,-0.102362204724,0.590551181102,158818623
101.605529785,-265.893417358,0.3857421875,-0.102362204724,0.590551181102,158818628
102.491638184,-263.282196045,0.3935546875,-0.102362204724,0.590551181102,158818633
103.438903809,-260.725952148,0.3984375,-0.102362204724,0.574803149606,158818639
104.477783203,-258.362121582,0.400390625,-0.102362204724,0.574803149606,158818643
105.669433594,-256.190689087,0.40234375,-0.102362204724,0.574803149606,158818648
106.922241211,-254.26663208,0.40380859375,-0.102362204724,0.55905511811,158818653
108.205566406,-252.617446899,0.40380859375,-0.102362204724,0.55905511811,158818658
109.519470215,-251.243118286,0.4052734375,-0.102362204724,0.543307086614,158818663
110.802856445,-250.198638916,0.4052734375,-0.11811023622,0.543307086614,158818668
112.055603027,-249.401519775,0.40380859375,-0.11811023622,0.527559055118,158818673
113.277893066,-248.906768799,0.40283203125,-0.11811023622,0.527559055118,158818678
114.408447266,-248.631896973,0.3994140625,-0.11811023622,0.527559055118,158818683
115.539001465,-248.604415894,0.39697265625,-0.11811023622,0.511811023622,158818689
116.608459473,-248.851791382,0.39306640625,-0.11811023622,0.511811023622,158818693
117.708496094,-249.319061279,0.38916015625,-0.11811023622,0.511811023622,158818698
118.777893066,-250.033706665,0.38720703125,-0.11811023622,0.511811023622,158818703
119.786254883,-251.050720215,0.38134765625,-0.11811023622,0.511811023622,158818709
120.764038086,-252.39755249,0.375,-0.11811023622,0.511811023622,158818713
121.711303711,-254.019256592,0.36572265625,-0.11811023622,0.511811023622,158818719
122.597412109,-256.025772095,0.35302734375,-0.11811023622,0.511811023622,158818724
123.514099121,-258.307144165,0.33984375,-0.11811023622,0.511811023622,158818728
124.339111328,-260.808410645,0.328125,-0.11811023622,0.511811023622,158818733
125.07244873,-263.392150879,0.322265625,-0.11811023622,0.527559055118,158818739
125.714111328,-265.865936279,0.3212890625,-0.11811023622,0.527559055118,158818744
126.111328125,-268.14730835,0.326171875,-0.11811023622,0.527559055118,158818749
126.355773926,-270.181304932,0.33349609375,-0.11811023622,0.543307086614,158818754
126.478027344,-271.830505371,0.34619140625,-0.11811023622,0.543307086614,158818759
126.478027344,-273.204833984,0.35693359375,-0.11811023622,0.543307086614,158818764
126.416870117,-274.304290771,0.3671875,-0.11811023622,0.55905511811,158818769
126.264099121,-275.266311646,0.3759765625,-0.11811023622,0.55905511811,158818774
126.111328125,-276.173370361,0.38232421875,-0.133858267717,0.55905511811,158818779
125.897460938,-277.02545166,0.3857421875,-0.133858267717,0.574803149606,158818784
125.714111328,-277.877532959,0.388671875,-0.133858267717,0.574803149606,158818789
125.59185791,-278.702133179,0.390625,-0.133858267717,0.574803149606,158818794
125.469665527,-279.471740723,0.39111328125,-0.133858267717,0.574803149606,158818799
125.439086914,-280.186401367,0.3916015625,-0.133858267717,0.574803149606,158818804
125.408569336,-280.818588257,0.39208984375,-0.133858267717,0.574803149606,158818809
125.408569336,-281.340835571,0.3916015625,-0.133858267717,0.574803149606,158818814
125.408569336,-281.698150635,0.39208984375,-0.133858267717,0.574803149606,158818819
125.439086914,-281.863067627,0.390625,-0.133858267717,0.574803149606,158818824
125.469665527,-281.973022461,0.38671875,-0.133858267717,0.574803149606,158818830
125.469665527,-281.973022461,0.380859375,-0.133858267717,0.574803149606,158818834
125.561340332,-281.753128052,0.37744140625,-0.133858267717,0.574803149606,158818840
125.561340332,-281.395797729,0.37548828125,-0.133858267717,0.574803149606,158818844
125.59185791,-280.791091919,0.375,-0.133858267717,0.574803149606,158818849
125.622436523,-279.856552124,0.375,-0.11811023622,0.574803149606,158818854
125.744628906,-278.702133179,0.375,-0.11811023622,0.574803149606,158818859
125.927978516,-277.327804565,0.37548828125,-0.11811023622,0.574803149606,158818864
126.233581543,-275.871017456,0.375,-0.11811023622,0.574803149606,158818869
126.661315918,-274.359268188,0.37548828125,-0.11811023622,0.574803149606,158818874
127.272460938,-272.765045166,0.3759765625,-0.11811023622,0.574803149606,158818879
128.097473145,-271.115844727,0.37646484375,-0.11811023622,0.574803149606,158818884
129.166931152,-269.38420105,0.37890625,-0.11811023622,0.574803149606,158818889
130.450256348,-267.570098877,0.3828125,-0.11811023622,0.55905511811,158818895
131.947509766,-265.673522949,0.38525390625,-0.11811023622,0.55905511811,158818899
133.658630371,-263.749465942,0.3876953125,-0.11811023622,0.55905511811,158818904
135.553100586,-261.770446777,0.39013671875,-0.133858267717,0.543307086614,158818909
137.600341797,-259.791412354,0.39306640625,-0.133858267717,0.543307086614,158818915
139.647583008,-257.894851685,0.39453125,-0.133858267717,0.543307086614,158818920
141.75592041,-256.163208008,0.396484375,-0.133858267717,0.527559055118,158818925
143.74206543,-254.568984985,0.3974609375,-0.133858267717,0.527559055118,158818930
145.636535645,-253.194656372,0.39892578125,-0.133858267717,0.527559055118,158818935
147.500427246,-251.957763672,0.3994140625,-0.133858267717,0.511811023622,158818940
149.272705078,-250.995742798,0.400390625,-0.11811023622,0.511811023622,158818945
150.922668457,-250.171142578,0.3974609375,-0.11811023622,0.496062992126,158818950
152.450500488,-249.566436768,0.38623046875,-0.11811023622,0.496062992126,158818955
153.856079102,-249.126663208,0.3564453125,-0.11811023622,0.496062992126,158818960
155.078308105,-248.796829224,0.306640625,-0.11811023622,0.496062992126,158818965
156.269958496,-248.631896973,0.232421875,-0.11811023622,0.496062992126,158818970
157.369995117,-248.576934814,0.12109375,-0.11811023622,0.496062992126,158818975
158.378295898,-248.714355469,0.12109375,-0.102362204724,0.496062992126,158818981
0,0,0,0,0,0
188.231384277,-264.519088745,0.19970703125,-0.0551181102362,0.527559055118,158819468
188.139709473,-263.859420776,0.20751953125,-0.0551181102362,0.527559055118,158819473
188.200866699,-263.447128296,0.21044921875,-0.0551181102362,0.527559055118,158819478
188.414733887,-263.17225647,0.21630859375,-0.0551181102362,0.527559055118,158819483
188.720275879,-262.97984314,0.2353515625,-0.0551181102362,0.527559055118,158819488
189.148071289,-262.787445068,0.2568359375,-0.0551181102362,0.527559055118,158819493
189.667541504,-262.704986572,0.27392578125,-0.0551181102362,0.527559055118,158819498
190.309204102,-262.677505493,0.287109375,-0.0551181102362,0.527559055118,158819503
191.042541504,-262.814926147,0.29345703125,-0.0551181102362,0.527559055118,158819508
191.898132324,-263.117279053,0.3046875,-0.0551181102362,0.527559055118,158819513
192.814758301,-263.529586792,0.3203125,-0.0551181102362,0.527559055118,158819518
193.731445312,-264.189254761,0.33447265625,-0.0551181102362,0.527559055118,158819523
194.709228516,-265.01385498,0.34912109375,-0.0551181102362,0.527559055118,158819528
195.656494141,-266.058334351,0.35986328125,-0.0551181102362,0.527559055118,158819533
196.60369873,-267.377685547,0.37255859375,-0.0708661417323,0.527559055118,158819538
197.520385742,-268.971908569,0.3759765625,-0.0708661417323,0.527559055118,158819543
198.406494141,-270.840988159,0.38037109375,-0.0708661417323,0.527559055118,158819549
199.292602539,-272.929962158,0.38232421875,-0.0708661417323,0.527559055118,158819553
200.148193359,-275.293807983,0.3837890625,-0.0708661417323,0.527559055118,158819558
201.034301758,-277.85005188,0.384765625,-0.0866141732283,0.543307086614,158819563
201.981567383,-280.598693848,0.384765625,-0.0866141732283,0.543307086614,158819569
202.989868164,-283.457290649,0.3837890625,-0.0866141732283,0.543307086614,158819573
204.089904785,-286.260910034,0.38134765625,-0.0866141732283,0.543307086614,158819579
205.189941406,-289.03704834,0.37939453125,-0.102362204724,0.543307086614,158819583
206.320495605,-291.675750732,0.376953125,-0.102362204724,0.543307086614,158819589
207.359375,-294.122039795,0.37353515625,-0.102362204724,0.55905511811,158819593
208.245483398,-296.265991211,0.37109375,-0.102362204724,0.543307086614,158819598
208.887145996,-298.135070801,0.3701171875,-0.102362204724,0.543307086614,158819603
209.253845215,-299.701797485,0.36767578125,-0.102362204724,0.543307086614,158819608
209.376037598,-301.021148682,0.3662109375,-0.102362204724,0.543307086614,158819613
209.223266602,-302.258041382,0.3642578125,-0.11811023622,0.543307086614,158819618
208.917724609,-303.357513428,0.36376953125,-0.11811023622,0.543307086614,158819623
208.459411621,-304.374511719,0.36279296875,-0.11811023622,0.543307086614,158819628
207.878845215,-305.39151001,0.36279296875,-0.11811023622,0.543307086614,158819633
207.237182617,-306.298568726,0.36181640625,-0.11811023622,0.543307086614,158819639
206.534362793,-307.150650024,0.361328125,-0.11811023622,0.543307086614,158819644
205.831604004,-307.947753906,0.36083984375,-0.11811023622,0.543307086614,158819649
205.189941406,-308.689880371,0.36083984375,-0.11811023622,0.55905511811,158819654
204.517700195,-309.294586182,0.3603515625,-0.11811023622,0.55905511811,158819659
203.99822998,-309.706878662,0.3603515625,-0.133858267717,0.55905511811,158819664
203.539916992,-309.981750488,0.35791015625,-0.133858267717,0.55905511811,158819669
203.173217773,-310.119186401,0.3544921875,-0.133858267717,0.55905511811,158819674
202.837097168,-310.064208984,0.35205078125,-0.133858267717,0.55905511811,158819679
202.37878418,-309.899291992,0.35107421875,-0.133858267717,0.55905511811,158819684
201.828796387,-309.459503174,0.35107421875,-0.133858267717,0.574803149606,158819689
201.095397949,-308.717376709,0.3505859375,-0.133858267717,0.574803149606,158819694
200.239868164,-307.727859497,0.3505859375,-0.133858267717,0.574803149606,158819699
199.231506348,-306.381027222,0.35107421875,-0.133858267717,0.574803149606,158819704
198.223144531,-304.704345703,0.3505859375,-0.133858267717,0.574803149606,158819709
197.245361328,-302.807769775,0.349609375,-0.11811023622,0.55905511811,158819714
196.35925293,-300.718811035,0.35009765625,-0.11811023622,0.55905511811,158819719
195.687011719,-298.574859619,0.349609375,-0.11811023622,0.55905511811,158819724
195.106445312,-296.348449707,0.349609375,-0.11811023622,0.55905511811,158819729
194.648132324,-294.01210022,0.349609375,-0.11811023622,0.55905511811,158819734
194.342590332,-291.565795898,0.35009765625,-0.11811023622,0.55905511811,158819740
194.128662109,-288.899612427,0.3505859375,-0.102362204724,0.55905511811,158819744
194.006469727,-286.068511963,0.3505859375,-0.102362204724,0.55905511811,158819749
193.975891113,-283.154937744,0.3515625,-0.102362204724,0.55905511811,158819754
194.03704834,-280.076446533,0.3544921875,-0.102362204724,0.55905511811,158819759
194.189819336,-277.107910156,0.35986328125,-0.102362204724,0.55905511811,158819764
194.464782715,-274.194335938,0.36572265625,-0.102362204724,0.55905511811,158819769
194.831481934,-271.308258057,0.37109375,-0.102362204724,0.55905511811,158819774
195.320373535,-268.532119751,0.37353515625,-0.102362204724,0.55905511811,158819779
195.962036133,-265.755981445,0.37548828125,-0.102362204724,0.543307086614,158819784
196.756469727,-263.089797974,0.37646484375,-0.102362204724,0.543307086614,158819789
197.73425293,-260.506072998,0.3779296875,-0.0866141732283,0.543307086614,158819795
198.925964355,-258.142227173,0.3779296875,-0.0866141732283,0.527559055118,158819800
200.362060547,-255.915817261,0.3779296875,-0.0866141732283,0.527559055118,158819805
202.042663574,-253.881820679,0.3779296875,-0.0866141732283,0.527559055118,158819810
203.967651367,-252.095199585,0.37841796875,-0.0866141732283,0.511811023622,158819815
206.167724609,-250.500991821,0.37939453125,-0.0866141732283,0.511811023622,158819819
208.551086426,-249.181625366,0.37939453125,-0.0866141732283,0.496062992126,158819825
211.056640625,-248.164627075,0.3798828125,-0.0866141732283,0.496062992126,158819830
213.653869629,-247.340042114,0.380859375,-0.0866141732283,0.48031496063,158819835
216.220581055,-246.707855225,0.3818359375,-0.0866141732283,0.464566929134,158819840
218.634521484,-246.213088989,0.3818359375,-0.0866141732283,0.464566929134,158819845
220.926208496,-245.800796509,0.38134765625,-0.0866141732283,0.448818897638,158819850
222.973449707,-245.470962524,0.376953125,-0.0866141732283,0.448818897638,158819855
224.684570312,-245.251068115,0.369140625,-0.0866141732283,0.433070866142,158819860
226.181762695,-245.113632202,0.3642578125,-0.0866141732283,0.433070866142,158819865
227.404052734,-245.086151123,0.3564453125,-0.0866141732283,0.433070866142,158819870
228.534606934,-245.141113281,0.34619140625,-0.0866141732283,0.433070866142,158819875
229.481811523,-245.251068115,0.32666015625,-0.0866141732283,0.433070866142,158819880
230.367919922,-245.470962524,0.29833984375,-0.0866141732283,0.433070866142,158819885
231.101257324,-245.77331543,0.25537109375,-0.0866141732283,0.433070866142,158819890
231.68182373,-246.158111572,0.20556640625,-0.0866141732283,0.433070866142,158819895
232.170715332,-246.625396729,0.13818359375,-0.0866141732283,0.433070866142,158819900
232.506835938,-247.23008728,0.07763671875,-0.0866141732283,0.448818897638,158819905
232.842956543,-247.834793091,0.07763671875,-0.0866141732283,0.448818897638,158819910
0,0,0,0,0,0
275.804504395,-292.197998047,0.21435546875,-0.0866141732283,0.527559055118,158820654
275.896179199,-292.197998047,0.21923828125,-0.0866141732283,0.527559055118,158820659
275.896179199,-292.197998047,0.2158203125,-0.102362204724,0.543307086614,158820670
275.804504395,-292.197998047,0.2158203125,-0.102362204724,0.543307086614,158820674
275.621154785,-292.060562134,0.21728515625,-0.102362204724,0.543307086614,158820680
275.376708984,-291.813186646,0.22216796875,-0.102362204724,0.543307086614,158820684
274.979492188,-291.373397827,0.2294921875,-0.102362204724,0.55905511811,158820690
274.551757812,-290.796188354,0.23974609375,-0.102362204724,0.55905511811,158820694
274.062805176,-290.109024048,0.25390625,-0.102362204724,0.55905511811,158820700
273.482299805,-289.339401245,0.265625,-0.102362204724,0.55905511811,158820704
272.810058594,-288.459823608,0.27880859375,-0.11811023622,0.55905511811,158820709
272.076721191,-287.360366821,0.29638671875,-0.11811023622,0.55905511811,158820714
271.282226562,-286.041015625,0.31591796875,-0.11811023622,0.55905511811,158820720
270.457214355,-284.50177002,0.33447265625,-0.11811023622,0.55905511811,158820724
269.632263184,-282.742645264,0.3447265625,-0.11811023622,0.55905511811,158820730
268.837768555,-280.928527832,0.35595703125,-0.11811023622,0.55905511811,158820735
268.165527344,-278.976989746,0.36474609375,-0.11811023622,0.55905511811,158820741
267.554443359,-276.942993164,0.3720703125,-0.11811023622,0.55905511811,158820745
267.065551758,-274.826538086,0.37744140625,-0.11811023622,0.55905511811,158820750
266.698852539,-272.572631836,0.38232421875,-0.11811023622,0.55905511811,158820755
266.454406738,-270.318740845,0.38525390625,-0.102362204724,0.55905511811,158820760
266.362731934,-267.982391357,0.38720703125,-0.102362204724,0.55905511811,158820765
266.484985352,-265.728500366,0.38916015625,-0.102362204724,0.543307086614,158820770
266.790527344,-263.58454895,0.3916015625,-0.102362204724,0.543307086614,158820775
267.340515137,-261.523071289,0.3955078125,-0.102362204724,0.543307086614,158820780
268.165527344,-259.681472778,0.4013671875,-0.102362204724,0.527559055118,158820785
269.17388916,-257.922332764,0.40478515625,-0.102362204724,0.527559055118,158820790
270.335021973,-256.328125,0.40771484375,-0.102362204724,0.527559055118,158820795
271.710021973,-254.926315308,0.41064453125,-0.102362204724,0.511811023622,158820800
273.237854004,-253.66192627,0.412109375,-0.102362204724,0.511811023622,158820805
274.948974609,-252.617446899,0.4130859375,-0.0866141732283,0.496062992126,158820810
276.75177002,-251.682907104,0.41455078125,-0.0866141732283,0.496062992126,158820815
278.676757812,-250.913284302,0.416015625,-0.0866141732283,0.496062992126,158820820
280.723999023,-250.308578491,0.41748046875,-0.0866141732283,0.48031496063,158820825
282.740722656,-249.731369019,0.41845703125,-0.0866141732283,0.48031496063,158820830
284.757385254,-249.2915802,0.41845703125,-0.0866141732283,0.48031496063,158820835
286.774047852,-248.906768799,0.41943359375,-0.0866141732283,0.48031496063,158820840
288.69909668,-248.576934814,0.4208984375,-0.0866141732283,0.48031496063,158820845
290.593566895,-248.384521484,0.4208984375,-0.0866141732283,0.48031496063,158820850
292.396362305,-248.274581909,0.419921875,-0.0866141732283,0.48031496063,158820855
293.985229492,-248.219604492,0.41455078125,-0.0866141732283,0.48031496063,158820860
295.360290527,-248.274581909,0.4072265625,-0.102362204724,0.48031496063,158820865
296.551940918,-248.384521484,0.39111328125,-0.102362204724,0.48031496063,158820870
297.499206543,-248.631896973,0.35986328125,-0.102362204724,0.48031496063,158820876
298.32421875,-249.044204712,0.30322265625,-0.102362204724,0.48031496063,158820881
299.057556152,-249.566436768,0.2080078125,-0.102362204724,0.48031496063,158820886
299.668640137,-250.281097412,0.08984375,-0.102362204724,0.48031496063,158820891
300.12701416,-251.133178711,0.08984375,-0.102362204724,0.48031496063,158820896
0,0,0,0,0,0
338.230102539,-276.778076172,0.16943359375,-0.102362204724,0.543307086614,158821419
338.444091797,-276.145889282,0.173828125,-0.102362204724,0.543307086614,158821423
338.810668945,-275.623641968,0.17529296875,-0.102362204724,0.543307086614,158821429
339.391235352,-275.15637207,0.17919921875,-0.102362204724,0.55905511811,158821434
340.063476562,-274.744064331,0.197265625,-0.102362204724,0.55905511811,158821439
340.919067383,-274.276794434,0.21630859375,-0.102362204724,0.55905511811,158821443
341.927368164,-273.974456787,0.228515625,-0.102362204724,0.55905511811,158821449
343.149658203,-273.782043457,0.2412109375,-0.102362204724,0.55905511811,158821453
344.708007812,-273.644607544,0.25634765625,-0.102362204724,0.55905511811,158821459
346.480224609,-273.589645386,0.26953125,-0.102362204724,0.55905511811,158821464
348.557983398,-273.589645386,0.28271484375,-0.102362204724,0.55905511811,158821469
350.788574219,-273.672103882,0.29150390625,-0.102362204724,0.55905511811,158821474
353.080322266,-273.891983032,0.29443359375,-0.102362204724,0.55905511811,158821479
355.280273438,-274.221832275,0.29541015625,-0.102362204724,0.55905511811,158821484
357.358154297,-274.689102173,0.29638671875,-0.11811023622,0.55905511811,158821489
359.222045898,-275.211349487,0.29638671875,-0.11811023622,0.574803149606,158821494
360.872070312,-275.898498535,0.296875,-0.11811023622,0.574803149606,158821499
362.399902344,-276.668121338,0.29736328125,-0.11811023622,0.574803149606,158821504
363.713745117,-277.492721558,0.2978515625,-0.133858267717,0.574803149606,158821509
364.752685547,-278.427261353,0.29833984375,-0.133858267717,0.574803149606,158821514
365.547119141,-279.361801147,0.2978515625,-0.133858267717,0.574803149606,158821519
366.158203125,-280.296340942,0.2978515625,-0.133858267717,0.574803149606,158821524
366.524902344,-281.313339233,0.29736328125,-0.149606299213,0.574803149606,158821529
366.738769531,-282.330337524,0.29833984375,-0.149606299213,0.574803149606,158821534
366.830444336,-283.374832153,0.29931640625,-0.149606299213,0.574803149606,158821539
366.799926758,-284.446807861,0.298828125,-0.149606299213,0.590551181102,158821544
366.677612305,-285.491287231,0.29931640625,-0.149606299213,0.574803149606,158821550
366.463745117,-286.453323364,0.2998046875,-0.149606299213,0.574803149606,158821554
366.127685547,-287.332885742,0.30322265625,-0.149606299213,0.574803149606,158821560
365.608154297,-288.075012207,0.3095703125,-0.149606299213,0.574803149606,158821564
365.027587891,-288.652236938,0.3134765625,-0.149606299213,0.574803149606,158821570
364.324829102,-289.174484253,0.3154296875,-0.149606299213,0.574803149606,158821574
363.438720703,-289.531799316,0.31689453125,-0.149606299213,0.574803149606,158821580
362.369262695,-289.779174805,0.3173828125,-0.149606299213,0.574803149606,158821584
361.0859375,-289.916610718,0.318359375,-0.149606299213,0.55905511811,158821590
359.558105469,-289.944107056,0.31787109375,-0.149606299213,0.55905511811,158821594
357.81640625,-289.861633301,0.31884765625,-0.149606299213,0.55905511811,158821600
355.983154297,-289.586776733,0.32373046875,-0.149606299213,0.55905511811,158821604
354.058105469,-289.119506836,0.33447265625,-0.149606299213,0.55905511811,158821610
352.163574219,-288.40486145,0.3447265625,-0.149606299213,0.55905511811,158821615
350.330322266,-287.442825317,0.3583984375,-0.149606299213,0.55905511811,158821620
348.619140625,-286.315887451,0.36572265625,-0.133858267717,0.55905511811,158821624
347.030273438,-284.886581421,0.373046875,-0.133858267717,0.55905511811,158821630
345.594116211,-283.292373657,0.37841796875,-0.133858267717,0.55905511811,158821634
344.310791016,-281.478256226,0.38134765625,-0.133858267717,0.55905511811,158821640
343.21081543,-279.389282227,0.38330078125,-0.133858267717,0.55905511811,158821645
342.355224609,-277.272827148,0.384765625,-0.11811023622,0.55905511811,158821650
341.744018555,-275.046417236,0.38525390625,-0.11811023622,0.55905511811,158821655
341.499633789,-272.765045166,0.3857421875,-0.11811023622,0.55905511811,158821660
341.560791016,-270.511154175,0.38525390625,-0.11811023622,0.55905511811,158821665
341.988525391,-268.202285767,0.38525390625,-0.11811023622,0.543307086614,158821670
342.721923828,-265.948394775,0.38623046875,-0.102362204724,0.543307086614,158821675
343.760742188,-263.721984863,0.38623046875,-0.102362204724,0.543307086614,158821680
345.074707031,-261.578033447,0.38720703125,-0.102362204724,0.527559055118,158821685
346.602416992,-259.599014282,0.38818359375,-0.102362204724,0.527559055118,158821690
348.344116211,-257.784896851,0.38916015625,-0.102362204724,0.527559055118,158821695
350.391357422,-256.13571167,0.39111328125,-0.102362204724,0.511811023622,158821700
352.805297852,-254.678924561,0.39306640625,-0.102362204724,0.511811023622,158821705
355.555297852,-253.332092285,0.40087890625,-0.102362204724,0.511811023622,158821710
358.733154297,-252.095199585,0.41064453125,-0.102362204724,0.511811023622,158821715
362.216552734,-250.968261719,0.41796875,-0.102362204724,0.496062992126,158821720
365.944335938,-249.951248169,0.423828125,-0.102362204724,0.496062992126,158821725
369.85546875,-248.989227295,0.427734375,-0.102362204724,0.496062992126,158821730
373.888793945,-248.137145996,0.42919921875,-0.11811023622,0.496062992126,158821735
378.044433594,-247.367523193,0.43017578125,-0.11811023622,0.48031496063,158821742
382.108398438,-246.597900391,0.4306640625,-0.11811023622,0.48031496063,158821746
386.01953125,-245.965713501,0.42919921875,-0.11811023622,0.464566929134,158821751
389.686279297,-245.443466187,0.42529296875,-0.11811023622,0.464566929134,158821755
392.89465332,-244.976196289,0.41845703125,-0.133858267717,0.448818897638,158821760
395.705688477,-244.701339722,0.4091796875,-0.133858267717,0.448818897638,158821765
398.027954102,-244.536422729,0.39599609375,-0.133858267717,0.433070866142,158821771
399.891845703,-244.453948975,0.3857421875,-0.133858267717,0.433070866142,158821775
401.389160156,-244.481445312,0.3740234375,-0.11811023622,0.433070866142,158821781
402.427978516,-244.646362305,0.36181640625,-0.11811023622,0.433070866142,158821785
403.069702148,-244.811279297,0.3486328125,-0.11811023622,0.433070866142,158821791
403.466918945,-245.086151123,0.3330078125,-0.11811023622,0.433070866142,158821795
403.680786133,-245.333526611,0.30615234375,-0.11811023622,0.433070866142,158821801
403.772460938,-245.5809021,0.25537109375,-0.102362204724,0.433070866142,158821806
403.833618164,-245.938232422,0.1748046875,-0.102362204724,0.433070866142,158821811
403.803100586,-246.295547485,0.09423828125,-0.102362204724,0.448818897638,158821816
403.741943359,-246.707855225,0.09423828125,-0.102362204724,0.448818897638,158821821
0,0,0,0,0,0
