x,y,p,xt,yt,time
0,0,0,0,0,0
4.37319946289,17.3415679932,0.138671875,0.275590551181,0.763779527559,158661954
4.37319946289,17.5064849854,0.14306640625,0.275590551181,0.763779527559,158661958
4.37319946289,17.5889587402,0.14306640625,0.291338582677,0.763779527559,158661964
4.40374755859,17.6714172363,0.14404296875,0.291338582677,0.779527559055,158661968
4.40374755859,17.6714172363,0.14697265625,0.291338582677,0.779527559055,158661974
4.46485900879,17.7813568115,0.15771484375,0.291338582677,0.779527559055,158661979
4.46485900879,17.7813568115,0.1611328125,0.291338582677,0.779527559055,158661984
4.52597045898,17.8638153076,0.16162109375,0.307086614173,0.779527559055,158661989
4.58708190918,17.9462738037,0.1640625,0.307086614173,0.779527559055,158661999
4.58708190918,17.9462738037,0.16748046875,0.307086614173,0.779527559055,158662003
4.58708190918,17.9462738037,0.16943359375,0.307086614173,0.779527559055,158662008
4.58708190918,18.0287322998,0.169921875,0.307086614173,0.779527559055,158662019
4.49542236328,18.1386871338,0.1708984375,0.307086614173,0.779527559055,158662029
4.40374755859,18.2211456299,0.17236328125,0.307086614173,0.779527559055,158662034
4.3426361084,18.3310852051,0.173828125,0.307086614173,0.779527559055,158662039
4.3120880127,18.4410400391,0.17626953125,0.307086614173,0.779527559055,158662044
4.3120880127,18.4410400391,0.1796875,0.307086614173,0.779527559055,158662049
4.3120880127,18.4410400391,0.1845703125,0.307086614173,0.779527559055,158662054
4.3120880127,18.4410400391,0.19091796875,0.307086614173,0.779527559055,158662059
4.3426361084,18.5234985352,0.2001953125,0.307086614173,0.779527559055,158662064
4.43431091309,18.5784606934,0.20703125,0.307086614173,0.779527559055,158662068
4.61764526367,18.6884155273,0.21337890625,0.307086614173,0.779527559055,158662074
4.92320251465,18.8533325195,0.2177734375,0.307086614173,0.779527559055,158662079
5.4426574707,19.0457305908,0.22119140625,0.307086614173,0.779527559055,158662085
6.14543151855,19.320602417,0.224609375,0.307086614173,0.779527559055,158662089
7.18434143066,19.6229553223,0.22802734375,0.307086614173,0.779527559055,158662094
8.49824523926,19.9253082275,0.232421875,0.307086614173,0.779527559055,158662099
10.0871429443,20.2551422119,0.240234375,0.307086614173,0.779527559055,158662104
11.9816131592,20.5849761963,0.24755859375,0.307086614173,0.779527559055,158662109
14.0288543701,20.8048706055,0.25390625,0.307086614173,0.779527559055,158662114
16.2594299316,21.0247650146,0.259765625,0.307086614173,0.763779527559,158662119
18.6122283936,21.1347045898,0.2646484375,0.307086614173,0.763779527559,158662123
21.0261383057,21.1896820068,0.271484375,0.307086614173,0.763779527559,158662129
23.562286377,21.2171630859,0.2802734375,0.307086614173,0.763779527559,158662133
26.1900939941,21.2446594238,0.28857421875,0.307086614173,0.748031496063,158662138
29.0012207031,21.1347045898,0.29248046875,0.307086614173,0.748031496063,158662145
31.9040374756,20.9697875977,0.29541015625,0.291338582677,0.748031496063,158662149
34.9290618896,20.8048706055,0.29736328125,0.291338582677,0.732283464567,158662154
37.923538208,20.5849761963,0.29833984375,0.291338582677,0.732283464567,158662158
40.7652435303,20.4750366211,0.298828125,0.291338582677,0.732283464567,158662164
43.5152740479,20.3101196289,0.29931640625,0.275590551181,0.732283464567,158662169
45.9597320557,20.0902252197,0.30029296875,0.275590551181,0.732283464567,158662174
48.0680847168,19.8978118896,0.2998046875,0.275590551181,0.732283464567,158662179
49.9319915771,19.6504364014,0.30078125,0.275590551181,0.732283464567,158662184
51.3070068359,19.4580383301,0.30126953125,0.275590551181,0.732283464567,158662189
52.4070281982,19.265625,0.3017578125,0.259842519685,0.732283464567,158662194
53.1403656006,19.0732269287,0.302734375,0.259842519685,0.732283464567,158662199
53.5070343018,18.9632720947,0.3037109375,0.259842519685,0.732283464567,158662205
53.7209320068,18.8808135986,0.30615234375,0.259842519685,0.732283464567,158662209
53.7209320068,18.8808135986,0.31494140625,0.259842519685,0.732283464567,158662214
53.7209320068,18.8808135986,0.32666015625,0.259842519685,0.732283464567,158662220
53.7209320068,18.8808135986,0.33642578125,0.259842519685,0.716535433071,158662224
53.8125915527,18.8258361816,0.3447265625,0.259842519685,0.716535433071,158662229
53.8125915527,18.8258361816,0.35302734375,0.259842519685,0.716535433071,158662235
53.8125915527,18.8258361816,0.36083984375,0.259842519685,0.716535433071,158662239
53.8125915527,18.7433776855,0.36767578125,0.259842519685,0.716535433071,158662244
53.8125915527,18.7433776855,0.3740234375,0.259842519685,0.716535433071,158662249
53.8125915527,18.7433776855,0.3798828125,0.259842519685,0.716535433071,158662254
53.8125915527,18.7433776855,0.38525390625,0.259842519685,0.716535433071,158662260
53.8125915527,18.7433776855,0.38916015625,0.259842519685,0.716535433071,158662265
53.6903686523,18.7158966064,0.3916015625,0.259842519685,0.716535433071,158662270
53.6903686523,18.7158966064,0.39306640625,0.259842519685,0.716535433071,158662274
53.6292572021,18.6334381104,0.3916015625,0.259842519685,0.732283464567,158662305
53.6292572021,18.6334381104,0.38916015625,0.259842519685,0.732283464567,158662309
53.6292572021,18.6334381104,0.3857421875,0.259842519685,0.732283464567,158662315
53.8125915527,18.7158966064,0.3837890625,0.259842519685,0.732283464567,158662319
54.087600708,18.9907684326,0.38330078125,0.259842519685,0.732283464567,158662324
54.5764923096,19.4580383301,0.38330078125,0.259842519685,0.732283464567,158662329
55.3098297119,20.1726837158,0.3837890625,0.244094488189,0.732283464567,158662335
56.3181762695,21.0522460938,0.3837890625,0.244094488189,0.732283464567,158662340
57.4792938232,22.0417633057,0.3837890625,0.244094488189,0.732283464567,158662345
58.854309082,23.0862426758,0.38427734375,0.244094488189,0.732283464567,158662350
60.3515472412,24.2131958008,0.38427734375,0.244094488189,0.716535433071,158662355
62.0015716553,25.395111084,0.38427734375,0.228346456693,0.716535433071,158662361
63.7126922607,26.6045227051,0.384765625,0.228346456693,0.716535433071,158662365
65.5765991211,27.8963775635,0.384765625,0.228346456693,0.716535433071,158662370
67.5321807861,29.1882476807,0.38525390625,0.212598425197,0.716535433071,158662375
69.5488586426,30.5350952148,0.384765625,0.212598425197,0.716535433071,158662380
71.7488861084,31.9918670654,0.384765625,0.212598425197,0.700787401575,158662385
73.9794616699,33.5311126709,0.384765625,0.196850393701,0.700787401575,158662390
76.1489257812,35.2902526855,0.38427734375,0.196850393701,0.700787401575,158662395
78.2572937012,37.1593322754,0.38427734375,0.181102362205,0.700787401575,158662400
80.2128601074,39.1933288574,0.38427734375,0.181102362205,0.700787401575,158662405
81.9239959717,41.3372802734,0.38427734375,0.181102362205,0.700787401575,158662410
83.4517822266,43.5636901855,0.38330078125,0.165354330709,0.700787401575,158662415
84.8267974854,45.8450622559,0.38232421875,0.149606299213,0.700787401575,158662420
86.0184783936,48.0989532471,0.38232421875,0.149606299213,0.700787401575,158662426
87.0879364014,50.2978668213,0.38134765625,0.133858267717,0.700787401575,158662430
88.096282959,52.4418182373,0.380859375,0.11811023622,0.700787401575,158662436
89.0129547119,54.3658752441,0.380859375,0.11811023622,0.700787401575,158662440
89.8074035645,56.179977417,0.38037109375,0.102362204724,0.700787401575,158662446
90.5407409668,57.9391174316,0.3798828125,0.0866141732283,0.700787401575,158662450
91.0907440186,59.6432800293,0.37939453125,0.0866141732283,0.685039370079,158662456
91.426864624,61.539855957,0.37890625,0.0708661417323,0.685039370079,158662460
91.6407623291,63.5738525391,0.37890625,0.0708661417323,0.685039370079,158662466
91.7018737793,65.635345459,0.37841796875,0.0708661417323,0.669291338583,158662470
91.5796508789,67.7792816162,0.37744140625,0.0708661417323,0.669291338583,158662475
91.2740783691,69.9782104492,0.3779296875,0.0708661417323,0.669291338583,158662480
90.7240753174,72.1221466064,0.37744140625,0.0708661417323,0.653543307087,158662486
89.9601898193,74.2935791016,0.3779296875,0.0708661417323,0.653543307087,158662490
89.0129547119,76.3825531006,0.37744140625,0.0708661417323,0.653543307087,158662496
87.9740447998,78.3340911865,0.37841796875,0.0708661417323,0.637795275591,158662500
86.8129272461,80.1756896973,0.37841796875,0.0708661417323,0.637795275591,158662506
85.4990234375,81.8798522949,0.37744140625,0.0708661417323,0.622047244094,158662510
84.093460083,83.3916168213,0.3779296875,0.0708661417323,0.622047244094,158662515
82.5045471191,84.6834716797,0.37744140625,0.0708661417323,0.606299212598,158662520
80.7323150635,85.8104248047,0.37646484375,0.0866141732283,0.606299212598,158662526
78.7767333984,86.7449645996,0.37646484375,0.0866141732283,0.590551181102,158662531
76.5767211914,87.5695648193,0.37548828125,0.102362204724,0.590551181102,158662536
74.2239074707,88.2842102051,0.3759765625,0.102362204724,0.574803149606,158662540
71.626663208,88.9163970947,0.3759765625,0.11811023622,0.574803149606,158662546
68.9071960449,89.4936065674,0.3759765625,0.11811023622,0.55905511811,158662551
65.9432678223,89.9883728027,0.37646484375,0.11811023622,0.55905511811,158662556
62.857131958,90.4556427002,0.37744140625,0.133858267717,0.55905511811,158662561
59.6793212891,90.8679351807,0.37939453125,0.133858267717,0.55905511811,158662566
56.4403991699,91.2252655029,0.384765625,0.133858267717,0.55905511811,158662571
53.3542480469,91.4726409912,0.39013671875,0.149606299213,0.55905511811,158662576
50.5125579834,91.5276184082,0.396484375,0.149606299213,0.55905511811,158662581
48.0986480713,91.5276184082,0.39892578125,0.149606299213,0.55905511811,158662586
46.1736297607,91.3352050781,0.40185546875,0.149606299213,0.55905511811,158662591
44.7069396973,91.0328521729,0.4033203125,0.149606299213,0.574803149606,158662596
43.5458221436,90.5655822754,0.40478515625,0.149606299213,0.574803149606,158662601
42.4763641357,89.9059143066,0.4052734375,0.149606299213,0.574803149606,158662606
41.4374694824,89.1362915039,0.40234375,0.149606299213,0.574803149606,158662611
40.3680114746,88.201751709,0.38916015625,0.149606299213,0.574803149606,158662616
39.1457824707,87.2122344971,0.37353515625,0.149606299213,0.574803149606,158662621
37.9846496582,86.1402587891,0.337890625,0.149606299213,0.574803149606,158662626
36.6707458496,85.0133209229,0.29248046875,0.149606299213,0.574803149606,158662631
35.2040710449,83.8039093018,0.20703125,0.149606299213,0.574803149606,158662636
33.7068328857,82.5670166016,0.09619140625,0.149606299213,0.574803149606,158662641
32.1179199219,81.3576049805,0.09619140625,0.165354330709,0.574803149606,158662647
0,0,0,0,0,0
125.435546875,23.9658203125,0.19189453125,0.149606299213,0.669291338583,158663331
125.313323975,24.0482788086,0.1923828125,0.149606299213,0.669291338583,158663336
125.22164917,24.0757598877,0.1796875,0.149606299213,0.669291338583,158663341
125.22164917,24.0757598877,0.17822265625,0.149606299213,0.669291338583,158663347
125.16053772,24.1582183838,0.17822265625,0.133858267717,0.685039370079,158663361
125.129989624,24.3506317139,0.1787109375,0.133858267717,0.685039370079,158663366
125.007766724,24.6804656982,0.18017578125,0.133858267717,0.685039370079,158663371
124.824432373,25.2301940918,0.18212890625,0.133858267717,0.685039370079,158663376
124.518875122,26.0272979736,0.1875,0.133858267717,0.685039370079,158663381
124.182754517,26.9893341064,0.1904296875,0.133858267717,0.685039370079,158663386
123.907745361,28.1712493896,0.197265625,0.133858267717,0.685039370079,158663391
123.632751465,29.4906005859,0.201171875,0.11811023622,0.685039370079,158663397
123.41885376,30.8924102783,0.203125,0.11811023622,0.685039370079,158663401
123.266082764,32.4591369629,0.2109375,0.11811023622,0.685039370079,158663405
123.113296509,34.1358184814,0.21728515625,0.11811023622,0.685039370079,158663411
123.052185059,36.0048980713,0.220703125,0.11811023622,0.685039370079,158663416
123.052185059,38.1213531494,0.22412109375,0.11811023622,0.685039370079,158663421
123.143859863,40.4851989746,0.2265625,0.11811023622,0.685039370079,158663426
123.296630859,43.0689239502,0.228515625,0.11811023622,0.685039370079,158663430
123.60218811,45.872543335,0.23095703125,0.11811023622,0.685039370079,158663436
124.029968262,48.7861175537,0.2333984375,0.11811023622,0.685039370079,158663441
124.579986572,51.7271728516,0.2353515625,0.11811023622,0.685039370079,158663447
125.313323975,54.6407318115,0.240234375,0.11811023622,0.685039370079,158663451
126.260559082,57.5543060303,0.2451171875,0.11811023622,0.685039370079,158663457
127.421676636,60.3854217529,0.2490234375,0.11811023622,0.685039370079,158663462
128.918914795,63.1890411377,0.25146484375,0.11811023622,0.685039370079,158663467
130.752258301,65.9651794434,0.2548828125,0.11811023622,0.685039370079,158663471
132.799514771,68.5214233398,0.25830078125,0.11811023622,0.669291338583,158663477
134.938415527,70.8852539062,0.26123046875,0.102362204724,0.669291338583,158663482
137.168991089,73.0017242432,0.26318359375,0.102362204724,0.669291338583,158663486
139.307907104,74.8982849121,0.26416015625,0.102362204724,0.653543307087,158663491
141.355148315,76.5199890137,0.2646484375,0.102362204724,0.653543307087,158663497
143.219055176,77.8668212891,0.2646484375,0.102362204724,0.637795275591,158663501
144.899627686,78.9387969971,0.265625,0.102362204724,0.637795275591,158663506
146.396865845,79.7359008789,0.26708984375,0.102362204724,0.622047244094,158663512
147.771881104,80.3131256104,0.267578125,0.0866141732283,0.622047244094,158663517
148.963562012,80.6429595947,0.26806640625,0.0866141732283,0.622047244094,158663521
150.09413147,80.8353729248,0.26953125,0.0866141732283,0.606299212598,158663527
151.163589478,80.7803955078,0.27197265625,0.0866141732283,0.606299212598,158663532
152.233032227,80.5330200195,0.2734375,0.0866141732283,0.606299212598,158663536
153.424713135,80.0932312012,0.275390625,0.0708661417323,0.606299212598,158663541
154.616394043,79.3236083984,0.27685546875,0.0708661417323,0.606299212598,158663548
155.838638306,78.3340911865,0.2783203125,0.0708661417323,0.606299212598,158663552
157.030303955,77.1246948242,0.2802734375,0.0708661417323,0.606299212598,158663556
158.160873413,75.6404266357,0.2822265625,0.0708661417323,0.606299212598,158663562
159.199783325,73.9362640381,0.2822265625,0.0708661417323,0.606299212598,158663567
160.147003174,71.9022521973,0.28369140625,0.0708661417323,0.606299212598,158663572
161.033126831,69.620880127,0.283203125,0.0708661417323,0.606299212598,158663576
161.827575684,67.1196136475,0.283203125,0.0708661417323,0.606299212598,158663581
162.560928345,64.4259338379,0.2841796875,0.0708661417323,0.606299212598,158663586
163.263702393,61.6223144531,0.283203125,0.0708661417323,0.622047244094,158663591
163.874816895,58.7087402344,0.28369140625,0.0708661417323,0.622047244094,158663596
164.394287109,55.7402038574,0.28369140625,0.0551181102362,0.622047244094,158663601
164.791503906,52.7166900635,0.28466796875,0.0551181102362,0.637795275591,158663606
165.035949707,49.7206573486,0.28466796875,0.0551181102362,0.637795275591,158663612
165.158172607,46.9170379639,0.28564453125,0.0551181102362,0.637795275591,158663616
165.158172607,44.3333129883,0.28564453125,0.0551181102362,0.653543307087,158663622
165.035949707,42.0794067383,0.28857421875,0.0551181102362,0.653543307087,158663627
164.730377197,40.1553649902,0.28857421875,0.0551181102362,0.653543307087,158663632
164.363708496,38.5886230469,0.2900390625,0.0393700787402,0.669291338583,158663637
163.935928345,37.2967681885,0.2939453125,0.0393700787402,0.669291338583,158663642
163.477600098,36.2522735596,0.29833984375,0.0393700787402,0.669291338583,158663647
163.080368042,35.4276885986,0.302734375,0.0393700787402,0.669291338583,158663652
162.744262695,34.740524292,0.30712890625,0.0393700787402,0.669291338583,158663657
162.53036499,34.2732543945,0.31005859375,0.0393700787402,0.669291338583,158663662
162.377593994,33.9709014893,0.31201171875,0.0393700787402,0.669291338583,158663667
162.316467285,33.7510070801,0.31298828125,0.0236220472441,0.669291338583,158663672
162.285919189,33.613571167,0.31396484375,0.0236220472441,0.669291338583,158663677
162.285919189,33.613571167,0.31103515625,0.0236220472441,0.669291338583,158663687
162.224807739,33.5036315918,0.3056640625,0.0236220472441,0.669291338583,158663692
162.224807739,33.613571167,0.30029296875,0.0236220472441,0.669291338583,158663697
162.224807739,33.8334655762,0.298828125,0.0236220472441,0.669291338583,158663702
162.224807739,34.2182769775,0.29736328125,0.0236220472441,0.669291338583,158663707
162.224807739,34.8779602051,0.296875,0.0236220472441,0.669291338583,158663712
162.255355835,35.7300415039,0.296875,0.0236220472441,0.669291338583,158663718
162.285919189,36.829498291,0.29638671875,0.0236220472441,0.669291338583,158663722
162.316467285,38.1763305664,0.2958984375,0.0236220472441,0.669291338583,158663727
162.316467285,39.6605987549,0.29638671875,0.0236220472441,0.685039370079,158663732
162.34703064,41.4472198486,0.29638671875,0.0236220472441,0.685039370079,158663737
162.40814209,43.3712768555,0.2958984375,0.0236220472441,0.685039370079,158663743
162.560928345,45.4877319336,0.2958984375,0.0236220472441,0.685039370079,158663748
162.805374146,47.8240966797,0.29638671875,0.0236220472441,0.685039370079,158663752
163.263702393,50.1879272461,0.2958984375,0.0236220472441,0.685039370079,158663757
163.844268799,52.5792541504,0.2958984375,0.0236220472441,0.685039370079,158663763
164.608154297,54.8606262207,0.2958984375,0.0236220472441,0.685039370079,158663767
165.494293213,57.0320739746,0.2958984375,0.0236220472441,0.685039370079,158663772
166.410949707,59.1485290527,0.296875,0.0236220472441,0.685039370079,158663778
167.388763428,61.2100067139,0.296875,0.0236220472441,0.685039370079,158663782
168.305419922,63.1615600586,0.296875,0.0236220472441,0.685039370079,158663787
169.222106934,65.0031433105,0.296875,0.0236220472441,0.669291338583,158663793
170.169342041,66.8447418213,0.2978515625,0.0236220472441,0.669291338583,158663797
171.147125244,68.5489044189,0.2978515625,0.0236220472441,0.669291338583,158663803
172.186004639,70.1156311035,0.29833984375,0.0236220472441,0.669291338583,158663808
173.28604126,71.6823730469,0.298828125,0.0236220472441,0.653543307087,158663813
174.569366455,73.0566864014,0.29931640625,0.0236220472441,0.653543307087,158663817
175.944396973,74.4035339355,0.2998046875,0.0236220472441,0.653543307087,158663823
177.441619873,75.6404266357,0.2998046875,0.0236220472441,0.637795275591,158663828
179.061096191,76.7398834229,0.30029296875,0.0236220472441,0.637795275591,158663833
180.680541992,77.7294006348,0.298828125,0.0236220472441,0.637795275591,158663838
182.391693115,78.5539855957,0.2998046875,0.0236220472441,0.622047244094,158663843
184.102813721,79.2136688232,0.29931640625,0.0236220472441,0.622047244094,158663848
185.813934326,79.7084197998,0.2998046875,0.0236220472441,0.622047244094,158663853
187.402832031,80.0382537842,0.2998046875,0.0236220472441,0.622047244094,158663858
188.900085449,80.1756896973,0.29931640625,0.0236220472441,0.606299212598,158663863
190.275085449,80.0932312012,0.29931640625,0.0236220472441,0.606299212598,158663868
191.527893066,79.873336792,0.29833984375,0.0236220472441,0.606299212598,158663873
192.62789917,79.4610443115,0.29736328125,0.0236220472441,0.606299212598,158663878
193.575134277,78.8288574219,0.294921875,0.0236220472441,0.606299212598,158663883
194.369567871,78.1142120361,0.291015625,0.0236220472441,0.606299212598,158663888
194.950134277,77.2071533203,0.28369140625,0.0236220472441,0.606299212598,158663893
195.469604492,76.1901550293,0.2705078125,0.0393700787402,0.606299212598,158663898
195.775146484,75.1456604004,0.24755859375,0.0393700787402,0.606299212598,158663903
195.92791748,73.9912261963,0.2177734375,0.0393700787402,0.606299212598,158663908
195.958496094,72.8642883301,0.20263671875,0.0393700787402,0.606299212598,158663913
195.866821289,71.764831543,0.185546875,0.0393700787402,0.606299212598,158663918
195.775146484,70.747833252,0.162109375,0.0393700787402,0.622047244094,158663924
195.68347168,69.8682556152,0.12353515625,0.0393700787402,0.622047244094,158663928
195.561248779,69.0711517334,0.083984375,0.0393700787402,0.622047244094,158663933
195.500152588,68.4664459229,0.083984375,0.0393700787402,0.622047244094,158663938
0,0,0,0,0,0
233.939422607,64.5358734131,0.11328125,0.0551181102362,0.637795275591,158664558
235.161651611,64.9206848145,0.11376953125,0.0551181102362,0.637795275591,158664563
236.322784424,65.1130981445,0.1142578125,0.0551181102362,0.637795275591,158664568
237.483917236,65.1405792236,0.11572265625,0.0551181102362,0.653543307087,158664573
238.461700439,64.8657226562,0.12158203125,0.0551181102362,0.653543307087,158664578
239.286712646,64.4809112549,0.1435546875,0.0393700787402,0.653543307087,158664583
239.95892334,63.9311828613,0.18603515625,0.0393700787402,0.653543307087,158664587
240.50894165,63.1615600586,0.208984375,0.0393700787402,0.653543307087,158664592
241.028381348,62.3094787598,0.23388671875,0.0393700787402,0.653543307087,158664598
241.517272949,61.2649841309,0.24609375,0.0393700787402,0.653543307087,158664603
242.006164551,60.0830688477,0.2509765625,0.0236220472441,0.653543307087,158664607
242.495056152,58.7087402344,0.26123046875,0.0236220472441,0.653543307087,158664612
243.045074463,57.1969909668,0.2724609375,0.0236220472441,0.653543307087,158664618
243.656188965,55.5752868652,0.275390625,0.0236220472441,0.653543307087,158664623
244.328430176,53.6787109375,0.2802734375,0.0236220472441,0.669291338583,158664627
245.061767578,51.6721954346,0.28955078125,0.0236220472441,0.669291338583,158664633
245.825653076,49.4457855225,0.2939453125,0.0236220472441,0.669291338583,158664638
246.620117188,47.1094360352,0.30029296875,0.0236220472441,0.669291338583,158664643
247.445129395,44.8280639648,0.3037109375,0.0236220472441,0.669291338583,158664647
248.239562988,42.4917144775,0.30859375,0.0236220472441,0.669291338583,158664652
249.0340271,40.2653045654,0.31640625,0.00787401574803,0.685039370079,158664658
249.675689697,38.0663909912,0.32177734375,0.00787401574803,0.685039370079,158664662
250.225708008,35.8949584961,0.32568359375,0.00787401574803,0.685039370079,158664667
250.6534729,33.8609466553,0.33154296875,0.00787401574803,0.669291338583,158664673
250.897918701,31.9369049072,0.3330078125,0.00787401574803,0.669291338583,158664677
251.081268311,30.1502838135,0.33544921875,0.00787401574803,0.669291338583,158664683
251.111816406,28.4186248779,0.3369140625,0.00787401574803,0.669291338583,158664688
251.081268311,26.6045227051,0.33935546875,0.00787401574803,0.669291338583,158664693
250.989593506,24.7629241943,0.33984375,0.00787401574803,0.669291338583,158664698
250.806274414,22.8113861084,0.34130859375,0.00787401574803,0.669291338583,158664703
250.622924805,20.8598480225,0.34033203125,0.00787401574803,0.669291338583,158664708
250.317382812,18.9357910156,0.34130859375,0.00787401574803,0.669291338583,158664714
250.011810303,17.0667114258,0.34130859375,0.00787401574803,0.669291338583,158664717
249.706237793,15.280090332,0.3408203125,-0.00787401574803,0.669291338583,158664723
249.247924805,13.7133636475,0.34130859375,-0.00787401574803,0.669291338583,158664728
248.911804199,12.4214935303,0.34375,-0.00787401574803,0.669291338583,158664733
248.514587402,11.4869537354,0.3466796875,-0.00787401574803,0.685039370079,158664738
248.178466797,10.8272705078,0.34765625,-0.00787401574803,0.685039370079,158664743
247.964569092,10.3600006104,0.34765625,-0.0236220472441,0.685039370079,158664748
247.720123291,10.085144043,0.3466796875,-0.0236220472441,0.700787401575,158664754
247.536773682,9.89273071289,0.3447265625,-0.0236220472441,0.700787401575,158664758
247.445129395,9.8102722168,0.34033203125,-0.0236220472441,0.700787401575,158664764
247.35345459,9.7827911377,0.33544921875,-0.0236220472441,0.700787401575,158664768
247.35345459,9.7827911377,0.33056640625,-0.0393700787402,0.716535433071,158664774
247.261779785,9.94770812988,0.32666015625,-0.0393700787402,0.716535433071,158664778
247.109008789,10.2225799561,0.32080078125,-0.0393700787402,0.716535433071,158664784
246.956237793,10.6623535156,0.31591796875,-0.0551181102362,0.716535433071,158664788
246.620117188,11.2945404053,0.31201171875,-0.0551181102362,0.716535433071,158664794
246.253448486,12.2290802002,0.30908203125,-0.0551181102362,0.716535433071,158664798
245.886779785,13.4384918213,0.30712890625,-0.0551181102362,0.732283464567,158664803
245.428436279,14.9777374268,0.30712890625,-0.0708661417323,0.732283464567,158664808
245.000640869,16.8742980957,0.306640625,-0.0708661417323,0.732283464567,158664813
244.572875977,19.0182495117,0.30712890625,-0.0708661417323,0.732283464567,158664818
244.175628662,21.3820800781,0.3046875,-0.0708661417323,0.732283464567,158664824
243.900634766,23.9658203125,0.3046875,-0.0708661417323,0.732283464567,158664828
243.74786377,26.5770263672,0.3037109375,-0.0866141732283,0.732283464567,158664833
243.656188965,29.2432250977,0.30322265625,-0.0866141732283,0.716535433071,158664838
243.717315674,31.7444915771,0.302734375,-0.0866141732283,0.716535433071,158664844
243.778411865,34.1083374023,0.30224609375,-0.0708661417323,0.716535433071,158664848
243.87008667,36.4171905518,0.302734375,-0.0708661417323,0.716535433071,158664853
243.99230957,38.6436004639,0.302734375,-0.0708661417323,0.716535433071,158664858
244.114532471,40.924987793,0.30224609375,-0.0708661417323,0.716535433071,158664864
244.236755371,43.2613372803,0.302734375,-0.0708661417323,0.700787401575,158664868
244.450653076,45.6526641846,0.30322265625,-0.0708661417323,0.700787401575,158664874
244.786743164,48.1814117432,0.3037109375,-0.0708661417323,0.700787401575,158664878
245.183990479,50.6551971436,0.30419921875,-0.0708661417323,0.700787401575,158664884
245.733978271,53.0465240479,0.3037109375,-0.0708661417323,0.700787401575,158664888
246.283996582,55.3828735352,0.30517578125,-0.0708661417323,0.700787401575,158664894
246.772888184,57.6642608643,0.30517578125,-0.0708661417323,0.700787401575,158664899
247.231231689,60.0006103516,0.3056640625,-0.0708661417323,0.700787401575,158664904
247.689575195,62.3094787598,0.3056640625,-0.0708661417323,0.700787401575,158664908
248.147888184,64.5908508301,0.30517578125,-0.0551181102362,0.700787401575,158664914
248.789581299,66.7897644043,0.30615234375,-0.0551181102362,0.685039370079,158664919
249.553466797,68.8787384033,0.30615234375,-0.0551181102362,0.685039370079,158664924
250.470153809,70.9127502441,0.3076171875,-0.0551181102362,0.685039370079,158664929
251.447937012,72.781829834,0.30859375,-0.0551181102362,0.669291338583,158664934
252.364624023,74.5684509277,0.30859375,-0.0551181102362,0.669291338583,158664939
253.220184326,76.2726135254,0.3095703125,-0.0393700787402,0.669291338583,158664944
254.075744629,77.8118591309,0.31005859375,-0.0393700787402,0.653543307087,158664949
254.961853027,79.2686309814,0.310546875,-0.0393700787402,0.653543307087,158664954
255.93963623,80.6154785156,0.31201171875,-0.0393700787402,0.653543307087,158664959
256.978546143,81.8248748779,0.3125,-0.0393700787402,0.653543307087,158664964
258.109100342,82.979309082,0.3134765625,-0.0393700787402,0.653543307087,158664969
259.42300415,84.0238037109,0.31494140625,-0.0393700787402,0.653543307087,158664974
260.798034668,85.0133209229,0.31591796875,-0.0393700787402,0.637795275591,158664979
262.264709473,85.8928833008,0.3173828125,-0.0393700787402,0.637795275591,158664984
263.792510986,86.6350097656,0.31884765625,-0.0236220472441,0.637795275591,158664989
265.3203125,87.2397155762,0.32275390625,-0.0236220472441,0.622047244094,158664995
266.848083496,87.6520233154,0.3251953125,-0.0236220472441,0.622047244094,158664999
268.437011719,87.8719024658,0.32666015625,-0.0236220472441,0.622047244094,158665004
269.934234619,87.9543609619,0.32763671875,-0.0236220472441,0.622047244094,158665009
271.339813232,87.9543609619,0.32958984375,-0.0236220472441,0.606299212598,158665014
272.623138428,87.7894439697,0.33056640625,-0.0236220472441,0.606299212598,158665019
273.78427124,87.5420684814,0.3310546875,-0.0236220472441,0.590551181102,158665025
274.884277344,87.184753418,0.3330078125,-0.0236220472441,0.590551181102,158665029
276.014862061,86.7174835205,0.33349609375,-0.0236220472441,0.590551181102,158665035
277.114868164,86.2776947021,0.3330078125,-0.0393700787402,0.590551181102,158665039
278.184326172,85.7829284668,0.33251953125,-0.0393700787402,0.590551181102,158665044
279.162109375,85.3156585693,0.33056640625,-0.0393700787402,0.590551181102,158665049
279.987121582,84.8758850098,0.326171875,-0.0393700787402,0.590551181102,158665055
280.720458984,84.3811187744,0.3173828125,-0.0393700787402,0.590551181102,158665059
281.362121582,83.9688262939,0.30810546875,-0.0393700787402,0.590551181102,158665065
281.942687988,83.5015563965,0.29296875,-0.0393700787402,0.590551181102,158665069
282.370483398,83.089263916,0.26708984375,-0.0551181102362,0.590551181102,158665075
282.7371521,82.7044525146,0.23046875,-0.0551181102362,0.590551181102,158665079
282.951049805,82.2646636963,0.181640625,-0.0551181102362,0.590551181102,158665084
283.042694092,81.8798522949,0.11962890625,-0.0551181102362,0.590551181102,158665089
282.9815979,81.4675598145,0.0478515625,-0.0551181102362,0.590551181102,158665095
282.767700195,81.0552520752,0.0478515625,-0.0551181102362,0.590551181102,158665100
0,0,0,0,0,0
331.290405273,28.7484588623,0.16162109375,0.11811023622,0.527559055118,158668327
331.229309082,28.9683532715,0.16455078125,0.11811023622,0.543307086614,158668333
331.198760986,29.2157440186,0.1650390625,0.11811023622,0.543307086614,158668338
331.076538086,29.4631195068,0.1640625,0.11811023622,0.543307086614,158668343
330.984863281,29.8204345703,0.1650390625,0.11811023622,0.543307086614,158668348
330.770965576,30.2602233887,0.17333984375,0.11811023622,0.55905511811,158668353
330.465393066,30.7274932861,0.18896484375,0.11811023622,0.55905511811,158668358
330.129302979,31.3047027588,0.19677734375,0.11811023622,0.55905511811,158668363
329.762634277,31.9918670654,0.205078125,0.11811023622,0.55905511811,158668368
329.395965576,32.70652771,0.21337890625,0.11811023622,0.55905511811,158668373
329.151489258,33.5586090088,0.2216796875,0.11811023622,0.55905511811,158668378
328.968170166,34.5206298828,0.23388671875,0.11811023622,0.55905511811,158668383
328.81539917,35.5376281738,0.2421875,0.11811023622,0.55905511811,158668388
328.662597656,36.7470397949,0.25048828125,0.11811023622,0.55905511811,158668393
328.50982666,38.0663909912,0.26123046875,0.11811023622,0.55905511811,158668398
328.418151855,39.4956817627,0.2685546875,0.11811023622,0.55905511811,158668403
328.357055664,41.0899047852,0.2802734375,0.11811023622,0.55905511811,158668408
328.357055664,42.7940673828,0.29052734375,0.11811023622,0.574803149606,158668413
328.357055664,44.5806884766,0.2958984375,0.11811023622,0.574803149606,158668418
328.418151855,46.4497680664,0.30322265625,0.11811023622,0.574803149606,158668423
328.570953369,48.3463287354,0.3076171875,0.11811023622,0.574803149606,158668428
328.81539917,50.2154083252,0.31103515625,0.11811023622,0.574803149606,158668433
329.151489258,52.0570068359,0.3134765625,0.11811023622,0.574803149606,158668438
329.579284668,53.8161468506,0.314453125,0.11811023622,0.574803149606,158668443
330.037628174,55.5203094482,0.31689453125,0.11811023622,0.574803149606,158668448
330.526519775,57.1694946289,0.31787109375,0.11811023622,0.574803149606,158668453
331.107086182,58.8186950684,0.318359375,0.11811023622,0.574803149606,158668458
331.718200684,60.412902832,0.31884765625,0.11811023622,0.574803149606,158668463
332.42098999,61.9796295166,0.31982421875,0.11811023622,0.574803149606,158668468
333.246002197,63.5738525391,0.3203125,0.11811023622,0.574803149606,158668473
334.162658691,65.0581207275,0.32080078125,0.11811023622,0.574803149606,158668478
335.201568604,66.4599304199,0.322265625,0.11811023622,0.55905511811,158668484
336.362701416,67.8617401123,0.32275390625,0.11811023622,0.55905511811,158668488
337.615478516,69.0436706543,0.32421875,0.11811023622,0.55905511811,158668494
339.112731934,70.1706085205,0.32470703125,0.11811023622,0.543307086614,158668498
340.732177734,71.1876068115,0.32666015625,0.102362204724,0.543307086614,158668504
342.56552124,72.0122070312,0.328125,0.102362204724,0.527559055118,158668508
344.521118164,72.671875,0.330078125,0.102362204724,0.527559055118,158668514
346.537780762,73.1666412354,0.33203125,0.102362204724,0.527559055118,158668519
348.676696777,73.4964752197,0.33349609375,0.102362204724,0.511811023622,158668524
350.846160889,73.6339111328,0.3349609375,0.102362204724,0.511811023622,158668528
353.015625,73.688873291,0.3359375,0.102362204724,0.511811023622,158668534
355.215667725,73.6064147949,0.337890625,0.102362204724,0.496062992126,158668539
357.262908936,73.3865356445,0.33837890625,0.102362204724,0.496062992126,158668545
359.15737915,73.0841827393,0.33935546875,0.102362204724,0.496062992126,158668549
360.776824951,72.781829834,0.33984375,0.102362204724,0.496062992126,158668555
362.151824951,72.4244995117,0.34033203125,0.102362204724,0.496062992126,158668559
363.221282959,72.0671844482,0.33935546875,0.102362204724,0.496062992126,158668565
364.076873779,71.6823730469,0.33544921875,0.102362204724,0.496062992126,158668569
364.718536377,71.2425842285,0.3271484375,0.102362204724,0.496062992126,158668574
365.14630127,70.747833252,0.30419921875,0.102362204724,0.496062992126,158668579
365.421325684,70.1980895996,0.2626953125,0.102362204724,0.496062992126,158668585
365.57409668,69.5109405518,0.20556640625,0.102362204724,0.496062992126,158668589
365.69631958,68.7138214111,0.12109375,0.102362204724,0.496062992126,158668595
365.81854248,67.8342590332,0.0146484375,0.102362204724,0.496062992126,158668599
365.940765381,66.8997192383,0.0146484375,0.102362204724,0.511811023622,158668605
0,0,0,0,0,0
394.052154541,44.0584411621,0.189453125,0.149606299213,0.511811023622,158669117
393.868835449,44.6631469727,0.19140625,0.149606299213,0.511811023622,158669122
393.746612549,45.1853942871,0.1904296875,0.149606299213,0.511811023622,158669127
393.68548584,45.7626037598,0.1904296875,0.149606299213,0.527559055118,158669132
393.716064453,46.3398132324,0.19189453125,0.149606299213,0.527559055118,158669137
393.899383545,46.8345794678,0.19482421875,0.133858267717,0.527559055118,158669142
394.204956055,47.3568267822,0.201171875,0.133858267717,0.543307086614,158669147
394.724395752,47.8240966797,0.21142578125,0.133858267717,0.543307086614,158669153
395.48828125,48.4013061523,0.22412109375,0.133858267717,0.543307086614,158669157
396.435516357,48.9510345459,0.2353515625,0.133858267717,0.543307086614,158669162
397.688323975,49.4457855225,0.2451171875,0.133858267717,0.543307086614,158669167
399.154998779,49.8580932617,0.25244140625,0.133858267717,0.543307086614,158669172
400.713348389,50.10546875,0.2578125,0.11811023622,0.55905511811,158669177
402.45501709,50.2703857422,0.26220703125,0.11811023622,0.55905511811,158669182
404.227264404,50.2429046631,0.263671875,0.11811023622,0.55905511811,158669187
406.06060791,50.0779876709,0.26513671875,0.11811023622,0.55905511811,158669192
407.985626221,49.7481384277,0.26708984375,0.102362204724,0.543307086614,158669197
409.880096436,49.1709289551,0.267578125,0.102362204724,0.543307086614,158669203
411.713439941,48.4837646484,0.2685546875,0.102362204724,0.543307086614,158669207
413.485687256,47.6316833496,0.2685546875,0.102362204724,0.543307086614,158669212
415.166259766,46.6421661377,0.26953125,0.102362204724,0.543307086614,158669217
416.694061279,45.5701904297,0.27001953125,0.102362204724,0.543307086614,158669223
418.099639893,44.3882751465,0.271484375,0.102362204724,0.543307086614,158669227
419.352416992,43.0964202881,0.2724609375,0.102362204724,0.543307086614,158669233
420.421875,41.7495727539,0.2734375,0.102362204724,0.543307086614,158669238
421.36907959,40.3202819824,0.27392578125,0.0866141732283,0.543307086614,158669243
422.194091797,38.8909759521,0.27490234375,0.0866141732283,0.543307086614,158669248
422.866333008,37.4342041016,0.27587890625,0.0866141732283,0.543307086614,158669253
423.294128418,36.1698150635,0.2763671875,0.0866141732283,0.527559055118,158669258
423.569152832,35.0978393555,0.27685546875,0.0866141732283,0.527559055118,158669263
423.660827637,34.3007354736,0.27880859375,0.0866141732283,0.527559055118,158669268
423.477478027,33.723526001,0.2802734375,0.102362204724,0.527559055118,158669273
423.08026123,33.2287597656,0.28125,0.102362204724,0.527559055118,158669278
422.40802002,32.8164672852,0.28076171875,0.102362204724,0.527559055118,158669283
421.36907959,32.4041748047,0.2802734375,0.102362204724,0.511811023622,158669288
420.055236816,31.9918670654,0.2802734375,0.102362204724,0.511811023622,158669293
418.405181885,31.6620330811,0.2802734375,0.102362204724,0.511811023622,158669298
416.541290283,31.4146575928,0.2802734375,0.102362204724,0.511811023622,158669303
414.585693359,31.3047027588,0.279296875,0.102362204724,0.511811023622,158669308
412.630126953,31.3321990967,0.27880859375,0.102362204724,0.511811023622,158669314
410.796783447,31.5520935059,0.27880859375,0.102362204724,0.511811023622,158669318
409.177307129,31.9918670654,0.2783203125,0.102362204724,0.511811023622,158669323
407.74118042,32.6790313721,0.27880859375,0.0866141732283,0.511811023622,158669328
406.48840332,33.5860900879,0.279296875,0.0866141732283,0.511811023622,158669334
405.357849121,34.740524292,0.28173828125,0.0866141732283,0.511811023622,158669338
404.2578125,36.1148529053,0.287109375,0.0866141732283,0.511811023622,158669344
403.249481201,37.791519165,0.2939453125,0.0866141732283,0.511811023622,158669349
402.210571289,39.798034668,0.3017578125,0.0866141732283,0.511811023622,158669353
401.20223999,41.941986084,0.3095703125,0.0866141732283,0.511811023622,158669358
400.255004883,44.2508392334,0.31640625,0.0866141732283,0.511811023622,158669364
399.460540771,46.7246246338,0.32275390625,0.0866141732283,0.511811023622,158669368
398.941101074,49.2533874512,0.32763671875,0.0866141732283,0.527559055118,158669374
398.666107178,51.7546539307,0.33056640625,0.0866141732283,0.527559055118,158669378
398.727203369,54.1734619141,0.33251953125,0.0866141732283,0.527559055118,158669383
399.09387207,56.4548492432,0.3349609375,0.102362204724,0.527559055118,158669389
399.796661377,58.5988006592,0.3369140625,0.102362204724,0.527559055118,158669394
400.835571289,60.6877746582,0.337890625,0.102362204724,0.527559055118,158669398
402.149475098,62.7217712402,0.33984375,0.102362204724,0.527559055118,158669404
403.585601807,64.6733093262,0.33984375,0.102362204724,0.527559055118,158669408
405.143951416,66.4874267578,0.3408203125,0.102362204724,0.511811023622,158669414
406.824523926,68.2190704346,0.34228515625,0.102362204724,0.511811023622,158669418
408.59677124,69.8132781982,0.3427734375,0.102362204724,0.511811023622,158669424
410.491210938,71.3250427246,0.34326171875,0.102362204724,0.496062992126,158669428
412.599578857,72.6443939209,0.3427734375,0.102362204724,0.496062992126,158669435
414.921813965,73.8263092041,0.3427734375,0.102362204724,0.496062992126,158669439
417.457946777,74.815826416,0.341796875,0.102362204724,0.48031496063,158669444
420.116333008,75.6129302979,0.33935546875,0.102362204724,0.48031496063,158669449
422.958007812,76.2451171875,0.3359375,0.102362204724,0.48031496063,158669454
425.83026123,76.6299285889,0.33154296875,0.102362204724,0.464566929134,158669459
428.671936035,76.8773193359,0.32861328125,0.102362204724,0.464566929134,158669464
431.452514648,77.0147399902,0.3212890625,0.102362204724,0.464566929134,158669469
434.019226074,77.0697174072,0.31640625,0.102362204724,0.464566929134,158669475
436.494262695,77.0971984863,0.31005859375,0.102362204724,0.464566929134,158669479
438.724853516,77.0422363281,0.30078125,0.102362204724,0.464566929134,158669484
440.802612305,76.904800415,0.2919921875,0.102362204724,0.464566929134,158669489
442.69708252,76.712387085,0.28955078125,0.102362204724,0.464566929134,158669494
444.377685547,76.4100494385,0.2861328125,0.102362204724,0.464566929134,158669499
445.844360352,76.1351776123,0.275390625,0.102362204724,0.464566929134,158669505
447.066589355,75.832824707,0.26806640625,0.102362204724,0.464566929134,158669509
448.136047363,75.4754943848,0.265625,0.102362204724,0.48031496063,158669514
448.991638184,75.1181793213,0.26416015625,0.102362204724,0.48031496063,158669519
449.755493164,74.7333679199,0.26318359375,0.102362204724,0.48031496063,158669524
450.366638184,74.3760375977,0.26025390625,0.102362204724,0.48031496063,158669529
450.916625977,74.0736846924,0.25537109375,0.102362204724,0.48031496063,158669534
451.374938965,73.8263092041,0.244140625,0.102362204724,0.48031496063,158669539
451.741638184,73.6339111328,0.228515625,0.102362204724,0.48031496063,158669546
451.986083984,73.3865356445,0.2021484375,0.102362204724,0.48031496063,158669549
452.13885498,73.1941223145,0.1591796875,0.102362204724,0.48031496063,158669554
452.169433594,72.9467468262,0.1181640625,0.102362204724,0.48031496063,158669559
452.016662598,72.671875,0.07470703125,0.102362204724,0.48031496063,158669565
451.772216797,72.4519805908,0.07470703125,0.102362204724,0.48031496063,158669569
0,0,0,0,0,0
544.875915527,28.3911437988,0.1064453125,0.165354330709,0.55905511811,158673411
544.692565918,28.3911437988,0.11279296875,0.165354330709,0.55905511811,158673416
544.570373535,28.3636627197,0.11328125,0.165354330709,0.55905511811,158673421
544.47869873,28.3361663818,0.11376953125,0.165354330709,0.55905511811,158673426
544.47869873,28.3361663818,0.11669921875,0.165354330709,0.55905511811,158673431
544.356445312,28.3086853027,0.12548828125,0.165354330709,0.55905511811,158673436
544.356445312,28.3086853027,0.13671875,0.149606299213,0.55905511811,158673441
544.356445312,28.3086853027,0.14111328125,0.149606299213,0.55905511811,158673446
544.356445312,28.3086853027,0.1455078125,0.149606299213,0.55905511811,158673451
544.417602539,28.2262268066,0.14990234375,0.149606299213,0.55905511811,158673456
544.417602539,28.2262268066,0.1513671875,0.149606299213,0.55905511811,158673461
544.509277344,28.2537078857,0.1533203125,0.149606299213,0.55905511811,158673471
544.509277344,28.2537078857,0.1552734375,0.149606299213,0.55905511811,158673481
544.509277344,28.2537078857,0.15869140625,0.149606299213,0.55905511811,158673491
544.66204834,28.2537078857,0.16455078125,0.149606299213,0.55905511811,158673496
544.845336914,28.2537078857,0.17236328125,0.149606299213,0.55905511811,158673501
545.150939941,28.3636627197,0.1796875,0.149606299213,0.55905511811,158673506
545.639831543,28.4461212158,0.18994140625,0.149606299213,0.55905511811,158673511
546.342590332,28.5285797119,0.19921875,0.149606299213,0.55905511811,158673517
547.381530762,28.6660003662,0.20751953125,0.149606299213,0.55905511811,158673521
548.909301758,28.6934967041,0.21484375,0.149606299213,0.55905511811,158673526
550.987121582,28.7484588623,0.22216796875,0.149606299213,0.55905511811,158673531
553.645446777,28.8034362793,0.2353515625,0.149606299213,0.574803149606,158673536
556.914916992,28.8309326172,0.2421875,0.149606299213,0.574803149606,158673541
560.612182617,28.8309326172,0.25146484375,0.149606299213,0.574803149606,158673547
564.645568848,28.8584136963,0.26025390625,0.133858267717,0.574803149606,158673552
568.862304688,28.8858947754,0.2646484375,0.133858267717,0.574803149606,158673556
573.109558105,28.9133911133,0.26904296875,0.133858267717,0.574803149606,158673562
577.295715332,29.0233306885,0.27197265625,0.133858267717,0.574803149606,158673566
581.329040527,29.1057891846,0.2744140625,0.11811023622,0.574803149606,158673572
585.026306152,29.1882476807,0.27490234375,0.11811023622,0.574803149606,158673576
588.387451172,29.2707061768,0.275390625,0.11811023622,0.574803149606,158673582
591.320861816,29.2707061768,0.275390625,0.102362204724,0.574803149606,158673587
593.856994629,29.2707061768,0.275390625,0.102362204724,0.574803149606,158673592
595.995910645,29.2707061768,0.275390625,0.102362204724,0.574803149606,158673597
597.798706055,29.2707061768,0.275390625,0.102362204724,0.574803149606,158673602
599.204223633,29.2707061768,0.275390625,0.102362204724,0.574803149606,158673607
600.304260254,29.2707061768,0.27587890625,0.0866141732283,0.574803149606,158673612
601.098693848,29.2707061768,0.27685546875,0.0866141732283,0.574803149606,158673617
601.679260254,29.2707061768,0.27734375,0.0866141732283,0.574803149606,158673622
602.015380859,29.2432250977,0.27880859375,0.0866141732283,0.574803149606,158673627
602.198730469,29.2157440186,0.28076171875,0.0866141732283,0.574803149606,158673632
602.320922852,29.1607666016,0.287109375,0.0866141732283,0.55905511811,158673637
602.320922852,29.1607666016,0.2978515625,0.0866141732283,0.55905511811,158673642
602.412597656,29.0233306885,0.3076171875,0.0866141732283,0.55905511811,158673647
602.412597656,29.0233306885,0.3154296875,0.0866141732283,0.55905511811,158673653
602.412597656,29.0233306885,0.32275390625,0.0866141732283,0.55905511811,158673657
602.382080078,28.9408721924,0.33056640625,0.102362204724,0.55905511811,158673662
602.382080078,28.9408721924,0.3369140625,0.0866141732283,0.55905511811,158673667
602.382080078,28.9408721924,0.34130859375,0.0866141732283,0.55905511811,158673672
602.382080078,28.9408721924,0.3447265625,0.0866141732283,0.55905511811,158673677
602.290405273,28.8858947754,0.34619140625,0.0866141732283,0.55905511811,158673682
602.290405273,28.8858947754,0.34423828125,0.0866141732283,0.574803149606,158673707
602.290405273,28.8858947754,0.3427734375,0.0708661417323,0.574803149606,158673713
602.290405273,28.8858947754,0.34130859375,0.0708661417323,0.574803149606,158673717
602.290405273,28.8858947754,0.337890625,0.0708661417323,0.574803149606,158673723
602.25982666,29.0233306885,0.3359375,0.0708661417323,0.574803149606,158673727
602.382080078,29.1882476807,0.3349609375,0.0708661417323,0.574803149606,158673733
602.565368652,29.4631195068,0.33447265625,0.0708661417323,0.574803149606,158673737
602.840393066,29.9028930664,0.33349609375,0.0708661417323,0.574803149606,158673742
603.298706055,30.45262146,0.3330078125,0.0708661417323,0.574803149606,158673748
603.757080078,31.1672821045,0.3330078125,0.0708661417323,0.574803149606,158673753
604.337646484,32.0193634033,0.33349609375,0.0708661417323,0.574803149606,158673757
604.979309082,33.0363616943,0.3330078125,0.0708661417323,0.574803149606,158673763
605.651550293,34.1907958984,0.33251953125,0.0708661417323,0.574803149606,158673768
606.507080078,35.5926055908,0.33349609375,0.0551181102362,0.574803149606,158673773
607.484863281,37.2143096924,0.33349609375,0.0551181102362,0.574803149606,158673778
608.615478516,39.0558929443,0.333984375,0.0551181102362,0.574803149606,158673783
609.898803711,41.1998443604,0.33349609375,0.0551181102362,0.574803149606,158673788
611.334899902,43.5087127686,0.333984375,0.0551181102362,0.574803149606,158673793
612.893249512,45.927520752,0.333984375,0.0551181102362,0.590551181102,158673798
614.512756348,48.3463287354,0.333984375,0.0551181102362,0.590551181102,158673803
616.101623535,50.6551971436,0.33349609375,0.0551181102362,0.590551181102,158673808
617.507202148,52.7991485596,0.33349609375,0.0551181102362,0.590551181102,158673813
618.729431152,54.8606262207,0.33251953125,0.0551181102362,0.590551181102,158673818
619.676696777,56.8396606445,0.3310546875,0.0393700787402,0.590551181102,158673824
620.379455566,58.9011535645,0.330078125,0.0393700787402,0.606299212598,158673828
620.83782959,61.0725860596,0.32763671875,0.0393700787402,0.590551181102,158673833
620.990600586,63.3264770508,0.3271484375,0.0393700787402,0.590551181102,158673838
620.929443359,65.7452850342,0.32666015625,0.0393700787402,0.590551181102,158673843
620.562805176,68.2465515137,0.32666015625,0.0393700787402,0.574803149606,158673848
619.951660156,70.7203369141,0.326171875,0.0393700787402,0.574803149606,158673854
619.187805176,73.2216033936,0.326171875,0.0393700787402,0.574803149606,158673858
618.210021973,75.6404266357,0.3271484375,0.0393700787402,0.55905511811,158673864
617.140563965,77.9492797852,0.3271484375,0.0393700787402,0.55905511811,158673868
615.979431152,80.0657501221,0.32763671875,0.0393700787402,0.543307086614,158673874
614.757202148,82.072265625,0.328125,0.0393700787402,0.543307086614,158673878
613.412719727,83.9688262939,0.32861328125,0.0393700787402,0.527559055118,158673883
612.037719727,85.7004699707,0.3291015625,0.0393700787402,0.527559055118,158673888
610.6015625,87.3496704102,0.32958984375,0.0551181102362,0.511811023622,158673894
609.134887695,88.8064422607,0.330078125,0.0551181102362,0.511811023622,158673898
607.637695312,90.0708312988,0.33056640625,0.0551181102362,0.496062992126,158673903
606.140441895,91.197769165,0.3310546875,0.0551181102362,0.496062992126,158673908
604.612609863,92.1598052979,0.33251953125,0.0551181102362,0.496062992126,158673913
602.993164062,92.9019317627,0.33349609375,0.0551181102362,0.496062992126,158673918
601.251464844,93.4791564941,0.33544921875,0.0551181102362,0.496062992126,158673924
599.357055664,93.8914489746,0.3359375,0.0551181102362,0.496062992126,158673928
597.27923584,94.1663208008,0.3369140625,0.0551181102362,0.496062992126,158673933
595.109741211,94.3861999512,0.337890625,0.0551181102362,0.496062992126,158673938
592.756958008,94.4411773682,0.3388671875,0.0551181102362,0.496062992126,158673943
590.373596191,94.331237793,0.33984375,0.0708661417323,0.48031496063,158673949
587.990234375,94.0838623047,0.34521484375,0.0708661417323,0.48031496063,158673954
585.729125977,93.6715545654,0.3466796875,0.0708661417323,0.48031496063,158673959
583.651306152,93.149307251,0.34765625,0.0708661417323,0.48031496063,158673964
581.909606934,92.4896392822,0.3486328125,0.0708661417323,0.48031496063,158673969
580.473510742,91.6650390625,0.3486328125,0.0708661417323,0.48031496063,158673974
579.342956543,90.7579956055,0.34912109375,0.0866141732283,0.48031496063,158673979
578.426269531,89.7409973145,0.3466796875,0.0866141732283,0.48031496063,158673984
577.50958252,88.6690216064,0.345703125,0.0866141732283,0.48031496063,158673989
576.684570312,87.6520233154,0.3447265625,0.0866141732283,0.48031496063,158673994
575.829040527,86.7449645996,0.341796875,0.102362204724,0.48031496063,158673999
575.09564209,85.9203643799,0.33837890625,0.102362204724,0.48031496063,158674004
574.545654297,85.178237915,0.33203125,0.102362204724,0.48031496063,158674009
574.087341309,84.4635772705,0.31982421875,0.102362204724,0.48031496063,158674014
573.812316895,83.7214508057,0.29931640625,0.102362204724,0.48031496063,158674019
573.628967285,83.0068054199,0.2763671875,0.102362204724,0.48031496063,158674024
573.506774902,82.3196411133,0.23388671875,0.102362204724,0.48031496063,158674029
573.476196289,81.4950408936,0.17919921875,0.102362204724,0.496062992126,158674034
573.506774902,80.6704559326,0.119140625,0.102362204724,0.496062992126,158674039
573.72064209,79.7908782959,0.021484375,0.102362204724,0.496062992126,158674044
574.179016113,78.856338501,0.021484375,0.102362204724,0.496062992126,158674049
0,0,0,0,0,0
662.393798828,31.2497406006,0.17724609375,0.0551181102362,0.55905511811,158674858
662.302124023,31.0573272705,0.17822265625,0.0551181102362,0.55905511811,158674864
662.210449219,30.9198913574,0.17529296875,0.0393700787402,0.55905511811,158674869
662.210449219,30.9198913574,0.16455078125,0.0393700787402,0.574803149606,158674874
662.302124023,30.8649291992,0.16357421875,0.0393700787402,0.574803149606,158674879
662.424316406,30.8649291992,0.16357421875,0.0393700787402,0.574803149606,158674889
662.424316406,30.8649291992,0.166015625,0.0393700787402,0.574803149606,158674894
662.424316406,30.8649291992,0.16748046875,0.0393700787402,0.574803149606,158674899
662.332641602,30.9198913574,0.16796875,0.0393700787402,0.574803149606,158674905
662.332641602,30.9198913574,0.16943359375,0.0236220472441,0.590551181102,158674909
662.27154541,31.0023651123,0.17236328125,0.0236220472441,0.590551181102,158674914
662.210449219,31.1397857666,0.1767578125,0.0236220472441,0.590551181102,158674919
662.149353027,31.3321990967,0.1787109375,0.0236220472441,0.590551181102,158674924
662.118774414,31.634552002,0.18115234375,0.0236220472441,0.590551181102,158674929
662.057678223,31.9643859863,0.1826171875,0.0236220472441,0.590551181102,158674935
662.027099609,32.3766784668,0.18115234375,0.0236220472441,0.590551181102,158674939
661.966003418,32.9264068604,0.18505859375,0.0236220472441,0.590551181102,158674946
661.904907227,33.613571167,0.19189453125,0.0236220472441,0.590551181102,158674949
661.874328613,34.4381713867,0.2021484375,0.0236220472441,0.590551181102,158674954
661.874328613,35.4826507568,0.2041015625,0.0236220472441,0.590551181102,158674959
661.904907227,36.6645812988,0.20703125,0.0236220472441,0.590551181102,158674964
661.904907227,38.0114135742,0.20654296875,0.0236220472441,0.590551181102,158674969
661.874328613,39.5231628418,0.208984375,0.0236220472441,0.590551181102,158674975
661.874328613,41.1173858643,0.21240234375,0.0236220472441,0.606299212598,158674979
661.874328613,42.7940673828,0.2177734375,0.0236220472441,0.606299212598,158674984
661.874328613,44.6356506348,0.22216796875,0.0236220472441,0.606299212598,158674989
661.935424805,46.5597076416,0.22802734375,0.0236220472441,0.606299212598,158674995
662.088195801,48.7311401367,0.23583984375,0.0236220472441,0.606299212598,158674999
662.332641602,50.8750915527,0.240234375,0.0236220472441,0.606299212598,158675004
662.760437012,52.9915466309,0.2451171875,0.0236220472441,0.606299212598,158675009
663.31048584,55.1080169678,0.24609375,0.0236220472441,0.622047244094,158675015
663.982666016,57.0595550537,0.2470703125,0.0236220472441,0.622047244094,158675019
664.777160645,59.0385742188,0.248046875,0.0236220472441,0.622047244094,158675025
665.63269043,60.9901275635,0.25,0.0236220472441,0.622047244094,158675029
666.579956055,62.8866882324,0.2509765625,0.0236220472441,0.606299212598,158675035
667.588256836,64.6458282471,0.2529296875,0.0236220472441,0.606299212598,158675040
668.688293457,66.3499908447,0.2529296875,0.0236220472441,0.606299212598,158675045
669.910522461,67.9441986084,0.25537109375,0.0236220472441,0.590551181102,158675050
671.285522461,69.3735046387,0.25634765625,0.0236220472441,0.590551181102,158675055
672.660522461,70.6653594971,0.2568359375,0.0236220472441,0.590551181102,158675060
674.035583496,71.7923126221,0.2578125,0.0236220472441,0.574803149606,158675065
675.318908691,72.7543334961,0.2578125,0.0236220472441,0.574803149606,158675070
676.418945312,73.5514526367,0.2578125,0.0236220472441,0.574803149606,158675075
677.457824707,74.1286621094,0.255859375,0.0236220472441,0.574803149606,158675080
678.343933105,74.5134735107,0.25537109375,0.0236220472441,0.55905511811,158675085
679.077270508,74.6783905029,0.25537109375,0.0236220472441,0.55905511811,158675090
679.718933105,74.7333679199,0.25634765625,0.0236220472441,0.55905511811,158675095
680.299499512,74.6234283447,0.25732421875,0.0236220472441,0.55905511811,158675100
680.818969727,74.3760375977,0.25830078125,0.0236220472441,0.55905511811,158675105
681.399536133,73.9912261963,0.25927734375,0.0236220472441,0.55905511811,158675110
681.949523926,73.3590393066,0.2607421875,0.0236220472441,0.55905511811,158675115
682.560668945,72.5619354248,0.26123046875,0.0236220472441,0.55905511811,158675120
683.294006348,71.6273956299,0.2607421875,0.0236220472441,0.55905511811,158675125
684.02734375,70.4729614258,0.259765625,0.0236220472441,0.55905511811,158675130
684.791259766,69.1810913086,0.2607421875,0.0236220472441,0.55905511811,158675135
685.494018555,67.7518005371,0.2607421875,0.0236220472441,0.55905511811,158675140
686.135681152,66.2400360107,0.259765625,0.0236220472441,0.55905511811,158675145
686.655151367,64.6183319092,0.26025390625,0.0236220472441,0.55905511811,158675150
687.113464355,62.9966430664,0.26171875,0.0236220472441,0.574803149606,158675155
687.480163574,61.347442627,0.26123046875,0.0236220472441,0.574803149606,158675160
687.694030762,59.6707763672,0.259765625,0.0236220472441,0.574803149606,158675165
687.907958984,58.0765533447,0.25927734375,0.0236220472441,0.574803149606,158675170
688.06072998,56.4548492432,0.25927734375,0.0236220472441,0.574803149606,158675175
688.213500977,54.8881225586,0.25927734375,0.0236220472441,0.574803149606,158675181
688.366271973,53.2938995361,0.25927734375,0.0236220472441,0.590551181102,158675185
688.519042969,51.7271728516,0.25830078125,0.0236220472441,0.590551181102,158675190
688.671813965,50.1879272461,0.25830078125,0.0236220472441,0.590551181102,158675196
688.732910156,48.7036590576,0.25830078125,0.0236220472441,0.590551181102,158675201
688.824584961,47.3018493652,0.2587890625,0.00787401574803,0.590551181102,158675206
688.824584961,46.009979248,0.2587890625,0.00787401574803,0.606299212598,158675211
688.824584961,44.9105224609,0.2626953125,0.00787401574803,0.606299212598,158675216
688.794067383,43.9485015869,0.26416015625,0.00787401574803,0.606299212598,158675221
688.76348877,43.2063598633,0.26806640625,0.00787401574803,0.606299212598,158675226
688.702392578,42.6566314697,0.2734375,0.00787401574803,0.606299212598,158675231
688.641296387,42.2443389893,0.27880859375,0.00787401574803,0.606299212598,158675236
688.58013916,41.941986084,0.283203125,0.00787401574803,0.606299212598,158675241
688.519042969,41.7770690918,0.287109375,0.00787401574803,0.606299212598,158675246
688.457946777,41.6671142578,0.2841796875,0.00787401574803,0.590551181102,158675251
688.457946777,41.6671142578,0.27978515625,0.00787401574803,0.590551181102,158675256
688.457946777,41.6671142578,0.275390625,0.00787401574803,0.590551181102,158675261
688.396850586,41.941986084,0.27294921875,0.00787401574803,0.590551181102,158675266
688.396850586,42.4092559814,0.27392578125,0.00787401574803,0.590551181102,158675271
688.335693359,43.1239013672,0.27392578125,0.00787401574803,0.606299212598,158675276
688.274597168,44.1134185791,0.2744140625,0.00787401574803,0.606299212598,158675281
688.213500977,45.2678527832,0.2744140625,0.00787401574803,0.606299212598,158675286
688.244018555,46.5872039795,0.27490234375,0.00787401574803,0.606299212598,158675291
688.335693359,48.0439758301,0.27490234375,0.00787401574803,0.606299212598,158675296
688.549621582,49.5832214355,0.275390625,0.00787401574803,0.606299212598,158675301
688.824584961,51.122467041,0.275390625,0.00787401574803,0.606299212598,158675306
689.099609375,52.5792541504,0.27587890625,0.00787401574803,0.606299212598,158675311
689.466308594,54.0360412598,0.27587890625,0.00787401574803,0.606299212598,158675316
689.894042969,55.4928131104,0.2763671875,0.00787401574803,0.606299212598,158675321
690.413513184,57.0045776367,0.2763671875,0.00787401574803,0.606299212598,158675326
691.055175781,58.5438232422,0.2763671875,0.00787401574803,0.606299212598,158675331
691.849609375,60.0830688477,0.27734375,0.00787401574803,0.606299212598,158675336
692.735778809,61.5673370361,0.27880859375,0.00787401574803,0.606299212598,158675341
693.774658203,63.1065826416,0.279296875,0.00787401574803,0.590551181102,158675346
694.966308594,64.6183319092,0.2802734375,0.00787401574803,0.590551181102,158675352
696.280212402,66.0751190186,0.28076171875,0.00787401574803,0.590551181102,158675357
697.808044434,67.5868835449,0.28369140625,0.00787401574803,0.590551181102,158675362
699.549743652,69.0161743164,0.291015625,0.00787401574803,0.590551181102,158675366
701.535827637,70.4179840088,0.29833984375,0.00787401574803,0.574803149606,158675372
703.79699707,71.7373352051,0.30517578125,0.00787401574803,0.574803149606,158675377
706.30255127,72.9742279053,0.30810546875,0.00787401574803,0.574803149606,158675382
709.083129883,74.1011810303,0.31103515625,0.00787401574803,0.574803149606,158675386
711.894287109,75.2006378174,0.31298828125,0.00787401574803,0.55905511811,158675392
714.522094727,76.0802001953,0.31298828125,-0.00787401574803,0.55905511811,158675397
716.844360352,76.7948608398,0.31103515625,-0.00787401574803,0.55905511811,158675403
718.738769531,77.3720703125,0.29443359375,-0.00787401574803,0.55905511811,158675407
720.236022949,77.6744232178,0.26025390625,-0.00787401574803,0.55905511811,158675412
721.33605957,77.894317627,0.1943359375,-0.00787401574803,0.55905511811,158675417
722.130493164,77.9217987061,0.10693359375,-0.00787401574803,0.55905511811,158675422
722.619384766,77.83934021,0.10693359375,-0.00787401574803,0.543307086614,158675427
0,0,0,0,0,0
745.566833496,73.3590393066,0.2431640625,0.0393700787402,0.55905511811,158676081
745.475158691,74.2111206055,0.24560546875,0.0393700787402,0.543307086614,158676085
745.444641113,74.870803833,0.2470703125,0.0393700787402,0.543307086614,158676091
745.689086914,75.4480133057,0.24951171875,0.0393700787402,0.543307086614,158676095
746.055725098,75.942779541,0.25537109375,0.0393700787402,0.543307086614,158676101
746.575195312,76.3550720215,0.26513671875,0.0393700787402,0.543307086614,158676105
747.155761719,76.767364502,0.27490234375,0.0236220472441,0.543307086614,158676111
747.705749512,77.0422363281,0.287109375,0.0236220472441,0.543307086614,158676116
748.316894531,77.3170928955,0.296875,0.0236220472441,0.543307086614,158676121
748.927978516,77.5095062256,0.30712890625,0.0236220472441,0.543307086614,158676126
749.569641113,77.5644683838,0.31689453125,0.0236220472441,0.543307086614,158676131
750.211364746,77.5369873047,0.326171875,0.0236220472441,0.543307086614,158676136
750.914123535,77.3445892334,0.3330078125,0.0236220472441,0.543307086614,158676141
751.647460938,76.959777832,0.33740234375,0.0236220472441,0.543307086614,158676146
752.503051758,76.3825531006,0.34033203125,0.0236220472441,0.543307086614,158676151
753.419677734,75.6129302979,0.3408203125,0.00787401574803,0.543307086614,158676156
754.397521973,74.6509094238,0.3408203125,0.00787401574803,0.543307086614,158676161
755.436401367,73.5239562988,0.34130859375,0.00787401574803,0.543307086614,158676166
756.475280762,72.1771240234,0.3408203125,0.00787401574803,0.543307086614,158676171
757.575317383,70.6103973389,0.33935546875,0.00787401574803,0.543307086614,158676176
758.675292969,68.8237762451,0.337890625,0.00787401574803,0.543307086614,158676181
759.805908203,66.8447418213,0.3330078125,0.00787401574803,0.543307086614,158676186
760.997558594,64.7282867432,0.328125,0.00787401574803,0.543307086614,158676191
762.219787598,62.5018768311,0.32275390625,0.00787401574803,0.55905511811,158676196
763.442016602,60.2754669189,0.31884765625,0.00787401574803,0.55905511811,158676201
764.694824219,58.1315307617,0.31884765625,0.00787401574803,0.55905511811,158676206
765.79486084,55.9875793457,0.31982421875,0.00787401574803,0.574803149606,158676211
766.74206543,54.0360412598,0.3203125,-0.00787401574803,0.574803149606,158676216
767.505981445,52.139465332,0.31982421875,-0.00787401574803,0.574803149606,158676221
768.086547852,50.3528442383,0.318359375,-0.00787401574803,0.590551181102,158676226
768.453186035,48.7311401367,0.31884765625,-0.00787401574803,0.590551181102,158676231
768.667114258,47.1094360352,0.3193359375,-0.00787401574803,0.590551181102,158676236
768.758728027,45.5701904297,0.31982421875,-0.00787401574803,0.590551181102,158676241
768.758728027,43.975982666,0.3212890625,-0.0236220472441,0.606299212598,158676246
768.667114258,42.4092559814,0.3212890625,-0.0236220472441,0.606299212598,158676251
768.54486084,40.8974914551,0.3212890625,-0.0236220472441,0.606299212598,158676256
768.330993652,39.3857421875,0.3212890625,-0.0236220472441,0.590551181102,158676262
768.055969238,37.8739776611,0.3193359375,-0.0236220472441,0.590551181102,158676266
767.811523438,36.3072509766,0.31787109375,-0.0236220472441,0.590551181102,158676272
767.505981445,34.8229827881,0.31640625,-0.0393700787402,0.590551181102,158676276
767.16986084,33.3936767578,0.31201171875,-0.0393700787402,0.590551181102,158676282
766.772644043,32.0743255615,0.30859375,-0.0393700787402,0.590551181102,158676286
766.253173828,30.8374328613,0.3056640625,-0.0393700787402,0.590551181102,158676292
765.703186035,29.7104949951,0.29736328125,-0.0393700787402,0.590551181102,158676297
765.061462402,28.7209777832,0.29052734375,-0.0393700787402,0.590551181102,158676302
764.358703613,27.8963775635,0.2890625,-0.0393700787402,0.590551181102,158676306
763.717041016,27.3191680908,0.28466796875,-0.0393700787402,0.590551181102,158676312
763.167053223,26.9618377686,0.283203125,-0.0393700787402,0.590551181102,158676317
762.739257812,26.8793792725,0.28173828125,-0.0393700787402,0.590551181102,158676322
762.43371582,26.9893341064,0.2802734375,-0.0393700787402,0.590551181102,158676327
762.067016602,27.2641906738,0.27978515625,-0.0393700787402,0.590551181102,158676332
761.517028809,27.8414154053,0.2802734375,-0.0551181102362,0.590551181102,158676337
760.844787598,28.5835418701,0.2822265625,-0.0551181102362,0.606299212598,158676342
759.989196777,29.518081665,0.28466796875,-0.0551181102362,0.606299212598,158676347
759.103088379,30.6725158691,0.2861328125,-0.0551181102362,0.606299212598,158676353
758.21697998,32.0193634033,0.287109375,-0.0551181102362,0.606299212598,158676357
757.300292969,33.4761352539,0.287109375,-0.0551181102362,0.606299212598,158676362
756.444763184,35.1528167725,0.28857421875,-0.0551181102362,0.606299212598,158676367
755.711425781,37.0218963623,0.28955078125,-0.0551181102362,0.606299212598,158676372
755.008605957,39.1383666992,0.2900390625,-0.0551181102362,0.606299212598,158676377
754.428039551,41.4197387695,0.29052734375,-0.0551181102362,0.606299212598,158676382
753.939147949,43.8385467529,0.2919921875,-0.0551181102362,0.606299212598,158676387
753.541931152,46.3123321533,0.29296875,-0.0551181102362,0.606299212598,158676393
753.175231934,48.7311401367,0.29638671875,-0.0551181102362,0.606299212598,158676397
752.869689941,51.0125274658,0.2998046875,-0.0551181102362,0.606299212598,158676403
752.655822754,53.1839599609,0.30615234375,-0.0393700787402,0.606299212598,158676407
752.503051758,55.3004150391,0.3134765625,-0.0393700787402,0.606299212598,158676413
752.472473145,57.361907959,0.3203125,-0.0393700787402,0.606299212598,158676417
752.564147949,59.450881958,0.32763671875,-0.0393700787402,0.606299212598,158676423
752.80859375,61.539855957,0.33056640625,-0.0393700787402,0.590551181102,158676427
753.23638916,63.6288299561,0.33349609375,-0.0393700787402,0.590551181102,158676432
753.786376953,65.6903076172,0.33544921875,-0.0393700787402,0.590551181102,158676437
754.519714355,67.724319458,0.337890625,-0.0393700787402,0.590551181102,158676443
755.314147949,69.7308197021,0.33935546875,-0.0393700787402,0.574803149606,158676447
756.16973877,71.654876709,0.34130859375,-0.0393700787402,0.574803149606,158676453
757.147521973,73.5514526367,0.3427734375,-0.0393700787402,0.574803149606,158676457
758.155883789,75.4205322266,0.3447265625,-0.0236220472441,0.55905511811,158676463
759.133666992,77.2071533203,0.34765625,-0.0236220472441,0.55905511811,158676467
760.233642578,78.911315918,0.34912109375,-0.0236220472441,0.55905511811,158676473
761.333679199,80.5055236816,0.35205078125,-0.0236220472441,0.543307086614,158676477
762.494812012,81.9898071289,0.35400390625,-0.0236220472441,0.543307086614,158676483
763.717041016,83.3641204834,0.35791015625,-0.0236220472441,0.543307086614,158676487
765.030944824,84.6834716797,0.35986328125,-0.0236220472441,0.527559055118,158676493
766.436523438,85.9478607178,0.3623046875,-0.0236220472441,0.527559055118,158676498
767.964294434,87.074798584,0.36328125,-0.00787401574803,0.527559055118,158676503
769.614318848,88.1742553711,0.36474609375,-0.00787401574803,0.527559055118,158676508
771.386535645,89.1362915039,0.36669921875,-0.00787401574803,0.511811023622,158676513
773.219909668,89.9333953857,0.36767578125,-0.00787401574803,0.511811023622,158676518
775.144897461,90.6480407715,0.3681640625,-0.00787401574803,0.511811023622,158676523
777.161621094,91.252746582,0.36962890625,-0.00787401574803,0.511811023622,158676528
779.208862305,91.7749938965,0.3701171875,-0.00787401574803,0.511811023622,158676533
781.286682129,92.2147674561,0.37060546875,-0.00787401574803,0.511811023622,158676538
783.456115723,92.5446166992,0.37109375,-0.00787401574803,0.511811023622,158676543
785.503356934,92.7370147705,0.37109375,-0.00787401574803,0.511811023622,158676548
787.428405762,92.8469696045,0.369140625,-0.00787401574803,0.511811023622,158676553
789.200622559,92.9019317627,0.36669921875,-0.00787401574803,0.511811023622,158676558
790.575622559,92.9019317627,0.36279296875,-0.0236220472441,0.511811023622,158676563
791.797851562,92.7919921875,0.35791015625,-0.0236220472441,0.511811023622,158676568
792.745117188,92.5995788574,0.3486328125,-0.0236220472441,0.511811023622,158676573
793.570129395,92.269744873,0.3310546875,-0.0236220472441,0.511811023622,158676578
794.242370605,91.8849334717,0.31201171875,-0.0236220472441,0.511811023622,158676583
794.822875977,91.3901824951,0.2958984375,-0.0393700787402,0.511811023622,158676588
795.342346191,90.9229125977,0.275390625,-0.0393700787402,0.496062992126,158676593
795.739562988,90.4006652832,0.24462890625,-0.0393700787402,0.496062992126,158676598
796.075683594,89.8234558105,0.21240234375,-0.0393700787402,0.496062992126,158676604
796.381225586,89.3012084961,0.17919921875,-0.0393700787402,0.496062992126,158676608
796.717346191,88.7239837646,0.1494140625,-0.0393700787402,0.496062992126,158676613
797.022949219,88.0643157959,0.10888671875,-0.0393700787402,0.496062992126,158676618
797.328491211,87.4046325684,0.060546875,-0.0236220472441,0.496062992126,158676624
797.572937012,86.7174835205,0.060546875,-0.0236220472441,0.496062992126,158676628
0,0,0,0,0,0
832.803833008,41.6396331787,0.18603515625,0.0866141732283,0.511811023622,158677549
832.803833008,41.5296783447,0.19091796875,0.0866141732283,0.511811023622,158677554
832.712158203,41.4197387695,0.18603515625,0.0866141732283,0.511811023622,158677558
832.681640625,41.3372802734,0.1865234375,0.0708661417323,0.511811023622,158677564
832.681640625,41.3372802734,0.19189453125,0.0708661417323,0.527559055118,158677568
832.803833008,41.3097991943,0.2099609375,0.0708661417323,0.527559055118,158677574
832.803833008,41.3097991943,0.2265625,0.0708661417323,0.527559055118,158677578
832.803833008,41.3097991943,0.2373046875,0.0708661417323,0.527559055118,158677584
832.77331543,41.2273254395,0.2431640625,0.0708661417323,0.527559055118,158677589
832.77331543,41.2273254395,0.2470703125,0.0551181102362,0.527559055118,158677594
832.681640625,41.1998443604,0.2490234375,0.0551181102362,0.527559055118,158677599
832.681640625,41.3372802734,0.25146484375,0.0551181102362,0.527559055118,158677614
832.651062012,41.5296783447,0.25732421875,0.0551181102362,0.527559055118,158677619
832.498291016,41.83203125,0.263671875,0.0551181102362,0.543307086614,158677624
832.284423828,42.3267974854,0.26806640625,0.0551181102362,0.543307086614,158677629
831.948303223,42.8765258789,0.27099609375,0.0551181102362,0.543307086614,158677635
831.581604004,43.5361938477,0.2734375,0.0551181102362,0.543307086614,158677639
831.21496582,44.3058166504,0.27685546875,0.0551181102362,0.543307086614,158677644
830.756591797,45.1029205322,0.27978515625,0.0551181102362,0.543307086614,158677649
830.267700195,46.064956665,0.283203125,0.0551181102362,0.543307086614,158677655
829.748291016,47.0819549561,0.2861328125,0.0551181102362,0.543307086614,158677659
829.198242188,48.1814117432,0.28955078125,0.0551181102362,0.543307086614,158677664
828.648254395,49.4457855225,0.2939453125,0.0551181102362,0.543307086614,158677669
828.098266602,50.7651367188,0.29833984375,0.0551181102362,0.543307086614,158677675
827.639892578,52.194442749,0.3017578125,0.0551181102362,0.543307086614,158677679
827.18157959,53.7336883545,0.30517578125,0.0551181102362,0.543307086614,158677685
826.906555176,55.3004150391,0.30712890625,0.0551181102362,0.543307086614,158677689
826.631591797,56.9770965576,0.30908203125,0.0551181102362,0.543307086614,158677695
826.478759766,58.7637176514,0.3095703125,0.0551181102362,0.543307086614,158677699
826.387145996,60.6053161621,0.310546875,0.0551181102362,0.543307086614,158677704
826.356567383,62.4468994141,0.31103515625,0.0551181102362,0.527559055118,158677709
826.448242188,64.3434753418,0.3115234375,0.0551181102362,0.527559055118,158677714
826.631591797,66.2675323486,0.3125,0.0551181102362,0.527559055118,158677719
826.906555176,68.1640930176,0.31396484375,0.0551181102362,0.511811023622,158677724
827.273254395,70.0881500244,0.31396484375,0.0551181102362,0.511811023622,158677729
827.792663574,72.0122070312,0.31494140625,0.0551181102362,0.511811023622,158677735
828.37322998,73.8812866211,0.31640625,0.0551181102362,0.496062992126,158677739
829.137145996,75.7228851318,0.318359375,0.0551181102362,0.496062992126,158677745
830.114929199,77.4820098877,0.3212890625,0.0551181102362,0.496062992126,158677750
831.337158203,79.1586914062,0.326171875,0.0551181102362,0.48031496063,158677755
832.803833008,80.6979370117,0.33056640625,0.0551181102362,0.48031496063,158677759
834.484436035,82.1272277832,0.3369140625,0.0551181102362,0.464566929134,158677765
836.287231445,83.4740753174,0.33984375,0.0551181102362,0.464566929134,158677770
838.242797852,84.6010131836,0.34326171875,0.0551181102362,0.464566929134,158677775
840.320617676,85.5905303955,0.345703125,0.0551181102362,0.448818897638,158677780
842.398376465,86.3601531982,0.34765625,0.0551181102362,0.448818897638,158677785
844.598388672,86.8824005127,0.34814453125,0.0393700787402,0.448818897638,158677790
846.767883301,87.2397155762,0.34765625,0.0393700787402,0.448818897638,158677795
848.75402832,87.4321289062,0.34716796875,0.0393700787402,0.448818897638,158677800
850.679016113,87.4046325684,0.34521484375,0.0393700787402,0.448818897638,158677805
852.390136719,87.2672119141,0.3427734375,0.0393700787402,0.433070866142,158677810
853.887390137,86.9923400879,0.34033203125,0.0393700787402,0.433070866142,158677815
855.29296875,86.5525512695,0.3388671875,0.0236220472441,0.433070866142,158677820
856.606872559,86.0852813721,0.33544921875,0.0236220472441,0.433070866142,158677825
857.859680176,85.5630493164,0.33154296875,0.0236220472441,0.433070866142,158677830
858.990234375,84.9583435059,0.32958984375,0.0236220472441,0.433070866142,158677835
860.059692383,84.4086151123,0.32861328125,0.0236220472441,0.433070866142,158677840
861.037475586,83.8588867188,0.328125,0.0236220472441,0.448818897638,158677845
861.83190918,83.4190979004,0.32763671875,0.0236220472441,0.448818897638,158677850
862.534729004,83.0068054199,0.3251953125,0.0236220472441,0.448818897638,158677855
863.11529541,82.6494750977,0.32275390625,0.0236220472441,0.448818897638,158677860
863.481933594,82.3196411133,0.3203125,0.0236220472441,0.448818897638,158677865
863.726379395,82.017288208,0.3125,0.0236220472441,0.448818897638,158677870
863.879150391,81.8248748779,0.29833984375,0.0236220472441,0.448818897638,158677875
863.940246582,81.6599578857,0.27978515625,0.0236220472441,0.448818897638,158677880
863.940246582,81.4400634766,0.25146484375,0.0236220472441,0.448818897638,158677885
863.848632812,81.2751464844,0.20703125,0.0236220472441,0.448818897638,158677890
863.695800781,81.000289917,0.14111328125,0.0236220472441,0.464566929134,158677896
863.573608398,80.6979370117,0.05810546875,0.0236220472441,0.464566929134,158677900
863.420837402,80.3955841064,0.05810546875,0.0236220472441,0.464566929134,158677906
0,0,0,0,0,0
893.579467773,58.1864929199,0.16845703125,0.0708661417323,0.511811023622,158678549
893.518371582,58.6262817383,0.17333984375,0.0708661417323,0.511811023622,158678554
893.579467773,59.0935516357,0.17529296875,0.0708661417323,0.511811023622,158678559
893.793334961,59.6707763672,0.18115234375,0.0708661417323,0.527559055118,158678564
894.251708984,60.357925415,0.201171875,0.0708661417323,0.527559055118,158678569
894.862792969,61.1275482178,0.22314453125,0.0708661417323,0.527559055118,158678574
895.718383789,61.9521484375,0.23876953125,0.0708661417323,0.527559055118,158678579
896.665588379,62.7767486572,0.25927734375,0.0708661417323,0.527559055118,158678584
897.704528809,63.6288299561,0.2734375,0.0708661417323,0.511811023622,158678589
898.835083008,64.4259338379,0.28857421875,0.0708661417323,0.511811023622,158678594
899.904541016,65.0856018066,0.29736328125,0.0708661417323,0.511811023622,158678599
900.973999023,65.635345459,0.31005859375,0.0551181102362,0.511811023622,158678604
902.012878418,65.9651794434,0.318359375,0.0551181102362,0.511811023622,158678609
903.112915039,66.1575775146,0.32421875,0.0551181102362,0.511811023622,158678614
904.335144043,66.1850738525,0.3271484375,0.0551181102362,0.511811023622,158678620
905.710144043,66.0201568604,0.328125,0.0551181102362,0.511811023622,158678624
907.360168457,65.7178039551,0.32666015625,0.0551181102362,0.511811023622,158678629
909.254638672,65.2505340576,0.3212890625,0.0551181102362,0.511811023622,158678634
911.424072266,64.6183319092,0.31494140625,0.0551181102362,0.511811023622,158678640
913.776916504,63.9036865234,0.31103515625,0.0393700787402,0.511811023622,158678644
916.25189209,63.0241241455,0.3076171875,0.0393700787402,0.511811023622,158678650
918.66583252,61.9796295166,0.3046875,0.0393700787402,0.511811023622,158678654
920.926940918,60.8801727295,0.3037109375,0.0236220472441,0.511811023622,158678660
923.004760742,59.6982574463,0.30419921875,0.0236220472441,0.527559055118,158678665
924.807556152,58.5163421631,0.3056640625,0.0236220472441,0.527559055118,158678670
926.335327148,57.416885376,0.30712890625,0.0236220472441,0.527559055118,158678675
927.618713379,56.3174133301,0.31005859375,0.0236220472441,0.527559055118,158678680
928.62701416,55.2454376221,0.3115234375,0.00787401574803,0.527559055118,158678685
929.360412598,54.200958252,0.31396484375,0.00787401574803,0.527559055118,158678690
929.788146973,53.0190429688,0.3154296875,0.00787401574803,0.527559055118,158678695
930.032592773,51.8371124268,0.31884765625,0.00787401574803,0.527559055118,158678700
930.124267578,50.6277160645,0.32080078125,0.00787401574803,0.543307086614,158678705
930.09375,49.3633270264,0.3212890625,0.00787401574803,0.543307086614,158678710
929.940917969,48.3188476562,0.326171875,0.00787401574803,0.543307086614,158678715
929.604858398,47.3293304443,0.33154296875,0.00787401574803,0.543307086614,158678720
929.146484375,46.4222717285,0.3359375,0.00787401574803,0.543307086614,158678725
928.535400391,45.6801452637,0.34228515625,0.00787401574803,0.543307086614,158678730
927.893676758,44.9654998779,0.3466796875,0.00787401574803,0.543307086614,158678735
927.099243164,44.4432525635,0.34912109375,0.00787401574803,0.543307086614,158678740
926.213134766,44.030960083,0.35205078125,0.00787401574803,0.543307086614,158678746
925.235351562,43.7011108398,0.35498046875,0.00787401574803,0.543307086614,158678750
924.07421875,43.4812316895,0.35595703125,0.00787401574803,0.543307086614,158678755
922.913085938,43.3162994385,0.35693359375,0.00787401574803,0.543307086614,158678760
921.568664551,43.3437957764,0.35791015625,0.00787401574803,0.543307086614,158678765
920.071411133,43.4537353516,0.35791015625,0.00787401574803,0.543307086614,158678770
918.543579102,43.7011108398,0.35791015625,0.00787401574803,0.543307086614,158678775
916.893615723,44.1134185791,0.357421875,0.00787401574803,0.543307086614,158678780
915.3046875,44.6631469727,0.35791015625,0.00787401574803,0.543307086614,158678785
913.838012695,45.4602508545,0.35791015625,0.00787401574803,0.543307086614,158678791
912.493530273,46.3947906494,0.35693359375,0.00787401574803,0.543307086614,158678795
911.332397461,47.5217437744,0.35693359375,0.00787401574803,0.543307086614,158678801
910.415771484,48.8135986328,0.357421875,0.00787401574803,0.543307086614,158678805
909.682434082,50.3528442383,0.3583984375,0.00787401574803,0.543307086614,158678811
909.132385254,52.0020294189,0.3583984375,0.00787401574803,0.55905511811,158678816
908.76574707,53.7336883545,0.35888671875,0.00787401574803,0.543307086614,158678821
908.52130127,55.5752868652,0.359375,0.00787401574803,0.543307086614,158678826
908.490722656,57.4443664551,0.35888671875,0.00787401574803,0.543307086614,158678831
908.643493652,59.3684234619,0.359375,0.00787401574803,0.543307086614,158678836
909.010192871,61.4024200439,0.35986328125,0.00787401574803,0.543307086614,158678841
909.560180664,63.381439209,0.35986328125,0.00787401574803,0.543307086614,158678846
910.415771484,65.3604736328,0.36083984375,0.00787401574803,0.543307086614,158678851
911.576843262,67.3669891357,0.36279296875,0.00787401574803,0.527559055118,158678856
912.951904297,69.3185272217,0.3642578125,0.00787401574803,0.527559055118,158678861
914.663024902,71.2425842285,0.3671875,0.00787401574803,0.527559055118,158678866
916.557495117,73.1391448975,0.369140625,0.00787401574803,0.527559055118,158678871
918.635253906,74.8982849121,0.37158203125,0.00787401574803,0.511811023622,158678876
920.957519531,76.5199890137,0.375,0.00787401574803,0.511811023622,158678881
923.493652344,78.0592346191,0.37744140625,0.00787401574803,0.511811023622,158678886
926.213134766,79.4610443115,0.37939453125,0.00787401574803,0.496062992126,158678891
929.177062988,80.6704559326,0.380859375,0.00787401574803,0.496062992126,158678896
932.293701172,81.7424163818,0.38330078125,0.00787401574803,0.496062992126,158678901
935.532714844,82.7319335938,0.384765625,0.00787401574803,0.496062992126,158678906
938.741088867,83.5290374756,0.38525390625,0.00787401574803,0.496062992126,158678911
941.857788086,84.2986602783,0.3857421875,0.00787401574803,0.496062992126,158678916
944.821655273,84.985824585,0.38623046875,0.00787401574803,0.496062992126,158678921
947.510620117,85.5080718994,0.38720703125,0.00787401574803,0.48031496063,158678926
950.016113281,85.9753417969,0.38720703125,0.00787401574803,0.48031496063,158678931
952.216186523,86.2776947021,0.38720703125,0.00787401574803,0.48031496063,158678936
954.049560547,86.4700927734,0.38818359375,0.00787401574803,0.48031496063,158678942
955.607910156,86.5800476074,0.388671875,0.00787401574803,0.464566929134,158678947
956.799560547,86.6075286865,0.388671875,0.00787401574803,0.464566929134,158678951
957.77734375,86.5800476074,0.38818359375,0.00787401574803,0.464566929134,158678956
958.693969727,86.4700927734,0.38818359375,0.00787401574803,0.464566929134,158678962
959.457885742,86.3051757812,0.38671875,0.00787401574803,0.464566929134,158678966
960.19128418,86.057800293,0.38330078125,0.00787401574803,0.464566929134,158678971
960.863525391,85.7829284668,0.37451171875,0.00787401574803,0.464566929134,158678976
961.413452148,85.4530944824,0.3623046875,0.00787401574803,0.464566929134,158678982
961.90234375,85.0957794189,0.345703125,0.0236220472441,0.464566929134,158678987
962.330200195,84.7659301758,0.32666015625,0.0236220472441,0.448818897638,158678992
962.696777344,84.3536376953,0.3076171875,0.0236220472441,0.448818897638,158678996
962.971801758,84.05128479,0.283203125,0.0236220472441,0.448818897638,158679003
963.155151367,83.7489318848,0.25048828125,0.0236220472441,0.448818897638,158679006
963.216308594,83.4465789795,0.21484375,0.0236220472441,0.448818897638,158679012
963.155151367,83.2541809082,0.17529296875,0.0236220472441,0.464566929134,158679017
962.971801758,83.089263916,0.1455078125,0.0236220472441,0.464566929134,158679022
962.666259766,82.9243469238,0.09521484375,0.0236220472441,0.464566929134,158679027
962.177368164,82.7869110107,0.09521484375,0.0236220472441,0.464566929134,158679032
0,0,0,0,0,0
