x,y,p,xt,yt,time
0,0,0,0,0,0
-544.276031494,-277.888015747,0.28955078125,0.291338582677,0.543307086614,926057
-544.79548645,-278.135391235,0.291015625,0.291338582677,0.543307086614,926062
-545.467712402,-278.410263062,0.29150390625,0.291338582677,0.55905511811,926067
-546.262161255,-278.685119629,0.29296875,0.307086614173,0.55905511811,926072
-547.148284912,-278.85005188,0.29638671875,0.307086614173,0.55905511811,926077
-548.15663147,-278.959991455,0.3125,0.307086614173,0.574803149606,926082
-549.287200928,-279.042449951,0.32666015625,0.307086614173,0.574803149606,926087
-550.539978027,-279.042449951,0.341796875,0.307086614173,0.574803149606,926093
-551.853881836,-278.987472534,0.35595703125,0.307086614173,0.590551181102,926097
-553.259460449,-278.877532959,0.365234375,0.307086614173,0.590551181102,926102
-554.695587158,-278.630157471,0.37451171875,0.307086614173,0.590551181102,926107
-556.223373413,-278.190368652,0.38134765625,0.307086614173,0.606299212598,926112
-557.903945923,-277.640640259,0.38720703125,0.307086614173,0.606299212598,926117
-559.706741333,-276.953475952,0.3935546875,0.307086614173,0.606299212598,926123
-561.723434448,-276.073913574,0.3994140625,0.307086614173,0.606299212598,926127
-563.923446655,-275.001937866,0.40576171875,0.307086614173,0.606299212598,926132
-566.276260376,-273.655105591,0.41162109375,0.307086614173,0.606299212598,926137
-568.873504639,-272.005905151,0.41552734375,0.307086614173,0.606299212598,926142
-571.806869507,-270.109344482,0.41796875,0.307086614173,0.590551181102,926147
-574.984680176,-268.075332642,0.41845703125,0.322834645669,0.590551181102,926153
-578.315261841,-265.958877563,0.419921875,0.322834645669,0.590551181102,926157
-581.737518311,-263.732467651,0.42041015625,0.322834645669,0.574803149606,926162
-585.007003784,-261.47857666,0.42041015625,0.338582677165,0.574803149606,926167
-588.062591553,-259.087249756,0.4208984375,0.338582677165,0.574803149606,926173
-590.934844971,-256.668441772,0.4228515625,0.338582677165,0.55905511811,926177
-593.440429688,-254.304611206,0.4228515625,0.354330708661,0.55905511811,926183
-595.518218994,-252.023223877,0.423828125,0.354330708661,0.543307086614,926188
-597.107131958,-249.961746216,0.423828125,0.354330708661,0.543307086614,926193
-598.115478516,-248.010192871,0.42333984375,0.354330708661,0.543307086614,926198
-598.512695312,-246.306030273,0.423828125,0.354330708661,0.543307086614,926202
-598.482147217,-244.656845093,0.42333984375,0.354330708661,0.543307086614,926207
-598.023803711,-242.925201416,0.4228515625,0.354330708661,0.543307086614,926213
-597.351577759,-241.221038818,0.42333984375,0.354330708661,0.527559055118,926217
-596.465454102,-239.379440308,0.4228515625,0.338582677165,0.527559055118,926223
-595.365447998,-237.510360718,0.42333984375,0.338582677165,0.511811023622,926227
-594.051544189,-235.586303711,0.423828125,0.338582677165,0.511811023622,926233
-592.584854126,-233.689743042,0.423828125,0.338582677165,0.496062992126,926238
-591.026504517,-231.848144531,0.423828125,0.338582677165,0.496062992126,926242
-589.345932007,-230.089004517,0.423828125,0.338582677165,0.48031496063,926248
-587.512588501,-228.494796753,0.4248046875,0.338582677165,0.48031496063,926252
-585.434783936,-227.010528564,0.42529296875,0.338582677165,0.464566929134,926258
-583.143096924,-225.691177368,0.42724609375,0.354330708661,0.464566929134,926263
-580.637512207,-224.42678833,0.42822265625,0.354330708661,0.464566929134,926268
-577.918045044,-223.327331543,0.4287109375,0.354330708661,0.464566929134,926273
-575.168014526,-222.337814331,0.4306640625,0.354330708661,0.448818897638,926278
-572.417984009,-221.403274536,0.43212890625,0.354330708661,0.448818897638,926283
-569.637405396,-220.716110229,0.43310546875,0.354330708661,0.448818897638,926288
-566.856811523,-220.08392334,0.43505859375,0.354330708661,0.448818897638,926293
-563.95401001,-219.616653442,0.43701171875,0.354330708661,0.448818897638,926298
-561.020645142,-219.286819458,0.4375,0.354330708661,0.433070866142,926303
-558.026168823,-219.011947632,0.43896484375,0.354330708661,0.433070866142,926308
-555.031692505,-218.874526978,0.44091796875,0.338582677165,0.433070866142,926313
-552.006668091,-218.792068481,0.44287109375,0.338582677165,0.433070866142,926319
-548.920516968,-218.874526978,0.44384765625,0.338582677165,0.433070866142,926323
-545.987167358,-218.956985474,0.4453125,0.338582677165,0.433070866142,926328
-543.145462036,-219.149383545,0.4453125,0.322834645669,0.433070866142,926333
-540.487106323,-219.424255371,0.4453125,0.322834645669,0.433070866142,926339
-538.012084961,-219.726608276,0.44580078125,0.307086614173,0.417322834646,926343
-535.689834595,-220.056442261,0.4453125,0.307086614173,0.417322834646,926348
-533.581481934,-220.413757324,0.44677734375,0.291338582677,0.417322834646,926353
-531.656463623,-220.771087646,0.44775390625,0.291338582677,0.417322834646,926358
-529.945327759,-221.100921631,0.44873046875,0.275590551181,0.433070866142,926363
-528.50920105,-221.403274536,0.44970703125,0.275590551181,0.433070866142,926369
-527.317520142,-221.650650024,0.45068359375,0.275590551181,0.433070866142,926373
-526.400848389,-221.843063354,0.451171875,0.259842519685,0.433070866142,926378
-525.759170532,-221.980499268,0.45166015625,0.259842519685,0.433070866142,926383
-525.361953735,-222.117919922,0.4521484375,0.259842519685,0.417322834646,926389
-525.178619385,-222.172897339,0.4521484375,0.259842519685,0.417322834646,926393
-525.178619385,-222.172897339,0.44482421875,0.259842519685,0.417322834646,926414
-525.178619385,-222.172897339,0.4287109375,0.259842519685,0.417322834646,926419
-525.178619385,-222.172897339,0.4013671875,0.259842519685,0.417322834646,926424
-525.270278931,-222.172897339,0.35693359375,0.259842519685,0.417322834646,926429
-525.392501831,-222.117919922,0.28173828125,0.259842519685,0.417322834646,926434
-525.575836182,-222.062957764,0.1572265625,0.259842519685,0.417322834646,926440
-525.881393433,-221.980499268,0.1572265625,0.259842519685,0.417322834646,926443
0,0,0,0,0,0
-260.259246826,-270.906448364,0.248046875,0.291338582677,0.496062992126,927213
-260.41204834,-271.373718262,0.2548828125,0.275590551181,0.511811023622,927218
-260.778717041,-271.868469238,0.25244140625,0.275590551181,0.511811023622,927223
-261.389831543,-272.390716553,0.24169921875,0.259842519685,0.527559055118,927228
-262.184265137,-272.912963867,0.2421875,0.259842519685,0.527559055118,927233
-263.223175049,-273.380233765,0.2431640625,0.244094488189,0.527559055118,927238
-264.567626953,-273.737564087,0.24560546875,0.244094488189,0.543307086614,927243
-266.217651367,-273.957443237,0.24755859375,0.244094488189,0.543307086614,927249
-268.112121582,-274.012420654,0.25146484375,0.244094488189,0.543307086614,927253
-270.312133789,-273.792526245,0.25244140625,0.244094488189,0.543307086614,927258
-272.695495605,-273.270294189,0.25244140625,0.244094488189,0.543307086614,927263
-275.262176514,-272.528152466,0.25341796875,0.244094488189,0.543307086614,927268
-277.981658936,-271.456176758,0.25634765625,0.244094488189,0.543307086614,927273
-280.731689453,-270.164306641,0.2626953125,0.244094488189,0.543307086614,927278
-283.695617676,-268.707519531,0.2734375,0.244094488189,0.543307086614,927283
-286.781738281,-267.003356934,0.28515625,0.244094488189,0.543307086614,927288
-290.0206604,-265.106796265,0.296875,0.244094488189,0.543307086614,927293
-293.412384033,-262.990341187,0.30615234375,0.259842519685,0.543307086614,927298
-296.86517334,-260.681472778,0.31494140625,0.259842519685,0.543307086614,927303
-300.317993164,-258.207687378,0.3193359375,0.259842519685,0.543307086614,927308
-303.740264893,-255.541503906,0.32470703125,0.259842519685,0.543307086614,927313
-307.009735107,-252.737869263,0.33056640625,0.275590551181,0.527559055118,927319
-310.034759521,-249.769332886,0.3369140625,0.275590551181,0.527559055118,927323
-312.754241943,-246.5809021,0.345703125,0.291338582677,0.527559055118,927329
-315.107025146,-243.2550354,0.3525390625,0.291338582677,0.511811023622,927333
-317.154266357,-239.929168701,0.35546875,0.291338582677,0.511811023622,927339
-318.804290771,-236.493362427,0.35693359375,0.307086614173,0.511811023622,927343
-319.99597168,-233.167495728,0.3583984375,0.307086614173,0.496062992126,927349
-320.698760986,-229.924087524,0.361328125,0.307086614173,0.496062992126,927353
-320.820983887,-226.708175659,0.36376953125,0.307086614173,0.48031496063,927359
-320.515411377,-223.684661865,0.36669921875,0.322834645669,0.48031496063,927364
-319.843200684,-220.826065063,0.37060546875,0.322834645669,0.464566929134,927369
-318.957061768,-218.242324829,0.37548828125,0.322834645669,0.464566929134,927373
-317.826507568,-215.93347168,0.37939453125,0.322834645669,0.448818897638,927379
-316.604278564,-213.899459839,0.38232421875,0.322834645669,0.448818897638,927384
-315.229248047,-212.112838745,0.3857421875,0.322834645669,0.448818897638,927389
-313.670898438,-210.546112061,0.388671875,0.322834645669,0.433070866142,927394
-311.990325928,-209.199279785,0.3916015625,0.322834645669,0.433070866142,927399
-310.09588623,-208.044845581,0.39404296875,0.307086614173,0.417322834646,927404
-307.804168701,-207.137786865,0.396484375,0.307086614173,0.417322834646,927409
-305.145812988,-206.423141479,0.3994140625,0.307086614173,0.417322834646,927414
-301.906890869,-205.928390503,0.4013671875,0.307086614173,0.417322834646,927419
-298.148529053,-205.626037598,0.40283203125,0.307086614173,0.40157480315,927424
-293.93182373,-205.461120605,0.40380859375,0.291338582677,0.40157480315,927429
-289.440093994,-205.433624268,0.40380859375,0.291338582677,0.40157480315,927434
-284.887268066,-205.571060181,0.40478515625,0.291338582677,0.40157480315,927439
-280.365020752,-205.845932007,0.404296875,0.275590551181,0.40157480315,927444
-276.087188721,-206.20324707,0.4052734375,0.275590551181,0.40157480315,927449
-272.084381104,-206.698013306,0.4052734375,0.275590551181,0.40157480315,927454
-268.448242188,-207.137786865,0.40478515625,0.275590551181,0.40157480315,927460
-265.209320068,-207.577575684,0.4052734375,0.259842519685,0.40157480315,927464
-262.428710938,-207.989868164,0.40380859375,0.259842519685,0.40157480315,927469
-260.014801025,-208.319702148,0.40283203125,0.259842519685,0.40157480315,927474
-258.059234619,-208.677032471,0.40234375,0.259842519685,0.40157480315,927479
-256.470336914,-208.951904297,0.40234375,0.259842519685,0.40157480315,927484
-255.278656006,-209.30921936,0.4033203125,0.259842519685,0.40157480315,927489
-254.331420898,-209.556594849,0.404296875,0.259842519685,0.417322834646,927494
-253.689758301,-209.803985596,0.4052734375,0.259842519685,0.417322834646,927500
-253.292510986,-210.051361084,0.40625,0.259842519685,0.417322834646,927504
-253.078613281,-210.188796997,0.4111328125,0.259842519685,0.417322834646,927509
-253.01751709,-210.326217651,0.41796875,0.259842519685,0.417322834646,927514
-252.925842285,-210.518630981,0.42333984375,0.259842519685,0.417322834646,927519
-252.864746094,-210.656066895,0.42529296875,0.259842519685,0.417322834646,927524
-252.773071289,-210.793487549,0.42626953125,0.259842519685,0.417322834646,927529
-252.71194458,-210.9584198,0.42626953125,0.259842519685,0.417322834646,927534
-252.742523193,-211.068359375,0.41796875,0.259842519685,0.417322834646,927540
-252.742523193,-211.205795288,0.3876953125,0.259842519685,0.417322834646,927545
-252.773071289,-211.343215942,0.31005859375,0.259842519685,0.417322834646,927550
-252.925842285,-211.453170776,0.1630859375,0.259842519685,0.417322834646,927554
-253.200836182,-211.563110352,0.1630859375,0.259842519685,0.417322834646,927560
0,0,0,0,0,0
43.0076904297,-273.572631836,0.25830078125,0.228346456693,0.511811023622,928259
42.6410522461,-273.874984741,0.26318359375,0.228346456693,0.511811023622,928264
42.1827392578,-274.232315063,0.2646484375,0.228346456693,0.511811023622,928269
41.6021728516,-274.644607544,0.265625,0.212598425197,0.527559055118,928274
40.8993530273,-275.194335938,0.2685546875,0.212598425197,0.527559055118,928279
40.1354370117,-275.689102173,0.2802734375,0.212598425197,0.527559055118,928284
39.2493286133,-276.15637207,0.30224609375,0.212598425197,0.543307086614,928289
38.2715454102,-276.59614563,0.31982421875,0.212598425197,0.543307086614,928294
37.1715698242,-276.898498535,0.33251953125,0.212598425197,0.543307086614,928299
35.9493408203,-277.118392944,0.34033203125,0.212598425197,0.543307086614,928304
34.6354370117,-277.255828857,0.3505859375,0.212598425197,0.543307086614,928309
33.1992797852,-277.255828857,0.359375,0.212598425197,0.543307086614,928314
31.5492553711,-277.118392944,0.369140625,0.212598425197,0.543307086614,928319
29.6242675781,-276.843536377,0.37646484375,0.212598425197,0.543307086614,928324
27.3325805664,-276.238830566,0.380859375,0.212598425197,0.55905511811,928329
24.5520019531,-275.386749268,0.38623046875,0.212598425197,0.55905511811,928334
21.3436279297,-274.259796143,0.38818359375,0.212598425197,0.55905511811,928339
17.7380371094,-272.803009033,0.3916015625,0.212598425197,0.55905511811,928344
13.7963256836,-271.071365356,0.39599609375,0.212598425197,0.55905511811,928349
9.67126464844,-269.037368774,0.400390625,0.228346456693,0.55905511811,928354
5.42401123047,-266.64604187,0.4052734375,0.228346456693,0.55905511811,928359
1.05450439453,-264.007339478,0.40576171875,0.244094488189,0.55905511811,928364
-3.37609863281,-261.121261597,0.4072265625,0.244094488189,0.543307086614,928370
-7.68444824219,-258.097747803,0.40966796875,0.259842519685,0.543307086614,928374
-11.7789306641,-254.964279175,0.41015625,0.259842519685,0.527559055118,928380
-15.5067749023,-251.830825806,0.41357421875,0.259842519685,0.511811023622,928384
-18.7151489258,-248.697357178,0.41650390625,0.275590551181,0.496062992126,928390
-21.4651489258,-245.591384888,0.41748046875,0.275590551181,0.496062992126,928394
-23.7874145508,-242.540390015,0.41845703125,0.275590551181,0.48031496063,928399
-25.5291137695,-239.516876221,0.4189453125,0.291338582677,0.464566929134,928404
-26.7513427734,-236.520843506,0.42041015625,0.291338582677,0.464566929134,928410
-27.4541015625,-233.689743042,0.42138671875,0.291338582677,0.448818897638,928415
-27.6374511719,-230.913604736,0.4228515625,0.291338582677,0.448818897638,928420
-27.4541015625,-228.384841919,0.42431640625,0.291338582677,0.433070866142,928424
-26.9346313477,-225.938552856,0.4248046875,0.291338582677,0.433070866142,928430
-26.0485229492,-223.574707031,0.42529296875,0.291338582677,0.433070866142,928434
-24.8568725586,-221.293334961,0.4267578125,0.291338582677,0.433070866142,928440
-23.2679443359,-219.149383545,0.42626953125,0.291338582677,0.417322834646,928445
-21.2512817383,-217.225326538,0.4287109375,0.291338582677,0.417322834646,928450
-18.8068237305,-215.493682861,0.43017578125,0.291338582677,0.417322834646,928455
-15.9039916992,-214.009414673,0.4306640625,0.291338582677,0.40157480315,928460
-12.6039428711,-212.745040894,0.4326171875,0.291338582677,0.40157480315,928465
-8.93725585938,-211.700546265,0.43505859375,0.291338582677,0.40157480315,928470
-4.99554443359,-210.903442383,0.43701171875,0.291338582677,0.40157480315,928475
-0.901062011719,-210.381195068,0.43896484375,0.291338582677,0.385826771654,928480
3.31567382812,-210.106338501,0.4404296875,0.291338582677,0.385826771654,928485
7.6240234375,-210.051361084,0.44140625,0.291338582677,0.385826771654,928490
12.0546264648,-210.216278076,0.44287109375,0.275590551181,0.385826771654,928495
16.5158081055,-210.546112061,0.44287109375,0.275590551181,0.385826771654,928500
20.9769287109,-211.013381958,0.443359375,0.275590551181,0.385826771654,928505
25.2547607422,-211.508148193,0.4443359375,0.259842519685,0.385826771654,928511
29.3798217773,-212.030380249,0.4423828125,0.259842519685,0.385826771654,928515
33.2298583984,-212.552627563,0.44140625,0.259842519685,0.385826771654,928520
36.8048706055,-213.074874878,0.44091796875,0.244094488189,0.385826771654,928525
40.1049194336,-213.624603271,0.44091796875,0.244094488189,0.385826771654,928531
43.0993652344,-214.091873169,0.4404296875,0.244094488189,0.385826771654,928535
45.7271728516,-214.504165649,0.43994140625,0.228346456693,0.385826771654,928540
47.9883422852,-214.861495972,0.4404296875,0.228346456693,0.385826771654,928545
49.8216552734,-215.191329956,0.44091796875,0.228346456693,0.40157480315,928551
51.1967163086,-215.383743286,0.44091796875,0.228346456693,0.40157480315,928555
52.1744995117,-215.576141357,0.44140625,0.228346456693,0.40157480315,928561
52.755065918,-215.686080933,0.44189453125,0.228346456693,0.40157480315,928565
52.9995117188,-215.74105835,0.44287109375,0.228346456693,0.40157480315,928571
53.0911254883,-215.796035767,0.44384765625,0.228346456693,0.40157480315,928575
53.0911254883,-215.796035767,0.4453125,0.228346456693,0.40157480315,928580
53.0911254883,-215.796035767,0.447265625,0.228346456693,0.40157480315,928591
53.0911254883,-215.878494263,0.44580078125,0.228346456693,0.40157480315,928600
53.0911254883,-215.878494263,0.439453125,0.228346456693,0.40157480315,928605
53.0911254883,-215.960952759,0.42041015625,0.228346456693,0.40157480315,928612
53.0911254883,-215.960952759,0.384765625,0.228346456693,0.40157480315,928616
53.0911254883,-215.960952759,0.326171875,0.228346456693,0.40157480315,928621
52.9995117188,-215.93347168,0.2353515625,0.228346456693,0.40157480315,928625
52.8772583008,-215.823516846,0.1162109375,0.228346456693,0.40157480315,928631
52.6633911133,-215.576141357,0.1162109375,0.228346456693,0.40157480315,928636
0,0,0,0,0,0
299.035339355,-276.733581543,0.15087890625,0.133858267717,0.543307086614,929179
299.035339355,-276.733581543,0.16455078125,0.133858267717,0.543307086614,929184
299.065856934,-276.898498535,0.16845703125,0.133858267717,0.543307086614,929189
299.065856934,-276.980957031,0.1708984375,0.11811023622,0.543307086614,929194
299.065856934,-277.090911865,0.17822265625,0.11811023622,0.55905511811,929199
299.035339355,-277.20085144,0.20361328125,0.11811023622,0.55905511811,929204
299.004760742,-277.338287354,0.23095703125,0.11811023622,0.55905511811,929209
298.974182129,-277.475723267,0.25244140625,0.11811023622,0.55905511811,929215
298.790893555,-277.695617676,0.267578125,0.11811023622,0.55905511811,929219
298.576965332,-277.970474243,0.27587890625,0.11811023622,0.55905511811,929224
298.179748535,-278.272827148,0.28125,0.11811023622,0.55905511811,929229
297.629760742,-278.630157471,0.2861328125,0.11811023622,0.55905511811,929234
296.988098145,-279.014968872,0.2919921875,0.11811023622,0.55905511811,929239
296.163085938,-279.427261353,0.29931640625,0.11811023622,0.574803149606,929244
295.276977539,-279.89453125,0.3115234375,0.11811023622,0.574803149606,929249
294.299133301,-280.361801147,0.3212890625,0.11811023622,0.574803149606,929254
293.10748291,-280.71913147,0.32958984375,0.11811023622,0.574803149606,929259
291.793579102,-280.911529541,0.3359375,0.11811023622,0.574803149606,929264
290.265808105,-281.021484375,0.34033203125,0.11811023622,0.574803149606,929269
288.524108887,-280.884048462,0.34814453125,0.11811023622,0.574803149606,929274
286.507385254,-280.609176636,0.3544921875,0.11811023622,0.574803149606,929279
284.154602051,-280.059448242,0.35791015625,0.11811023622,0.574803149606,929285
281.404602051,-279.097427368,0.361328125,0.11811023622,0.574803149606,929289
278.257324219,-277.860534668,0.36279296875,0.11811023622,0.590551181102,929294
274.71282959,-276.211349487,0.3662109375,0.11811023622,0.590551181102,929300
270.801696777,-274.149856567,0.3701171875,0.11811023622,0.590551181102,929304
266.584960938,-271.758529663,0.3759765625,0.133858267717,0.590551181102,929309
262.276611328,-269.092330933,0.37939453125,0.133858267717,0.574803149606,929314
257.998779297,-266.151275635,0.38330078125,0.133858267717,0.574803149606,929320
253.843200684,-263.127761841,0.38916015625,0.149606299213,0.574803149606,929325
249.993164062,-260.021789551,0.39501953125,0.149606299213,0.55905511811,929330
246.60144043,-256.970794678,0.39794921875,0.149606299213,0.55905511811,929335
243.759765625,-254.002258301,0.40087890625,0.165354330709,0.543307086614,929340
241.559753418,-251.226119995,0.4052734375,0.165354330709,0.543307086614,929345
239.970825195,-248.614898682,0.40771484375,0.165354330709,0.527559055118,929351
238.931945801,-246.141113281,0.41015625,0.181102362205,0.527559055118,929355
238.290283203,-243.777282715,0.41259765625,0.181102362205,0.511811023622,929360
238.015258789,-241.495895386,0.41357421875,0.181102362205,0.496062992126,929365
237.984680176,-239.269500732,0.4150390625,0.181102362205,0.496062992126,929370
238.25970459,-237.125549316,0.416015625,0.181102362205,0.48031496063,929375
238.718017578,-235.036575317,0.41748046875,0.196850393701,0.48031496063,929381
239.481933594,-232.975097656,0.4189453125,0.196850393701,0.464566929134,929385
240.551391602,-230.913604736,0.42041015625,0.196850393701,0.464566929134,929391
241.956970215,-228.879608154,0.421875,0.196850393701,0.448818897638,929395
243.759765625,-226.90057373,0.42333984375,0.196850393701,0.448818897638,929401
245.959777832,-224.894058228,0.4248046875,0.196850393701,0.433070866142,929405
248.495910645,-222.997497559,0.42578125,0.196850393701,0.433070866142,929412
251.368164062,-221.210876465,0.42724609375,0.196850393701,0.433070866142,929415
254.484863281,-219.616653442,0.4296875,0.196850393701,0.433070866142,929420
257.815429688,-218.297302246,0.43212890625,0.196850393701,0.433070866142,929425
261.298828125,-217.280303955,0.43359375,0.196850393701,0.433070866142,929431
264.934997559,-216.510681152,0.43603515625,0.181102362205,0.417322834646,929435
268.693359375,-216.015930176,0.43798828125,0.181102362205,0.417322834646,929441
272.451721191,-215.74105835,0.43896484375,0.181102362205,0.417322834646,929445
276.271179199,-215.631118774,0.44091796875,0.181102362205,0.417322834646,929451
280.060119629,-215.603622437,0.44580078125,0.181102362205,0.417322834646,929455
283.849060059,-215.603622437,0.44970703125,0.165354330709,0.417322834646,929461
287.607421875,-215.631118774,0.4521484375,0.165354330709,0.417322834646,929465
291.274108887,-215.74105835,0.453125,0.165354330709,0.417322834646,929471
294.788024902,-215.851013184,0.4541015625,0.165354330709,0.417322834646,929475
298.118652344,-215.960952759,0.45458984375,0.149606299213,0.417322834646,929481
301.143676758,-216.070892334,0.455078125,0.149606299213,0.417322834646,929485
303.771484375,-216.125869751,0.455078125,0.149606299213,0.417322834646,929491
306.032592773,-216.153366089,0.4560546875,0.149606299213,0.417322834646,929495
307.774291992,-216.208328247,0.4560546875,0.149606299213,0.417322834646,929501
309.149291992,-216.235824585,0.45703125,0.149606299213,0.417322834646,929505
310.188232422,-216.290786743,0.45751953125,0.149606299213,0.433070866142,929511
310.952148438,-216.318283081,0.45751953125,0.149606299213,0.433070866142,929515
311.563232422,-216.34576416,0.45849609375,0.149606299213,0.433070866142,929521
311.929931641,-216.428222656,0.458984375,0.149606299213,0.433070866142,929526
312.204956055,-216.483200073,0.458984375,0.149606299213,0.433070866142,929530
312.388183594,-216.538162231,0.45947265625,0.149606299213,0.433070866142,929536
312.479858398,-216.593139648,0.4599609375,0.149606299213,0.433070866142,929541
312.571533203,-216.593139648,0.45947265625,0.149606299213,0.433070866142,929546
312.571533203,-216.593139648,0.453125,0.149606299213,0.433070866142,929551
312.571533203,-216.593139648,0.4375,0.149606299213,0.417322834646,929556
312.571533203,-216.593139648,0.40478515625,0.149606299213,0.417322834646,929561
312.571533203,-216.593139648,0.34814453125,0.149606299213,0.417322834646,929566
312.571533203,-216.593139648,0.25537109375,0.149606299213,0.417322834646,929571
312.571533203,-216.593139648,0.14013671875,0.149606299213,0.417322834646,929576
312.693847656,-216.34576416,0.00927734375,0.149606299213,0.417322834646,929581
313.029907227,-216.098388672,0.00927734375,0.149606299213,0.417322834646,929586
0,0,0,0,0,0
559.493530273,-273.297775269,0.2373046875,0.0393700787402,0.669291338583,930139
558.882446289,-273.68258667,0.23583984375,0.0393700787402,0.669291338583,930144
558.088012695,-274.122375488,0.224609375,0.0236220472441,0.669291338583,930149
557.110107422,-274.589645386,0.216796875,0.0236220472441,0.685039370079,930154
555.94909668,-275.111877441,0.21435546875,0.00787401574803,0.685039370079,930159
554.665649414,-275.496688843,0.21533203125,0.00787401574803,0.685039370079,930164
553.198974609,-275.744064331,0.2197265625,0.00787401574803,0.700787401575,930170
551.518432617,-275.936477661,0.22607421875,0.00787401574803,0.700787401575,930174
549.685058594,-275.991455078,0.22802734375,0.00787401574803,0.700787401575,930180
547.607299805,-275.936477661,0.2294921875,0.00787401574803,0.700787401575,930184
545.28503418,-275.744064331,0.232421875,0.00787401574803,0.700787401575,930189
542.718383789,-275.331771851,0.23388671875,-0.00787401574803,0.700787401575,930194
539.815551758,-274.617126465,0.23486328125,-0.00787401574803,0.700787401575,930200
536.484985352,-273.627609253,0.23779296875,-0.00787401574803,0.685039370079,930205
532.757202148,-272.308258057,0.24462890625,0.00787401574803,0.685039370079,930211
528.6015625,-270.714035034,0.25341796875,0.00787401574803,0.685039370079,930215
524.201538086,-268.844955444,0.26416015625,0.00787401574803,0.685039370079,930220
519.801513672,-266.728500366,0.27294921875,0.00787401574803,0.669291338583,930225
515.554199219,-264.447128296,0.28125,0.00787401574803,0.669291338583,930230
511.612426758,-262.055801392,0.2861328125,0.00787401574803,0.669291338583,930235
508.067993164,-259.582015991,0.29150390625,0.00787401574803,0.653543307087,930240
504.920776367,-256.998275757,0.2998046875,0.0236220472441,0.653543307087,930245
502.262329102,-254.304611206,0.30810546875,0.0236220472441,0.637795275591,930250
500.123535156,-251.473495483,0.3212890625,0.0393700787402,0.637795275591,930255
498.595703125,-248.64239502,0.33447265625,0.0393700787402,0.622047244094,930260
497.6484375,-245.783798218,0.345703125,0.0551181102362,0.622047244094,930265
497.251220703,-242.925201416,0.35107421875,0.0551181102362,0.606299212598,930270
497.31237793,-240.14906311,0.35791015625,0.0551181102362,0.590551181102,930275
497.740112305,-237.290466309,0.3623046875,0.0708661417323,0.574803149606,930280
498.412353516,-234.541824341,0.3681640625,0.0708661417323,0.574803149606,930285
499.390136719,-231.87562561,0.375,0.0708661417323,0.55905511811,930290
500.612426758,-229.319381714,0.37939453125,0.0866141732283,0.543307086614,930295
502.170776367,-226.955551147,0.38427734375,0.0866141732283,0.543307086614,930300
504.095703125,-224.674163818,0.38916015625,0.0866141732283,0.527559055118,930305
506.41796875,-222.55770874,0.3955078125,0.0866141732283,0.511811023622,930310
509.106933594,-220.578689575,0.40283203125,0.0708661417323,0.496062992126,930315
512.131958008,-218.709609985,0.408203125,0.0708661417323,0.496062992126,930320
515.523681641,-216.97795105,0.412109375,0.0708661417323,0.496062992126,930325
519.098632812,-215.356246948,0.41357421875,0.0708661417323,0.48031496063,930330
522.887573242,-213.899459839,0.41455078125,0.0551181102362,0.48031496063,930335
526.737670898,-212.552627563,0.416015625,0.0551181102362,0.48031496063,930340
530.679321289,-211.398193359,0.41748046875,0.0551181102362,0.48031496063,930345
534.590454102,-210.408676147,0.41748046875,0.0393700787402,0.48031496063,930350
538.562744141,-209.52911377,0.41845703125,0.0393700787402,0.48031496063,930355
542.412841797,-208.759490967,0.41845703125,0.0393700787402,0.48031496063,930361
546.232299805,-208.044845581,0.41845703125,0.0236220472441,0.48031496063,930365
549.990600586,-207.412658691,0.4189453125,0.0236220472441,0.48031496063,930370
553.626831055,-206.807952881,0.41943359375,0.0236220472441,0.48031496063,930375
557.14074707,-206.258224487,0.41845703125,0.00787401574803,0.48031496063,930380
560.440795898,-205.735977173,0.41845703125,0.00787401574803,0.48031496063,930385
563.465820312,-205.268707275,0.41650390625,0.00787401574803,0.48031496063,930390
566.185302734,-204.856414795,0.4140625,0.00787401574803,0.48031496063,930395
568.538085938,-204.526580811,0.41015625,0.00787401574803,0.48031496063,930401
570.5546875,-204.33416748,0.40625,0.00787401574803,0.48031496063,930405
572.204711914,-204.196731567,0.39990234375,0.00787401574803,0.48031496063,930411
573.579833984,-204.114273071,0.3896484375,0.00787401574803,0.48031496063,930415
574.710327148,-204.059310913,0.37060546875,0.00787401574803,0.48031496063,930421
575.657592773,-204.031814575,0.34033203125,0.00787401574803,0.48031496063,930426
576.390869141,-204.059310913,0.29541015625,0.00787401574803,0.48031496063,930431
576.910400391,-204.114273071,0.23095703125,0.00787401574803,0.48031496063,930436
577.246459961,-204.251708984,0.13037109375,0.00787401574803,0.48031496063,930441
577.307617188,-204.471603394,0.01318359375,0.00787401574803,0.48031496063,930446
577.124267578,-204.718978882,0.01318359375,0.00787401574803,0.48031496063,930451
0,0,0,0,0,0
-544.489929199,-63.5483703613,0.27880859375,0.244094488189,0.496062992126,931757
-544.978820801,-63.7957458496,0.2724609375,0.244094488189,0.48031496063,931762
-545.651046753,-63.9606628418,0.25927734375,0.259842519685,0.48031496063,931767
-546.384384155,-64.1530761719,0.244140625,0.259842519685,0.464566929134,931772
-547.301055908,-64.2630310059,0.24169921875,0.259842519685,0.464566929134,931777
-548.27885437,-64.2630310059,0.2451171875,0.275590551181,0.448818897638,931782
-549.348312378,-64.2080383301,0.2529296875,0.275590551181,0.448818897638,931787
-550.478866577,-64.0706176758,0.2607421875,0.275590551181,0.448818897638,931792
-551.670547485,-63.8232421875,0.2666015625,0.275590551181,0.448818897638,931797
-552.953903198,-63.4934082031,0.271484375,0.275590551181,0.448818897638,931802
-554.359466553,-63.0810852051,0.2763671875,0.275590551181,0.448818897638,931807
-555.856704712,-62.6138305664,0.28076171875,0.275590551181,0.448818897638,931812
-557.537277222,-62.0640869141,0.28369140625,0.275590551181,0.448818897638,931817
-559.340072632,-61.3494567871,0.28564453125,0.275590551181,0.448818897638,931822
-561.387313843,-60.4698791504,0.28759765625,0.275590551181,0.464566929134,931827
-563.648452759,-59.3979187012,0.28857421875,0.275590551181,0.464566929134,931832
-566.154037476,-58.106048584,0.291015625,0.275590551181,0.464566929134,931837
-568.934616089,-56.4843444824,0.2939453125,0.291338582677,0.464566929134,931842
-572.081863403,-54.5328063965,0.29638671875,0.291338582677,0.464566929134,931847
-575.534683228,-52.1689758301,0.30078125,0.291338582677,0.464566929134,931852
-579.231948853,-49.4478149414,0.30615234375,0.291338582677,0.464566929134,931857
-583.112533569,-46.561706543,0.3125,0.291338582677,0.464566929134,931862
-586.932022095,-43.4557495117,0.3193359375,0.291338582677,0.448818897638,931867
-590.598724365,-40.1573791504,0.32470703125,0.307086614173,0.448818897638,931872
-594.051544189,-36.7490539551,0.33349609375,0.307086614173,0.448818897638,931877
-597.229354858,-33.1483154297,0.34228515625,0.307086614173,0.448818897638,931882
-600.040496826,-29.4376220703,0.34619140625,0.322834645669,0.433070866142,931887
-602.515518188,-25.7819213867,0.3505859375,0.322834645669,0.433070866142,931892
-604.532211304,-22.1812133789,0.35498046875,0.322834645669,0.433070866142,931897
-606.212783813,-18.7728881836,0.357421875,0.322834645669,0.417322834646,931902
-607.465560913,-15.6943969727,0.359375,0.338582677165,0.417322834646,931908
-608.35168457,-12.8907775879,0.36181640625,0.338582677165,0.40157480315,931912
-608.901687622,-10.3070373535,0.3671875,0.338582677165,0.40157480315,931917
-609.146133423,-7.77828979492,0.37255859375,0.338582677165,0.385826771654,931922
-609.146133423,-5.24951171875,0.37939453125,0.338582677165,0.385826771654,931928
-608.871139526,-2.74826049805,0.38427734375,0.338582677165,0.385826771654,931932
-608.382247925,-0.219512939453,0.388671875,0.338582677165,0.385826771654,931938
-607.648895264,2.19931030273,0.392578125,0.338582677165,0.370078740157,931943
-606.61000061,4.50817871094,0.39453125,0.338582677165,0.370078740157,931948
-605.296096802,6.78955078125,0.3955078125,0.338582677165,0.370078740157,931953
-603.707199097,8.85104370117,0.3994140625,0.338582677165,0.370078740157,931958
-601.721069336,10.7476196289,0.40283203125,0.338582677165,0.354330708661,931963
-599.45993042,12.3967895508,0.40673828125,0.338582677165,0.354330708661,931968
-596.862686157,13.798614502,0.40966796875,0.338582677165,0.354330708661,931973
-593.898757935,14.925567627,0.41552734375,0.338582677165,0.338582677165,931978
-590.720947266,15.7776489258,0.42236328125,0.338582677165,0.338582677165,931983
-587.237579346,16.3823547363,0.4267578125,0.338582677165,0.338582677165,931988
-583.570877075,16.7121887207,0.4296875,0.338582677165,0.322834645669,931993
-579.720840454,16.8771057129,0.43212890625,0.338582677165,0.322834645669,931998
-575.901351929,16.9320678711,0.43408203125,0.338582677165,0.307086614173,932003
-572.112426758,16.8221130371,0.43603515625,0.354330708661,0.307086614173,932008
-568.354049683,16.6297302246,0.43798828125,0.354330708661,0.307086614173,932013
-564.626235962,16.3548583984,0.439453125,0.354330708661,0.307086614173,932018
-560.928985596,15.9700317383,0.43994140625,0.354330708661,0.307086614173,932023
-557.262268066,15.6127319336,0.4404296875,0.354330708661,0.291338582677,932028
-553.717788696,15.2004089355,0.44287109375,0.354330708661,0.291338582677,932033
-550.326095581,14.7606506348,0.4423828125,0.354330708661,0.291338582677,932038
-547.178833008,14.3208618164,0.443359375,0.338582677165,0.291338582677,932043
-544.214920044,13.798614502,0.44384765625,0.338582677165,0.291338582677,932048
-541.464889526,13.2763671875,0.44287109375,0.322834645669,0.291338582677,932053
-538.806533813,12.6991577148,0.443359375,0.322834645669,0.291338582677,932058
-536.178726196,12.0394897461,0.44287109375,0.307086614173,0.291338582677,932063
-533.612030029,11.3797912598,0.4423828125,0.291338582677,0.291338582677,932068
-531.137008667,10.6376647949,0.44189453125,0.291338582677,0.291338582677,932073
-528.906433105,10.0054626465,0.4404296875,0.275590551181,0.291338582677,932078
-526.82862854,9.40078735352,0.439453125,0.275590551181,0.291338582677,932083
-525.02583313,8.87854003906,0.439453125,0.259842519685,0.291338582677,932088
-523.467483521,8.46624755859,0.43896484375,0.259842519685,0.291338582677,932093
-522.184143066,8.10891723633,0.43896484375,0.259842519685,0.291338582677,932098
-521.206359863,7.86154174805,0.43896484375,0.259842519685,0.291338582677,932103
-520.503570557,7.66912841797,0.43798828125,0.259842519685,0.291338582677,932108
-520.106338501,7.53167724609,0.43505859375,0.259842519685,0.291338582677,932113
-519.92300415,7.47671508789,0.43017578125,0.259842519685,0.291338582677,932118
-519.92300415,7.47671508789,0.42333984375,0.259842519685,0.291338582677,932123
-519.8618927,7.3942565918,0.4111328125,0.259842519685,0.291338582677,932129
-519.8618927,7.3942565918,0.38818359375,0.259842519685,0.291338582677,932133
-519.8618927,7.3942565918,0.34521484375,0.259842519685,0.291338582677,932139
-520.014678955,7.3942565918,0.2802734375,0.259842519685,0.291338582677,932143
-520.228561401,7.42175292969,0.1865234375,0.259842519685,0.291338582677,932149
-520.503570557,7.53167724609,0.07470703125,0.259842519685,0.291338582677,932153
-520.870239258,7.61416625977,0.07470703125,0.259842519685,0.291338582677,932159
0,0,0,0,0,0
-251.581390381,-59.9476318359,0.25634765625,0.228346456693,0.448818897638,932842
-251.886962891,-60.1675415039,0.26025390625,0.228346456693,0.433070866142,932848
-252.314727783,-60.3874206543,0.2548828125,0.228346456693,0.433070866142,932852
-252.71194458,-60.6622924805,0.25048828125,0.228346456693,0.433070866142,932858
-253.261962891,-60.964630127,0.2509765625,0.228346456693,0.433070866142,932862
-253.811981201,-61.266998291,0.2578125,0.212598425197,0.417322834646,932868
-254.423095703,-61.4868774414,0.267578125,0.212598425197,0.417322834646,932872
-255.217529297,-61.7892456055,0.2734375,0.212598425197,0.417322834646,932878
-256.1953125,-61.9541625977,0.27734375,0.212598425197,0.417322834646,932883
-257.203674316,-62.091583252,0.28466796875,0.212598425197,0.417322834646,932888
-258.395355225,-62.2015380859,0.2919921875,0.212598425197,0.417322834646,932893
-259.709259033,-62.2015380859,0.296875,0.212598425197,0.417322834646,932898
-261.114807129,-62.091583252,0.29736328125,0.212598425197,0.417322834646,932903
-262.764831543,-61.8717041016,0.29833984375,0.228346456693,0.433070866142,932908
-264.598175049,-61.4319152832,0.29931640625,0.228346456693,0.433070866142,932913
-266.64541626,-60.8272094727,0.30029296875,0.228346456693,0.433070866142,932918
-268.967681885,-60.0575866699,0.302734375,0.228346456693,0.433070866142,932923
-271.473266602,-59.013092041,0.30419921875,0.228346456693,0.433070866142,932928
-274.223297119,-57.7212219238,0.30859375,0.228346456693,0.433070866142,932933
-277.187194824,-56.1270141602,0.31201171875,0.228346456693,0.433070866142,932939
-280.273345947,-54.2304382324,0.31494140625,0.228346456693,0.433070866142,932943
-283.481719971,-52.086517334,0.31689453125,0.228346456693,0.433070866142,932948
-286.751190186,-49.6676940918,0.31982421875,0.228346456693,0.433070866142,932953
-289.990112305,-47.1664123535,0.322265625,0.228346456693,0.433070866142,932959
-293.198486328,-44.5827026367,0.3251953125,0.228346456693,0.433070866142,932963
-296.223510742,-41.9440002441,0.3271484375,0.228346456693,0.433070866142,932968
-298.97354126,-39.2228393555,0.32861328125,0.244094488189,0.433070866142,932973
-301.387451172,-36.3917236328,0.33056640625,0.244094488189,0.417322834646,932979
-303.465240479,-33.4231872559,0.3330078125,0.244094488189,0.417322834646,932983
-305.268035889,-30.427154541,0.33349609375,0.259842519685,0.417322834646,932988
-306.704162598,-27.3211669922,0.33544921875,0.259842519685,0.40157480315,932993
-307.804168701,-24.187713623,0.3388671875,0.259842519685,0.40157480315,932999
-308.506958008,-21.13671875,0.3427734375,0.275590551181,0.40157480315,933003
-308.843078613,-18.1956481934,0.34619140625,0.275590551181,0.385826771654,933008
-308.812530518,-15.5019836426,0.34814453125,0.275590551181,0.385826771654,933014
-308.415313721,-12.9182434082,0.35009765625,0.275590551181,0.370078740157,933019
-307.74307251,-10.4994506836,0.3525390625,0.275590551181,0.370078740157,933023
-306.734741211,-8.19058227539,0.35498046875,0.275590551181,0.370078740157,933028
-305.390258789,-6.07412719727,0.35693359375,0.275590551181,0.354330708661,933033
-303.618041992,-4.12258911133,0.359375,0.275590551181,0.354330708661,933039
-301.387451172,-2.30847167969,0.361328125,0.275590551181,0.354330708661,933043
-298.66796875,-0.714263916016,0.36572265625,0.275590551181,0.338582677165,933048
-295.429046631,0.660064697266,0.3720703125,0.275590551181,0.338582677165,933053
-291.823455811,1.86947631836,0.37939453125,0.275590551181,0.338582677165,933060
-287.942871094,2.77651977539,0.3876953125,0.275590551181,0.338582677165,933064
-283.787261963,3.51867675781,0.39501953125,0.259842519685,0.338582677165,933069
-279.417785645,4.06838989258,0.40283203125,0.259842519685,0.322834645669,933074
-274.864959717,4.31576538086,0.412109375,0.259842519685,0.322834645669,933079
-270.067687988,4.37075805664,0.42041015625,0.259842519685,0.322834645669,933084
-265.117645264,4.12335205078,0.42724609375,0.244094488189,0.322834645669,933089
-260.075927734,3.68359375,0.4306640625,0.244094488189,0.322834645669,933094
-255.064758301,3.05139160156,0.43310546875,0.244094488189,0.322834645669,933100
-250.175811768,2.28176879883,0.43505859375,0.244094488189,0.322834645669,933104
-245.378540039,1.53964233398,0.43603515625,0.244094488189,0.322834645669,933109
-240.734069824,0.797515869141,0.4365234375,0.244094488189,0.322834645669,933114
-236.211791992,0.0828552246094,0.4375,0.244094488189,0.322834645669,933120
-231.99508667,-0.521850585938,0.43798828125,0.228346456693,0.322834645669,933124
-228.20614624,-1.04409790039,0.4384765625,0.228346456693,0.322834645669,933130
-224.90612793,-1.48388671875,0.4384765625,0.228346456693,0.322834645669,933134
-222.186645508,-1.73126220703,0.4375,0.228346456693,0.322834645669,933140
-219.956054688,-1.92367553711,0.43701171875,0.212598425197,0.322834645669,933144
-218.092163086,-2.0885925293,0.43408203125,0.212598425197,0.322834645669,933150
-216.686584473,-2.1435546875,0.431640625,0.212598425197,0.322834645669,933154
-215.678253174,-2.22601318359,0.4267578125,0.212598425197,0.322834645669,933159
-215.036560059,-2.30847167969,0.42041015625,0.212598425197,0.322834645669,933164
-214.761566162,-2.30847167969,0.4130859375,0.196850393701,0.322834645669,933170
-214.669891357,-2.30847167969,0.4091796875,0.196850393701,0.322834645669,933174
-214.669891357,-2.30847167969,0.40673828125,0.196850393701,0.322834645669,933179
-214.669891357,-2.30847167969,0.3994140625,0.196850393701,0.322834645669,933184
-214.669891357,-2.30847167969,0.38427734375,0.196850393701,0.322834645669,933189
-214.883789062,-2.33596801758,0.3603515625,0.196850393701,0.322834645669,933194
-215.158782959,-2.33596801758,0.31298828125,0.196850393701,0.322834645669,933200
-215.647705078,-2.33596801758,0.24755859375,0.196850393701,0.322834645669,933204
-216.38104248,-2.33596801758,0.1474609375,0.196850393701,0.322834645669,933209
-217.236602783,-2.33596801758,0.01513671875,0.196850393701,0.322834645669,933215
-218.336608887,-2.30847167969,0.01513671875,0.196850393701,0.307086614173,933220
0,0,0,0,0,0
35.6743164062,-71.5469360352,0.27099609375,0.149606299213,0.448818897638,933813
35.1243286133,-71.7393493652,0.27294921875,0.149606299213,0.433070866142,933818
34.4826049805,-72.0142211914,0.27294921875,0.149606299213,0.433070866142,933823
33.7798461914,-72.2615966797,0.27099609375,0.149606299213,0.433070866142,933828
33.0465087891,-72.5914306641,0.27099609375,0.149606299213,0.433070866142,933833
32.34375,-72.8113098145,0.27392578125,0.149606299213,0.433070866142,933838
31.6103515625,-73.0312194824,0.28271484375,0.133858267717,0.433070866142,933843
30.7854003906,-73.1961364746,0.29296875,0.133858267717,0.433070866142,933849
29.8687133789,-73.3335571289,0.30224609375,0.133858267717,0.433070866142,933853
28.7992553711,-73.4709777832,0.31103515625,0.133858267717,0.433070866142,933858
27.6381225586,-73.525970459,0.31982421875,0.133858267717,0.433070866142,933863
26.3853149414,-73.5809326172,0.32666015625,0.133858267717,0.433070866142,933868
24.9186401367,-73.4984741211,0.3310546875,0.149606299213,0.433070866142,933873
23.176940918,-73.2236022949,0.3349609375,0.149606299213,0.433070866142,933878
21.0991821289,-72.7838439941,0.337890625,0.149606299213,0.433070866142,933883
18.6546630859,-72.1241455078,0.3408203125,0.149606299213,0.433070866142,933889
15.7824707031,-71.2171020508,0.3447265625,0.149606299213,0.433070866142,933893
12.5435180664,-70.0901489258,0.349609375,0.149606299213,0.433070866142,933899
8.87683105469,-68.7433166504,0.35302734375,0.149606299213,0.433070866142,933903
4.84344482422,-67.0941162109,0.35498046875,0.165354330709,0.433070866142,933908
0.443420410156,-65.3074951172,0.3583984375,0.165354330709,0.433070866142,933913
-4.20111083984,-63.300994873,0.36181640625,0.165354330709,0.433070866142,933918
-8.84558105469,-61.1295471191,0.365234375,0.165354330709,0.417322834646,933923
-13.4289550781,-58.8756713867,0.3681640625,0.165354330709,0.417322834646,933929
-17.6762084961,-56.4568481445,0.36962890625,0.181102362205,0.417322834646,933933
-21.5568237305,-54.0380554199,0.373046875,0.181102362205,0.417322834646,933939
-25.040222168,-51.4543151855,0.37353515625,0.181102362205,0.40157480315,933943
-28.0957641602,-48.8431091309,0.3740234375,0.181102362205,0.40157480315,933949
-30.7235717773,-46.1219482422,0.3759765625,0.181102362205,0.40157480315,933954
-32.9847412109,-43.2633361816,0.37939453125,0.196850393701,0.40157480315,933959
-34.8486328125,-40.2398376465,0.3828125,0.196850393701,0.385826771654,933963
-36.2847290039,-37.0788879395,0.38525390625,0.196850393701,0.385826771654,933969
-37.2319946289,-33.7530212402,0.38818359375,0.196850393701,0.385826771654,933973
-37.7514648438,-30.3721618652,0.39599609375,0.196850393701,0.370078740157,933979
-37.8736572266,-26.9638671875,0.39892578125,0.212598425197,0.370078740157,933984
-37.6903076172,-23.6380004883,0.4013671875,0.212598425197,0.370078740157,933989
-37.2625732422,-20.5320129395,0.40234375,0.212598425197,0.354330708661,933994
-36.5903320312,-17.7008972168,0.40283203125,0.212598425197,0.354330708661,933999
-35.5513916016,-15.2546081543,0.4052734375,0.212598425197,0.338582677165,934004
-34.237487793,-13.0556945801,0.408203125,0.212598425197,0.338582677165,934009
-32.4346923828,-11.1591186523,0.41259765625,0.196850393701,0.322834645669,934014
-30.2346801758,-9.4274597168,0.41845703125,0.196850393701,0.322834645669,934019
-27.5151977539,-7.83325195312,0.42724609375,0.196850393701,0.322834645669,934024
-24.3068847656,-6.40396118164,0.4306640625,0.196850393701,0.322834645669,934029
-20.7929077148,-5.08459472656,0.43408203125,0.181102362205,0.307086614173,934034
-16.8206787109,-3.90267944336,0.4345703125,0.181102362205,0.307086614173,934040
-12.6956176758,-2.88568115234,0.4365234375,0.181102362205,0.307086614173,934044
-8.41778564453,-2.03359985352,0.4375,0.181102362205,0.307086614173,934050
-4.14001464844,-1.34643554688,0.4384765625,0.181102362205,0.307086614173,934054
0.137817382812,-0.796722412109,0.43994140625,0.165354330709,0.307086614173,934059
4.38513183594,-0.439392089844,0.43994140625,0.165354330709,0.307086614173,934064
8.66290283203,-0.137023925781,0.4404296875,0.165354330709,0.307086614173,934070
13.0018310547,0.0553588867188,0.4404296875,0.165354330709,0.291338582677,934074
17.432434082,0.192810058594,0.43994140625,0.165354330709,0.291338582677,934079
21.8630371094,0.330230712891,0.4384765625,0.165354330709,0.291338582677,934084
26.1103515625,0.385192871094,0.4375,0.149606299213,0.291338582677,934089
30.2353515625,0.495147705078,0.43505859375,0.149606299213,0.291338582677,934094
34.0853881836,0.550109863281,0.43310546875,0.149606299213,0.291338582677,934100
37.6909790039,0.660064697266,0.43212890625,0.133858267717,0.291338582677,934104
41.0216064453,0.742523193359,0.43017578125,0.133858267717,0.291338582677,934109
44.0160522461,0.879974365234,0.42822265625,0.133858267717,0.291338582677,934114
46.61328125,0.962432861328,0.42822265625,0.133858267717,0.307086614173,934120
48.8133544922,0.962432861328,0.427734375,0.133858267717,0.307086614173,934124
50.707824707,0.934936523438,0.4267578125,0.11811023622,0.307086614173,934130
52.2355957031,0.797515869141,0.42529296875,0.11811023622,0.307086614173,934134
53.5189208984,0.632568359375,0.421875,0.11811023622,0.307086614173,934140
54.6189575195,0.440185546875,0.412109375,0.11811023622,0.291338582677,934145
55.5356445312,0.192810058594,0.39697265625,0.11811023622,0.291338582677,934150
56.2384033203,-0.027099609375,0.37890625,0.11811023622,0.291338582677,934155
56.8189697266,-0.192016601562,0.357421875,0.11811023622,0.291338582677,934160
57.3078613281,-0.439392089844,0.32421875,0.11811023622,0.291338582677,934165
57.6745605469,-0.631805419922,0.27978515625,0.11811023622,0.291338582677,934170
57.9495239258,-0.741729736328,0.22412109375,0.11811023622,0.291338582677,934175
58.0717773438,-0.934143066406,0.1396484375,0.11811023622,0.291338582677,934180
58.1328735352,-1.0166015625,0.04052734375,0.133858267717,0.291338582677,934185
58.0717773438,-1.18151855469,0.04052734375,0.133858267717,0.291338582677,934190
0,0,0,0,0,0
312.327148438,-64.1805725098,0.20703125,0.102362204724,0.448818897638,934753
312.510498047,-64.5378723145,0.208984375,0.0866141732283,0.448818897638,934759
312.571533203,-64.8952026367,0.19921875,0.0866141732283,0.433070866142,934763
312.63269043,-65.2800292969,0.1904296875,0.0866141732283,0.433070866142,934768
312.663208008,-65.6648254395,0.19287109375,0.0866141732283,0.417322834646,934773
312.693847656,-65.9946594238,0.2041015625,0.0866141732283,0.417322834646,934779
312.602172852,-66.3244934082,0.2216796875,0.0866141732283,0.417322834646,934783
312.44934082,-66.6268615723,0.244140625,0.0866141732283,0.417322834646,934788
312.235473633,-66.9291992188,0.25732421875,0.0866141732283,0.417322834646,934793
311.868774414,-67.2040710449,0.2734375,0.0866141732283,0.417322834646,934798
311.471557617,-67.5339050293,0.27880859375,0.0866141732283,0.417322834646,934803
310.982666016,-67.8362731934,0.287109375,0.0866141732283,0.417322834646,934808
310.340942383,-68.193572998,0.294921875,0.0866141732283,0.417322834646,934813
309.607666016,-68.4959411621,0.30615234375,0.0866141732283,0.417322834646,934819
308.690917969,-68.7982788086,0.31201171875,0.0866141732283,0.417322834646,934823
307.590942383,-69.1006469727,0.31640625,0.0708661417323,0.417322834646,934829
306.277038574,-69.320526123,0.3193359375,0.0708661417323,0.417322834646,934834
304.779846191,-69.540435791,0.32080078125,0.0708661417323,0.417322834646,934839
303.007568359,-69.7053527832,0.32177734375,0.0708661417323,0.417322834646,934843
301.02142334,-69.8152770996,0.32177734375,0.0708661417323,0.417322834646,934849
298.729736328,-69.7878112793,0.32177734375,0.0708661417323,0.417322834646,934853
296.193603516,-69.6778564453,0.32177734375,0.0708661417323,0.417322834646,934859
293.413024902,-69.3755187988,0.322265625,0.0708661417323,0.417322834646,934864
290.479675293,-68.9082336426,0.32177734375,0.0708661417323,0.417322834646,934869
287.393554688,-68.2760314941,0.32275390625,0.0708661417323,0.417322834646,934873
284.246276855,-67.396484375,0.32275390625,0.0708661417323,0.417322834646,934879
281.037902832,-66.379486084,0.32421875,0.0708661417323,0.417322834646,934884
277.890686035,-65.0876159668,0.32568359375,0.0866141732283,0.417322834646,934889
274.835083008,-63.5483703613,0.3291015625,0.0866141732283,0.417322834646,934894
271.871154785,-61.8442077637,0.330078125,0.0866141732283,0.417322834646,934899
268.968322754,-59.8377075195,0.33251953125,0.102362204724,0.417322834646,934904
266.218322754,-57.6662597656,0.33740234375,0.102362204724,0.417322834646,934909
263.651611328,-55.3024291992,0.34521484375,0.102362204724,0.417322834646,934914
261.268249512,-52.773651123,0.3525390625,0.11811023622,0.417322834646,934919
259.251586914,-50.1624450684,0.36083984375,0.11811023622,0.417322834646,934924
257.570983887,-47.5512390137,0.36669921875,0.11811023622,0.40157480315,934929
256.257080078,-44.9400024414,0.37158203125,0.11811023622,0.40157480315,934934
255.309875488,-42.3562927246,0.37646484375,0.11811023622,0.40157480315,934940
254.637634277,-39.8275146484,0.37744140625,0.11811023622,0.40157480315,934944
254.179321289,-37.2987670898,0.3798828125,0.11811023622,0.385826771654,934950
253.904296875,-34.7425231934,0.38232421875,0.11811023622,0.385826771654,934954
253.782104492,-32.2412719727,0.38525390625,0.11811023622,0.385826771654,934960
253.904296875,-29.7674865723,0.3876953125,0.133858267717,0.370078740157,934964
254.301513672,-27.376159668,0.3896484375,0.133858267717,0.370078740157,934970
255.004333496,-25.0397949219,0.390625,0.133858267717,0.370078740157,934974
256.165466309,-22.6484680176,0.392578125,0.133858267717,0.354330708661,934980
257.693237305,-20.4220581055,0.3935546875,0.133858267717,0.354330708661,934984
259.740478516,-18.1956481934,0.39599609375,0.133858267717,0.338582677165,934989
262.276611328,-16.0517272949,0.3974609375,0.133858267717,0.338582677165,934994
265.118286133,-14.0177307129,0.39990234375,0.133858267717,0.338582677165,935000
268.326660156,-12.0936584473,0.400390625,0.133858267717,0.322834645669,935004
271.687805176,-10.2245788574,0.40087890625,0.133858267717,0.322834645669,935010
275.201721191,-8.54791259766,0.40234375,0.133858267717,0.322834645669,935015
278.807312012,-7.0361328125,0.40234375,0.133858267717,0.307086614173,935020
282.382385254,-5.68930053711,0.40380859375,0.11811023622,0.307086614173,935024
286.049072266,-4.58984375,0.4033203125,0.11811023622,0.307086614173,935030
289.746337891,-3.65530395508,0.4033203125,0.11811023622,0.307086614173,935034
293.565795898,-2.94067382812,0.40234375,0.11811023622,0.307086614173,935040
297.507507324,-2.41842651367,0.40185546875,0.102362204724,0.307086614173,935044
301.571472168,-1.97863769531,0.39892578125,0.102362204724,0.307086614173,935050
305.574279785,-1.62130737305,0.39697265625,0.102362204724,0.307086614173,935054
309.515991211,-1.31896972656,0.39453125,0.102362204724,0.307086614173,935060
313.243774414,-1.07159423828,0.39111328125,0.0866141732283,0.307086614173,935065
316.727172852,-0.879180908203,0.38916015625,0.0866141732283,0.307086614173,935070
319.935546875,-0.769226074219,0.38671875,0.0866141732283,0.307086614173,935075
322.807739258,-0.686767578125,0.38427734375,0.0866141732283,0.307086614173,935080
325.374511719,-0.659271240234,0.38134765625,0.0866141732283,0.307086614173,935085
327.605102539,-0.686767578125,0.376953125,0.0866141732283,0.307086614173,935090
329.499511719,-0.824188232422,0.37255859375,0.0866141732283,0.322834645669,935095
331.088378906,-0.961639404297,0.36376953125,0.0866141732283,0.322834645669,935100
332.40234375,-1.15405273438,0.3525390625,0.0866141732283,0.322834645669,935105
333.349609375,-1.42889404297,0.337890625,0.0866141732283,0.322834645669,935110
334.052368164,-1.59381103516,0.3193359375,0.0866141732283,0.322834645669,935115
334.449584961,-1.84118652344,0.29443359375,0.0866141732283,0.322834645669,935120
334.663452148,-2.0885925293,0.25927734375,0.0866141732283,0.322834645669,935125
334.785644531,-2.33596801758,0.205078125,0.0866141732283,0.322834645669,935130
334.693969727,-2.63830566406,0.130859375,0.0866141732283,0.322834645669,935135
334.449584961,-2.99563598633,0.0693359375,0.0866141732283,0.322834645669,935140
334.052368164,-3.35296630859,0.0693359375,0.0866141732283,0.307086614173,935145
0,0,0,0,0,0
568.049194336,-66.26953125,0.19921875,0.0236220472441,0.55905511811,935729
567.835327148,-66.5169067383,0.2021484375,0.00787401574803,0.543307086614,935733
567.560302734,-66.7642822266,0.2021484375,0.00787401574803,0.543307086614,935739
567.224121094,-67.0941162109,0.1962890625,0.00787401574803,0.527559055118,935744
566.796386719,-67.3689880371,0.19775390625,0.00787401574803,0.527559055118,935749
566.399169922,-67.6438598633,0.201171875,-0.00787401574803,0.527559055118,935754
565.879760742,-67.8637390137,0.21337890625,-0.00787401574803,0.527559055118,935759
565.299194336,-68.0011901855,0.22216796875,-0.00787401574803,0.527559055118,935764
564.626953125,-68.2210693359,0.23095703125,-0.0236220472441,0.527559055118,935769
563.740844727,-68.3310241699,0.236328125,-0.0236220472441,0.527559055118,935774
562.671386719,-68.3310241699,0.23876953125,-0.0236220472441,0.527559055118,935779
561.296264648,-68.193572998,0.2431640625,-0.0236220472441,0.527559055118,935784
559.585205078,-67.8362731934,0.24609375,-0.0236220472441,0.527559055118,935789
557.476806641,-67.3140258789,0.25341796875,-0.0236220472441,0.527559055118,935794
555.001831055,-66.5993652344,0.2646484375,-0.0236220472441,0.527559055118,935799
552.129516602,-65.7472839355,0.27392578125,-0.0236220472441,0.527559055118,935804
548.982299805,-64.7027893066,0.28369140625,-0.0236220472441,0.527559055118,935809
545.62121582,-63.4659118652,0.29345703125,-0.0236220472441,0.527559055118,935814
542.137817383,-62.0091247559,0.30224609375,-0.00787401574803,0.527559055118,935819
538.654418945,-60.3874206543,0.31005859375,-0.00787401574803,0.527559055118,935824
535.354370117,-58.5733032227,0.31787109375,-0.00787401574803,0.527559055118,935829
532.329345703,-56.5668029785,0.3212890625,0.00787401574803,0.511811023622,935834
529.609863281,-54.4503479004,0.3232421875,0.00787401574803,0.511811023622,935839
527.257080078,-52.1414794922,0.3232421875,0.00787401574803,0.511811023622,935844
525.209838867,-49.6951904297,0.32470703125,0.00787401574803,0.511811023622,935850
523.43762207,-47.1114501953,0.32666015625,0.00787401574803,0.496062992126,935854
521.940307617,-44.3902893066,0.3271484375,0.00787401574803,0.496062992126,935860
520.748657227,-41.6141662598,0.3291015625,0.0236220472441,0.496062992126,935864
519.801513672,-38.7555541992,0.33203125,0.0236220472441,0.48031496063,935870
519.129272461,-35.9794311523,0.3359375,0.0236220472441,0.48031496063,935874
518.732055664,-33.3681945801,0.34228515625,0.00787401574803,0.464566929134,935879
518.640380859,-30.8944091797,0.34765625,0.00787401574803,0.464566929134,935884
518.915283203,-28.5855407715,0.36181640625,0.00787401574803,0.448818897638,935890
519.526489258,-26.3866271973,0.37744140625,0.00787401574803,0.448818897638,935894
520.534790039,-24.2426757812,0.38916015625,0.00787401574803,0.433070866142,935900
521.787597656,-22.0987548828,0.3974609375,0.00787401574803,0.433070866142,935904
523.407104492,-19.9822692871,0.40478515625,0.00787401574803,0.417322834646,935909
525.240356445,-17.9208068848,0.41064453125,0.00787401574803,0.417322834646,935914
527.379272461,-15.831817627,0.4169921875,0.00787401574803,0.40157480315,935920
529.823730469,-13.9077758789,0.42138671875,0.00787401574803,0.40157480315,935924
532.482177734,-12.0661621094,0.423828125,0.00787401574803,0.40157480315,935930
535.4765625,-10.3345336914,0.42626953125,0.00787401574803,0.40157480315,935934
538.684936523,-8.82278442383,0.42626953125,0.0236220472441,0.40157480315,935940
542.137817383,-7.39346313477,0.42724609375,0.0236220472441,0.40157480315,935945
545.865600586,-6.10159301758,0.42724609375,0.0236220472441,0.40157480315,935950
549.654541016,-4.94717407227,0.427734375,0.0236220472441,0.40157480315,935955
553.687866211,-3.87521362305,0.42822265625,0.00787401574803,0.40157480315,935960
557.690673828,-2.91317749023,0.42822265625,0.00787401574803,0.40157480315,935965
561.693603516,-2.17105102539,0.4287109375,0.00787401574803,0.40157480315,935970
565.635253906,-1.40142822266,0.42919921875,0.00787401574803,0.40157480315,935975
569.393676758,-0.796722412109,0.42919921875,0.00787401574803,0.40157480315,935980
572.96862793,-0.246978759766,0.43017578125,0.00787401574803,0.40157480315,935985
576.329833984,0.302734375,0.42919921875,0.00787401574803,0.417322834646,935990
579.446533203,0.715057373047,0.4287109375,0.00787401574803,0.417322834646,935995
582.349365234,1.07235717773,0.42919921875,0.00787401574803,0.417322834646,936000
585.00769043,1.3747253418,0.427734375,0.00787401574803,0.417322834646,936005
587.421630859,1.56713867188,0.4287109375,0.00787401574803,0.433070866142,936010
589.591064453,1.75952148438,0.4287109375,0.00787401574803,0.433070866142,936016
591.607788086,1.97943115234,0.4287109375,0.00787401574803,0.433070866142,936020
593.441040039,2.11685180664,0.4287109375,0.00787401574803,0.433070866142,936025
595.030029297,2.33673095703,0.427734375,0.00787401574803,0.433070866142,936030
596.496704102,2.47418212891,0.42529296875,0.00787401574803,0.433070866142,936035
597.71887207,2.6116027832,0.4208984375,0.00787401574803,0.448818897638,936040
598.727294922,2.74905395508,0.41357421875,0.00787401574803,0.448818897638,936045
599.491210938,2.83151245117,0.39892578125,0.00787401574803,0.448818897638,936050
600.041137695,2.88647460938,0.38232421875,0.00787401574803,0.448818897638,936055
600.377319336,2.88647460938,0.36328125,0.00787401574803,0.448818897638,936060
600.530029297,2.88647460938,0.33984375,0.00787401574803,0.448818897638,936065
600.530029297,2.88647460938,0.30322265625,0.00787401574803,0.448818897638,936070
600.530029297,2.88647460938,0.24169921875,0.00787401574803,0.448818897638,936075
600.346679688,2.80401611328,0.13818359375,0.00787401574803,0.448818897638,936080
600.041137695,2.6940612793,0.13818359375,0.00787401574803,0.448818897638,936085
0,0,0,0,0,0
-531.075897217,161.62097168,0.24267578125,0.307086614173,0.448818897638,937101
-532.328689575,161.62097168,0.224609375,0.307086614173,0.448818897638,937106
-533.825927734,161.510986328,0.2001953125,0.291338582677,0.433070866142,937111
-535.567611694,161.510986328,0.17529296875,0.291338582677,0.433070866142,937116
-537.492630005,161.6484375,0.16845703125,0.275590551181,0.417322834646,937121
-539.50932312,161.868347168,0.1689453125,0.275590551181,0.417322834646,937126
-541.648223877,162.225646973,0.1787109375,0.275590551181,0.417322834646,937131
-543.878799438,162.747924805,0.19287109375,0.275590551181,0.417322834646,937136
-546.201049805,163.270141602,0.1982421875,0.275590551181,0.417322834646,937141
-548.614959717,163.957275391,0.20263671875,0.275590551181,0.417322834646,937146
-551.059432983,164.781921387,0.205078125,0.291338582677,0.417322834646,937151
-553.62612915,165.716430664,0.20751953125,0.291338582677,0.417322834646,937156
-556.253936768,166.870849609,0.21337890625,0.307086614173,0.417322834646,937161
-558.91229248,168.190246582,0.22119140625,0.307086614173,0.417322834646,937167
-561.631759644,169.674499512,0.22802734375,0.322834645669,0.417322834646,937171
-564.351242065,171.351196289,0.2353515625,0.322834645669,0.417322834646,937177
-567.009597778,173.220275879,0.24267578125,0.338582677165,0.433070866142,937181
-569.576293945,175.364196777,0.24609375,0.338582677165,0.433070866142,937187
-572.142974854,177.78302002,0.24853515625,0.338582677165,0.433070866142,937191
-574.64855957,180.394226074,0.25,0.354330708661,0.433070866142,937197
-577.031921387,183.142883301,0.251953125,0.354330708661,0.433070866142,937202
-579.262496948,186.001464844,0.2548828125,0.354330708661,0.417322834646,937207
-581.126403809,188.942504883,0.25634765625,0.370078740157,0.417322834646,937212
-582.654205322,192.07598877,0.259765625,0.370078740157,0.417322834646,937217
-583.906997681,195.291931152,0.2607421875,0.370078740157,0.40157480315,937222
-584.884780884,198.590270996,0.2607421875,0.385826771654,0.40157480315,937227
-585.648681641,201.888671875,0.26171875,0.385826771654,0.40157480315,937232
-586.198684692,205.104553223,0.2626953125,0.385826771654,0.385826771654,937237
-586.534790039,208.238037109,0.26318359375,0.40157480315,0.385826771654,937242
-586.687576294,211.31652832,0.263671875,0.40157480315,0.370078740157,937247
-586.687576294,214.367553711,0.26318359375,0.40157480315,0.354330708661,937252
-586.534790039,217.33605957,0.263671875,0.40157480315,0.354330708661,937257
-586.259796143,220.249633789,0.26318359375,0.417322834646,0.338582677165,937262
-585.862564087,223.025756836,0.26611328125,0.417322834646,0.322834645669,937267
-585.190338135,225.58203125,0.2685546875,0.417322834646,0.322834645669,937272
-584.304214478,227.918334961,0.27197265625,0.417322834646,0.307086614173,937277
-583.23475647,230.007324219,0.2744140625,0.417322834646,0.307086614173,937282
-581.798629761,231.903930664,0.27685546875,0.417322834646,0.291338582677,937287
-580.179168701,233.608093262,0.27880859375,0.433070866142,0.291338582677,937292
-578.254150391,235.064880371,0.28125,0.433070866142,0.291338582677,937297
-575.993026733,236.301757812,0.2822265625,0.433070866142,0.275590551181,937302
-573.517990112,237.318725586,0.287109375,0.448818897638,0.275590551181,937308
-570.737411499,238.143310547,0.29443359375,0.448818897638,0.275590551181,937313
-567.712387085,238.830505371,0.3017578125,0.448818897638,0.259842519685,937318
-564.473464966,239.380249023,0.30859375,0.448818897638,0.259842519685,937322
-561.081756592,239.765014648,0.31396484375,0.448818897638,0.259842519685,937328
-557.628952026,240.012390137,0.31884765625,0.433070866142,0.244094488189,937332
-554.267807007,240.122375488,0.32763671875,0.433070866142,0.244094488189,937338
-550.967773438,240.149841309,0.33837890625,0.433070866142,0.228346456693,937342
-547.789962769,240.067382812,0.34619140625,0.417322834646,0.228346456693,937348
-544.79548645,239.90246582,0.35205078125,0.417322834646,0.228346456693,937352
-541.831558228,239.51763916,0.35595703125,0.40157480315,0.212598425197,937358
-538.806533813,238.912963867,0.359375,0.385826771654,0.212598425197,937362
-535.781494141,238.170837402,0.36083984375,0.370078740157,0.212598425197,937368
-532.603683472,237.291259766,0.36328125,0.354330708661,0.212598425197,937372
-529.395324707,236.384216309,0.3662109375,0.338582677165,0.212598425197,937378
-526.217514038,235.532104492,0.3681640625,0.322834645669,0.212598425197,937382
-523.009155273,234.762512207,0.369140625,0.307086614173,0.212598425197,937388
-519.953567505,234.075317383,0.37060546875,0.307086614173,0.212598425197,937393
-517.111862183,233.44317627,0.37060546875,0.291338582677,0.212598425197,937398
-514.57572937,232.893432617,0.37109375,0.275590551181,0.212598425197,937403
-512.375701904,232.481140137,0.37109375,0.275590551181,0.212598425197,937408
-510.603469849,232.123779297,0.37158203125,0.275590551181,0.212598425197,937413
-509.16734314,231.876403809,0.37158203125,0.275590551181,0.196850393701,937418
-508.006225586,231.684020996,0.37109375,0.275590551181,0.196850393701,937423
-507.120101929,231.491577148,0.36962890625,0.275590551181,0.196850393701,937428
-506.508987427,231.326660156,0.36328125,0.275590551181,0.196850393701,937433
-506.142303467,231.24420166,0.349609375,0.275590551181,0.196850393701,937438
-505.958969116,231.134277344,0.3310546875,0.275590551181,0.196850393701,937443
-505.958969116,231.134277344,0.3095703125,0.275590551181,0.181102362205,937448
-505.836746216,231.051818848,0.27392578125,0.275590551181,0.181102362205,937453
-505.897857666,230.941894531,0.21044921875,0.275590551181,0.181102362205,937458
-506.081192017,230.776977539,0.1142578125,0.275590551181,0.181102362205,937463
-506.386764526,230.557067871,0.1142578125,0.275590551181,0.181102362205,937468
0,0,0,0,0,0
-221.911651611,144.909179688,0.2666015625,0.196850393701,0.385826771654,938036
-221.911651611,144.771728516,0.271484375,0.196850393701,0.385826771654,938041
-222.094970703,144.606811523,0.27099609375,0.196850393701,0.385826771654,938046
-222.431091309,144.414428711,0.27001953125,0.181102362205,0.385826771654,938051
-222.858886719,144.194519043,0.2724609375,0.181102362205,0.385826771654,938056
-223.34777832,143.947143555,0.28515625,0.181102362205,0.385826771654,938061
-223.897766113,143.782226562,0.3037109375,0.181102362205,0.385826771654,938066
-224.631103516,143.61730957,0.3203125,0.181102362205,0.385826771654,938071
-225.547790527,143.507385254,0.33251953125,0.181102362205,0.385826771654,938076
-226.586700439,143.397399902,0.3447265625,0.181102362205,0.385826771654,938081
-227.900604248,143.397399902,0.3544921875,0.181102362205,0.385826771654,938087
-229.336730957,143.534851074,0.3642578125,0.181102362205,0.385826771654,938091
-231.047851562,143.782226562,0.37548828125,0.181102362205,0.385826771654,938096
-233.033966064,144.167053223,0.38232421875,0.181102362205,0.385826771654,938101
-235.203430176,144.71673584,0.39111328125,0.181102362205,0.385826771654,938107
-237.617370605,145.348937988,0.39599609375,0.181102362205,0.385826771654,938112
-240.122924805,146.118591309,0.3984375,0.181102362205,0.385826771654,938117
-242.842407227,147.080627441,0.4013671875,0.181102362205,0.385826771654,938122
-245.74520874,148.180053711,0.40625,0.196850393701,0.370078740157,938127
-248.800811768,149.416931152,0.408203125,0.196850393701,0.370078740157,938132
-251.948059082,150.791259766,0.41015625,0.196850393701,0.370078740157,938137
-255.217529297,152.220581055,0.412109375,0.196850393701,0.370078740157,938142
-258.487030029,153.704833984,0.4140625,0.196850393701,0.370078740157,938147
-261.695373535,155.27154541,0.416015625,0.196850393701,0.354330708661,938152
-264.781524658,156.975708008,0.419921875,0.196850393701,0.354330708661,938157
-267.531555176,158.817321777,0.423828125,0.196850393701,0.354330708661,938162
-269.945465088,160.878845215,0.42919921875,0.196850393701,0.354330708661,938167
-272.114929199,163.160217285,0.43212890625,0.196850393701,0.354330708661,938172
-274.009399414,165.633972168,0.43505859375,0.212598425197,0.354330708661,938177
-275.628845215,168.300170898,0.43603515625,0.212598425197,0.354330708661,938182
-277.126098633,171.131286621,0.43701171875,0.212598425197,0.354330708661,938187
-278.348327637,174.04486084,0.43798828125,0.212598425197,0.354330708661,938192
-279.295562744,177.013366699,0.4375,0.212598425197,0.338582677165,938197
-279.937225342,179.789550781,0.43798828125,0.212598425197,0.338582677165,938202
-280.303894043,182.31829834,0.4384765625,0.212598425197,0.338582677165,938207
-280.334472656,184.59967041,0.43896484375,0.212598425197,0.338582677165,938213
-280.059448242,186.661132812,0.43994140625,0.212598425197,0.322834645669,938217
-279.540008545,188.585205078,0.4404296875,0.212598425197,0.322834645669,938222
-278.776123047,190.536743164,0.44091796875,0.212598425197,0.322834645669,938227
-277.859436035,192.46081543,0.44189453125,0.212598425197,0.307086614173,938232
-276.759429932,194.439819336,0.443359375,0.212598425197,0.307086614173,938237
-275.506622314,196.446350098,0.4443359375,0.212598425197,0.307086614173,938242
-274.101074219,198.397888184,0.4462890625,0.212598425197,0.291338582677,938247
-272.4815979,200.266967773,0.44873046875,0.212598425197,0.291338582677,938252
-270.709350586,202.026062012,0.453125,0.212598425197,0.291338582677,938258
-268.662109375,203.647766113,0.45654296875,0.212598425197,0.291338582677,938262
-266.370422363,205.104553223,0.45849609375,0.212598425197,0.275590551181,938267
-263.834289551,206.39642334,0.4609375,0.212598425197,0.275590551181,938272
-260.992584229,207.495910645,0.462890625,0.212598425197,0.275590551181,938277
-257.937011719,208.457946777,0.4638671875,0.212598425197,0.259842519685,938282
-254.8203125,209.255065918,0.46435546875,0.212598425197,0.259842519685,938288
-251.611938477,209.887207031,0.46533203125,0.212598425197,0.259842519685,938292
-248.464691162,210.436950684,0.46630859375,0.212598425197,0.244094488189,938298
-245.286895752,210.87677002,0.46630859375,0.212598425197,0.244094488189,938303
-242.13961792,211.151611328,0.4677734375,0.212598425197,0.228346456693,938308
-238.992370605,211.426452637,0.46826171875,0.212598425197,0.228346456693,938313
-235.845123291,211.618896484,0.46875,0.212598425197,0.212598425197,938318
-232.728424072,211.70135498,0.4697265625,0.212598425197,0.212598425197,938323
-229.642272949,211.811279297,0.4697265625,0.212598425197,0.212598425197,938328
-226.617248535,211.811279297,0.470703125,0.196850393701,0.212598425197,938333
-223.592224121,211.756286621,0.46923828125,0.196850393701,0.212598425197,938338
-220.628295898,211.673828125,0.46875,0.196850393701,0.212598425197,938343
-217.664367676,211.481445312,0.46728515625,0.196850393701,0.212598425197,938348
-214.700469971,211.206604004,0.46533203125,0.196850393701,0.212598425197,938353
-211.950439453,210.821777344,0.46240234375,0.196850393701,0.212598425197,938358
-209.383728027,210.409484863,0.45849609375,0.181102362205,0.212598425197,938363
-207.06149292,209.997192383,0.45263671875,0.181102362205,0.212598425197,938368
-205.014251709,209.639831543,0.44482421875,0.181102362205,0.212598425197,938373
-203.180908203,209.309997559,0.4365234375,0.181102362205,0.212598425197,938378
-201.653076172,209.03515625,0.42919921875,0.181102362205,0.212598425197,938383
-200.278076172,208.870239258,0.42333984375,0.181102362205,0.212598425197,938388
-199.178100586,208.705322266,0.41796875,0.181102362205,0.212598425197,938393
-198.291931152,208.62286377,0.4091796875,0.181102362205,0.228346456693,938398
-197.589172363,208.567871094,0.39794921875,0.181102362205,0.228346456693,938403
-197.100280762,208.540405273,0.38427734375,0.181102362205,0.228346456693,938408
-196.764160156,208.540405273,0.359375,0.181102362205,0.228346456693,938414
-196.61138916,208.567871094,0.32275390625,0.181102362205,0.244094488189,938418
-196.519714355,208.595336914,0.27197265625,0.196850393701,0.244094488189,938423
-196.519714355,208.595336914,0.21484375,0.196850393701,0.244094488189,938428
-196.672485352,208.732788086,0.15380859375,0.196850393701,0.244094488189,938433
-196.855834961,208.897705078,0.0888671875,0.196850393701,0.244094488189,938438
-197.130859375,209.06262207,0.0888671875,0.196850393701,0.244094488189,938443
0,0,0,0,0,0
65.924621582,159.504516602,0.228515625,0.181102362205,0.417322834646,939062
65.6801757812,159.39453125,0.2314453125,0.181102362205,0.417322834646,939067
65.3134765625,159.312072754,0.2265625,0.181102362205,0.417322834646,939072
64.8245849609,159.202148438,0.2216796875,0.181102362205,0.417322834646,939077
64.2440185547,159.037231445,0.22265625,0.181102362205,0.40157480315,939082
63.6329345703,158.927246094,0.228515625,0.165354330709,0.40157480315,939087
62.899597168,158.844787598,0.2373046875,0.165354330709,0.40157480315,939092
61.9829101562,158.707397461,0.24609375,0.165354330709,0.40157480315,939097
60.9134521484,158.707397461,0.25341796875,0.165354330709,0.40157480315,939102
59.6606445312,158.679870605,0.25927734375,0.165354330709,0.40157480315,939107
58.2245483398,158.652404785,0.26220703125,0.165354330709,0.40157480315,939112
56.6356201172,158.679870605,0.26708984375,0.165354330709,0.40157480315,939117
54.8939208984,158.762329102,0.2705078125,0.165354330709,0.40157480315,939122
53.0300292969,158.98223877,0.27685546875,0.165354330709,0.40157480315,939127
50.9827880859,159.339599609,0.28466796875,0.165354330709,0.40157480315,939132
48.8133544922,159.889282227,0.29150390625,0.165354330709,0.417322834646,939137
46.4299926758,160.603942871,0.296875,0.165354330709,0.417322834646,939142
43.8327026367,161.510986328,0.2998046875,0.165354330709,0.417322834646,939147
41.0521240234,162.665466309,0.3037109375,0.165354330709,0.417322834646,939152
38.0881958008,164.012268066,0.3056640625,0.165354330709,0.417322834646,939157
34.9104003906,165.633972168,0.306640625,0.165354330709,0.417322834646,939162
31.5492553711,167.448059082,0.30908203125,0.165354330709,0.417322834646,939167
27.9742431641,169.50958252,0.31396484375,0.165354330709,0.417322834646,939172
24.3380737305,171.873413086,0.32080078125,0.165354330709,0.417322834646,939178
20.7324829102,174.484619141,0.3232421875,0.165354330709,0.417322834646,939182
17.3102416992,177.343200684,0.32470703125,0.165354330709,0.417322834646,939188
14.1629638672,180.256774902,0.32568359375,0.181102362205,0.417322834646,939192
11.3212890625,183.280334473,0.3271484375,0.181102362205,0.40157480315,939198
8.96850585938,186.386291504,0.32861328125,0.181102362205,0.40157480315,939202
7.07403564453,189.574707031,0.3310546875,0.196850393701,0.40157480315,939208
5.69897460938,192.955566406,0.33251953125,0.196850393701,0.40157480315,939213
4.84344482422,196.363891602,0.333984375,0.196850393701,0.385826771654,939218
4.41564941406,199.772216797,0.33447265625,0.212598425197,0.385826771654,939223
4.47674560547,203.153015137,0.33349609375,0.212598425197,0.385826771654,939229
4.96563720703,206.39642334,0.33349609375,0.212598425197,0.370078740157,939233
5.82122802734,209.502441406,0.33056640625,0.212598425197,0.370078740157,939238
6.95178222656,212.470947266,0.32421875,0.212598425197,0.354330708661,939243
8.38793945312,215.247070312,0.32275390625,0.212598425197,0.338582677165,939248
10.0684814453,217.830810547,0.322265625,0.212598425197,0.322834645669,939253
12.0852050781,220.194641113,0.3232421875,0.212598425197,0.307086614173,939258
14.5296630859,222.201171875,0.32666015625,0.212598425197,0.291338582677,939263
17.4019165039,223.850341797,0.33203125,0.212598425197,0.275590551181,939268
20.7324829102,225.19720459,0.333984375,0.196850393701,0.259842519685,939273
24.4297485352,226.269165039,0.33447265625,0.196850393701,0.259842519685,939278
28.3714599609,227.176208496,0.3359375,0.196850393701,0.244094488189,939283
32.5576171875,227.890869141,0.33642578125,0.196850393701,0.228346456693,939288
36.8659667969,228.413146973,0.3388671875,0.181102362205,0.228346456693,939293
41.3271484375,228.715454102,0.33984375,0.181102362205,0.212598425197,939298
45.9105224609,228.715454102,0.34130859375,0.181102362205,0.212598425197,939303
50.5855712891,228.468078613,0.34326171875,0.181102362205,0.212598425197,939308
55.2911987305,227.945861816,0.34326171875,0.181102362205,0.212598425197,939313
59.9662475586,227.313659668,0.34326171875,0.181102362205,0.212598425197,939318
64.5801391602,226.598999023,0.3447265625,0.165354330709,0.212598425197,939323
69.1329956055,225.884338379,0.34521484375,0.165354330709,0.212598425197,939328
73.5635986328,225.142211914,0.34521484375,0.165354330709,0.212598425197,939333
77.9025268555,224.482543945,0.34619140625,0.165354330709,0.212598425197,939338
81.9970092773,223.850341797,0.34619140625,0.165354330709,0.212598425197,939343
85.7553710938,223.383117676,0.34619140625,0.165354330709,0.212598425197,939348
89.0554199219,222.970825195,0.34716796875,0.165354330709,0.212598425197,939353
91.7749023438,222.695922852,0.3466796875,0.149606299213,0.212598425197,939358
93.9749145508,222.421081543,0.3466796875,0.149606299213,0.212598425197,939364
95.6860351562,222.173706055,0.3466796875,0.149606299213,0.212598425197,939369
96.9082641602,221.926330566,0.34716796875,0.149606299213,0.212598425197,939373
97.7332763672,221.733886719,0.34814453125,0.149606299213,0.212598425197,939379
98.2221679688,221.596496582,0.35009765625,0.149606299213,0.212598425197,939384
98.4666137695,221.404052734,0.3505859375,0.149606299213,0.212598425197,939389
98.5888671875,221.294128418,0.3525390625,0.133858267717,0.228346456693,939394
98.6499633789,221.129211426,0.35205078125,0.133858267717,0.228346456693,939399
98.7721557617,220.964294434,0.34912109375,0.133858267717,0.228346456693,939404
98.8944091797,220.744384766,0.33935546875,0.133858267717,0.228346456693,939410
98.9860839844,220.414550781,0.31689453125,0.133858267717,0.228346456693,939414
99.0166015625,220.057250977,0.2744140625,0.133858267717,0.228346456693,939419
98.9249267578,219.617431641,0.2080078125,0.133858267717,0.228346456693,939424
98.802734375,219.150146484,0.11669921875,0.133858267717,0.228346456693,939429
98.5888671875,218.737854004,0.11669921875,0.133858267717,0.228346456693,939434
0,0,0,0,0,0
342.88293457,160.109191895,0.22265625,0.0866141732283,0.448818897638,940052
343.005249023,159.999267578,0.23095703125,0.0866141732283,0.448818897638,940057
343.005249023,159.889282227,0.23095703125,0.0866141732283,0.433070866142,940062
342.913574219,159.77935791,0.22998046875,0.0866141732283,0.433070866142,940067
342.730224609,159.614440918,0.23046875,0.0866141732283,0.433070866142,940072
342.546875,159.504516602,0.23828125,0.0708661417323,0.433070866142,940078
342.333007812,159.339599609,0.24609375,0.0708661417323,0.433070866142,940082
341.996826172,159.202148438,0.25439453125,0.0708661417323,0.433070866142,940088
341.599609375,159.037231445,0.26806640625,0.0708661417323,0.433070866142,940092
341.019042969,158.844787598,0.2783203125,0.0708661417323,0.433070866142,940098
340.31628418,158.734863281,0.2880859375,0.0708661417323,0.433070866142,940102
339.521850586,158.597412109,0.29833984375,0.0708661417323,0.433070866142,940108
338.635742188,158.542480469,0.3076171875,0.0708661417323,0.433070866142,940112
337.535766602,158.542480469,0.31689453125,0.0708661417323,0.433070866142,940118
336.19128418,158.542480469,0.32275390625,0.0708661417323,0.433070866142,940123
334.571777344,158.652404785,0.328125,0.0708661417323,0.433070866142,940128
332.677368164,158.844787598,0.3349609375,0.0708661417323,0.433070866142,940133
330.538452148,159.147155762,0.34326171875,0.0708661417323,0.433070866142,940138
328.124511719,159.614440918,0.3525390625,0.0708661417323,0.433070866142,940143
325.496704102,160.191650391,0.3583984375,0.0708661417323,0.433070866142,940148
322.655029297,160.906311035,0.36376953125,0.0708661417323,0.433070866142,940153
319.538330078,161.785888672,0.3681640625,0.0708661417323,0.433070866142,940158
316.207763672,162.857849121,0.3720703125,0.0708661417323,0.433070866142,940163
312.63269043,164.232177734,0.376953125,0.0708661417323,0.433070866142,940168
308.935424805,165.908813477,0.38037109375,0.0866141732283,0.417322834646,940173
305.115966797,167.832885742,0.38525390625,0.0866141732283,0.417322834646,940178
301.296447754,170.004333496,0.38916015625,0.0866141732283,0.417322834646,940183
297.507507324,172.340698242,0.3935546875,0.0866141732283,0.417322834646,940189
293.810241699,174.814453125,0.3984375,0.0866141732283,0.417322834646,940193
290.326904297,177.315734863,0.40185546875,0.0866141732283,0.417322834646,940199
287.08795166,179.734558105,0.4052734375,0.0866141732283,0.417322834646,940203
284.154602051,182.070922852,0.40625,0.0866141732283,0.40157480315,940209
281.557373047,184.297302246,0.40771484375,0.102362204724,0.40157480315,940214
279.204589844,186.578674316,0.41064453125,0.102362204724,0.40157480315,940219
277.279541016,188.887573242,0.41064453125,0.102362204724,0.40157480315,940223
275.721191406,191.251403809,0.412109375,0.102362204724,0.385826771654,940229
274.529541016,193.670227051,0.416015625,0.11811023622,0.385826771654,940233
273.796203613,196.143981934,0.41796875,0.11811023622,0.385826771654,940239
273.429504395,198.700195312,0.419921875,0.11811023622,0.370078740157,940243
273.490600586,201.311462402,0.4208984375,0.133858267717,0.370078740157,940249
273.887817383,204.005126953,0.421875,0.133858267717,0.370078740157,940253
274.621154785,206.588867188,0.4228515625,0.133858267717,0.354330708661,940258
275.721191406,209.007629395,0.4248046875,0.133858267717,0.354330708661,940263
277.065673828,211.2890625,0.42431640625,0.133858267717,0.338582677165,940268
278.776794434,213.377990723,0.42626953125,0.133858267717,0.322834645669,940273
280.701782227,215.247070312,0.42578125,0.133858267717,0.307086614173,940279
282.901794434,216.92376709,0.42822265625,0.133858267717,0.307086614173,940283
285.376831055,218.325561523,0.4287109375,0.133858267717,0.291338582677,940288
288.157409668,219.425048828,0.4296875,0.133858267717,0.275590551181,940294
291.274108887,220.304626465,0.43017578125,0.133858267717,0.259842519685,940299
294.788024902,221.019226074,0.43310546875,0.133858267717,0.259842519685,940304
298.668640137,221.514038086,0.43408203125,0.11811023622,0.244094488189,940309
302.793701172,221.953796387,0.4365234375,0.11811023622,0.244094488189,940314
307.193725586,222.228637695,0.439453125,0.11811023622,0.228346456693,940319
311.746582031,222.448547363,0.44140625,0.11811023622,0.228346456693,940324
316.360473633,222.723388672,0.4423828125,0.11811023622,0.228346456693,940329
320.913330078,222.91583252,0.44384765625,0.102362204724,0.228346456693,940334
325.34387207,223.190673828,0.4443359375,0.102362204724,0.228346456693,940339
329.530029297,223.410583496,0.4453125,0.102362204724,0.228346456693,940344
333.471801758,223.602966309,0.4453125,0.102362204724,0.228346456693,940349
337.107910156,223.795410156,0.44580078125,0.102362204724,0.228346456693,940354
340.377441406,223.905334473,0.4462890625,0.102362204724,0.228346456693,940359
343.280273438,223.987792969,0.4462890625,0.0866141732283,0.228346456693,940364
345.694091797,224.070251465,0.44677734375,0.0866141732283,0.212598425197,940369
347.771972656,224.125244141,0.4462890625,0.0866141732283,0.212598425197,940374
349.452514648,224.180175781,0.4462890625,0.0866141732283,0.212598425197,940379
350.827514648,224.180175781,0.44677734375,0.0866141732283,0.212598425197,940384
351.958129883,224.097717285,0.44677734375,0.0708661417323,0.212598425197,940389
352.905273438,224.015258789,0.44677734375,0.0708661417323,0.228346456693,940394
353.669189453,223.850341797,0.447265625,0.0708661417323,0.228346456693,940399
354.310913086,223.74041748,0.4462890625,0.0708661417323,0.228346456693,940404
354.92199707,223.630493164,0.4443359375,0.0708661417323,0.228346456693,940410
355.472045898,223.410583496,0.443359375,0.0708661417323,0.228346456693,940414
356.083129883,223.273132324,0.439453125,0.0708661417323,0.228346456693,940419
356.694213867,223.053283691,0.4306640625,0.0708661417323,0.228346456693,940424
357.305297852,222.778381348,0.4130859375,0.0708661417323,0.228346456693,940429
357.885864258,222.531005859,0.38671875,0.0708661417323,0.212598425197,940434
358.435913086,222.173706055,0.3505859375,0.0708661417323,0.212598425197,940439
358.955322266,221.816345215,0.30029296875,0.0708661417323,0.212598425197,940444
359.352661133,221.48651123,0.22216796875,0.0708661417323,0.212598425197,940449
359.688720703,221.129211426,0.1123046875,0.0708661417323,0.212598425197,940455
359.902587891,220.799377441,0.1123046875,0.0708661417323,0.228346456693,940460
0,0,0,0,0,0
566.368652344,171.79095459,0.23486328125,0.00787401574803,0.527559055118,941093
566.826904297,171.461120605,0.24267578125,0.00787401574803,0.527559055118,941098
567.101928711,171.213745117,0.2412109375,-0.00787401574803,0.511811023622,941103
567.315795898,170.828918457,0.23828125,-0.0236220472441,0.511811023622,941108
567.529663086,170.416625977,0.236328125,-0.0236220472441,0.511811023622,941113
567.713012695,170.086791992,0.2373046875,-0.0236220472441,0.496062992126,941118
567.835327148,169.701965332,0.2421875,-0.0393700787402,0.496062992126,941123
567.927001953,169.372131348,0.25537109375,-0.0393700787402,0.496062992126,941128
567.927001953,169.124755859,0.26904296875,-0.0393700787402,0.496062992126,941133
567.865844727,168.877380371,0.287109375,-0.0393700787402,0.496062992126,941138
567.743652344,168.630004883,0.29833984375,-0.0551181102362,0.496062992126,941143
567.621337891,168.465087891,0.306640625,-0.0551181102362,0.496062992126,941148
567.407470703,168.272705078,0.3134765625,-0.0551181102362,0.496062992126,941153
567.132446289,168.08026123,0.3154296875,-0.0551181102362,0.496062992126,941159
566.704711914,167.915344238,0.31640625,-0.0551181102362,0.496062992126,941164
566.032470703,167.695495605,0.31689453125,-0.0551181102362,0.496062992126,941168
565.085205078,167.530517578,0.3173828125,-0.0551181102362,0.496062992126,941173
563.801879883,167.365600586,0.3173828125,-0.0551181102362,0.496062992126,941179
562.213012695,167.25567627,0.3173828125,-0.0551181102362,0.496062992126,941183
560.349121094,167.228210449,0.318359375,-0.0551181102362,0.496062992126,941189
558.149047852,167.28314209,0.318359375,-0.0551181102362,0.496062992126,941194
555.704589844,167.475585938,0.31884765625,-0.0551181102362,0.496062992126,941199
553.046264648,167.805419922,0.31982421875,-0.0551181102362,0.496062992126,941204
550.051757812,168.382629395,0.3212890625,-0.0551181102362,0.496062992126,941209
546.904541016,169.124755859,0.3251953125,-0.0551181102362,0.496062992126,941214
543.482299805,170.004333496,0.33251953125,-0.0551181102362,0.496062992126,941219
539.876708984,171.131286621,0.33740234375,-0.0551181102362,0.48031496063,941224
536.118286133,172.450622559,0.34619140625,-0.0551181102362,0.48031496063,941229
532.268188477,173.962402344,0.35498046875,-0.0551181102362,0.48031496063,941234
528.479370117,175.721496582,0.36279296875,-0.0393700787402,0.48031496063,941239
524.782104492,177.618103027,0.36865234375,-0.0393700787402,0.48031496063,941244
521.20703125,179.624572754,0.373046875,-0.0393700787402,0.464566929134,941249
517.845825195,181.686096191,0.37548828125,-0.0393700787402,0.464566929134,941254
514.790283203,183.857543945,0.37939453125,-0.0393700787402,0.464566929134,941259
512.162475586,186.193847656,0.3837890625,-0.0393700787402,0.448818897638,941264
509.901367188,188.72265625,0.3876953125,-0.0393700787402,0.448818897638,941269
508.098510742,191.443786621,0.39013671875,-0.0393700787402,0.448818897638,941274
506.723510742,194.274902344,0.3916015625,-0.0393700787402,0.433070866142,941279
505.623535156,197.161010742,0.392578125,-0.0393700787402,0.417322834646,941284
504.890136719,200.019592285,0.39306640625,-0.0393700787402,0.417322834646,941289
504.431884766,202.740722656,0.3935546875,-0.0393700787402,0.40157480315,941294
504.248535156,205.324462891,0.39453125,-0.0393700787402,0.40157480315,941299
504.431884766,207.660827637,0.3955078125,-0.0393700787402,0.385826771654,941304
504.920776367,209.777282715,0.3984375,-0.0393700787402,0.370078740157,941309
505.776367188,211.783813477,0.40185546875,-0.0393700787402,0.354330708661,941314
506.93737793,213.762817383,0.40673828125,-0.0393700787402,0.338582677165,941319
508.3125,215.714355469,0.41357421875,-0.0393700787402,0.322834645669,941325
509.931884766,217.693359375,0.41748046875,-0.0393700787402,0.307086614173,941330
511.887451172,219.699890137,0.42138671875,-0.0393700787402,0.291338582677,941334
514.179199219,221.651428223,0.42578125,-0.0393700787402,0.275590551181,941340
516.868041992,223.575500488,0.431640625,-0.0393700787402,0.259842519685,941345
519.984741211,225.472045898,0.4365234375,-0.0393700787402,0.259842519685,941350
523.43762207,227.313659668,0.43896484375,-0.0393700787402,0.244094488189,941355
527.2265625,229.045288086,0.4404296875,-0.0393700787402,0.244094488189,941360
531.229370117,230.666992188,0.4404296875,-0.0393700787402,0.244094488189,941365
535.446044922,232.151306152,0.4423828125,-0.0393700787402,0.228346456693,941370
539.78503418,233.44317627,0.4423828125,-0.0393700787402,0.228346456693,941375
544.123901367,234.515136719,0.44091796875,-0.0393700787402,0.228346456693,941380
548.462890625,235.422180176,0.4404296875,-0.0551181102362,0.212598425197,941385
552.649047852,236.109313965,0.4384765625,-0.0551181102362,0.212598425197,941390
556.712890625,236.604064941,0.43505859375,-0.0551181102362,0.212598425197,941395
560.654663086,236.933959961,0.43212890625,-0.0551181102362,0.212598425197,941400
564.474121094,237.20880127,0.42724609375,-0.0708661417323,0.212598425197,941405
568.110229492,237.401184082,0.4228515625,-0.0708661417323,0.212598425197,941410
571.624145508,237.59362793,0.419921875,-0.0708661417323,0.212598425197,941415
574.924194336,237.786010742,0.41455078125,-0.0866141732283,0.212598425197,941420
578.010375977,237.868469238,0.4130859375,-0.0866141732283,0.212598425197,941425
580.852050781,237.950927734,0.41064453125,-0.0866141732283,0.212598425197,941430
583.388183594,237.950927734,0.40966796875,-0.0866141732283,0.212598425197,941435
585.649291992,237.895935059,0.40869140625,-0.102362204724,0.228346456693,941440
587.635498047,237.813476562,0.40771484375,-0.102362204724,0.228346456693,941445
589.407714844,237.758544922,0.4072265625,-0.102362204724,0.228346456693,941450
590.874389648,237.703552246,0.4072265625,-0.102362204724,0.244094488189,941455
592.188354492,237.703552246,0.4052734375,-0.0866141732283,0.244094488189,941460
593.349365234,237.676086426,0.39990234375,-0.0866141732283,0.244094488189,941465
594.296630859,237.62109375,0.38916015625,-0.0866141732283,0.244094488189,941470
595.213378906,237.538635254,0.3779296875,-0.0866141732283,0.244094488189,941475
596.0078125,237.483642578,0.36181640625,-0.0866141732283,0.259842519685,941480
596.741088867,237.456176758,0.34130859375,-0.0866141732283,0.259842519685,941485
597.3828125,237.318725586,0.306640625,-0.0866141732283,0.259842519685,941490
597.90222168,237.20880127,0.2578125,-0.0866141732283,0.259842519685,941495
598.391113281,237.016418457,0.1943359375,-0.0866141732283,0.259842519685,941500
598.788330078,236.796508789,0.119140625,-0.0866141732283,0.259842519685,941506
599.063354492,236.549133301,0.119140625,-0.0866141732283,0.259842519685,941511
0,0,0,0,0,0
