x,y,p,xt,yt,time
0,0,0,0,0,0
-575.076339722,-256.805877686,0.24072265625,0.244094488189,0.685039370079,1149670
-574.923568726,-256.778396606,0.24462890625,0.259842519685,0.685039370079,1149675
-574.740234375,-256.723419189,0.24609375,0.259842519685,0.685039370079,1149680
-574.679122925,-256.640960693,0.24658203125,0.259842519685,0.700787401575,1149685
-574.618011475,-256.558502197,0.2470703125,0.275590551181,0.700787401575,1149690
-574.618011475,-256.558502197,0.25244140625,0.275590551181,0.700787401575,1149695
-574.58744812,-256.393585205,0.2626953125,0.275590551181,0.700787401575,1149700
-574.709671021,-256.228652954,0.27392578125,0.275590551181,0.700787401575,1149705
-574.923568726,-255.926315308,0.2880859375,0.275590551181,0.700787401575,1149710
-575.320785522,-255.486526489,0.30126953125,0.275590551181,0.700787401575,1149715
-575.870803833,-254.799362183,0.3193359375,0.275590551181,0.700787401575,1149720
-576.634689331,-253.947280884,0.32958984375,0.275590551181,0.700787401575,1149725
-577.520812988,-252.820343018,0.3427734375,0.275590551181,0.700787401575,1149731
-578.498596191,-251.500991821,0.35400390625,0.275590551181,0.700787401575,1149735
-579.568054199,-250.016708374,0.3603515625,0.259842519685,0.700787401575,1149741
-580.637512207,-248.367523193,0.36669921875,0.259842519685,0.700787401575,1149745
-581.645858765,-246.5809021,0.3701171875,0.259842519685,0.700787401575,1149750
-582.654205322,-244.629364014,0.37646484375,0.259842519685,0.700787401575,1149755
-583.631988525,-242.512908936,0.37890625,0.259842519685,0.700787401575,1149761
-584.640335083,-240.204040527,0.3798828125,0.259842519685,0.685039370079,1149765
-585.770904541,-237.592819214,0.3828125,0.259842519685,0.669291338583,1149770
-586.90145874,-234.789199829,0.3828125,0.244094488189,0.669291338583,1149775
-588.062591553,-231.738204956,0.384765625,0.244094488189,0.653543307087,1149781
-589.223709106,-228.467300415,0.38916015625,0.244094488189,0.653543307087,1149785
-590.293167114,-225.086471558,0.39404296875,0.244094488189,0.637795275591,1149791
-591.270950317,-221.705627441,0.400390625,0.244094488189,0.637795275591,1149795
-592.065414429,-218.379760742,0.40380859375,0.244094488189,0.622047244094,1149801
-592.523742676,-215.10887146,0.408203125,0.244094488189,0.606299212598,1149806
-592.61541748,-211.920440674,0.41015625,0.259842519685,0.590551181102,1149811
-592.401519775,-208.70451355,0.41162109375,0.259842519685,0.590551181102,1149816
-591.820968628,-205.543579102,0.4140625,0.259842519685,0.590551181102,1149821
-590.995956421,-202.520065308,0.4140625,0.259842519685,0.574803149606,1149826
-589.834838867,-199.606491089,0.41357421875,0.259842519685,0.55905511811,1149831
-588.307037354,-196.995269775,0.41455078125,0.275590551181,0.55905511811,1149836
-586.320907593,-194.60395813,0.41455078125,0.275590551181,0.543307086614,1149841
-583.845870972,-192.54246521,0.4150390625,0.275590551181,0.527559055118,1149846
-580.881958008,-190.783325195,0.41552734375,0.275590551181,0.527559055118,1149851
-577.490264893,-189.271575928,0.416015625,0.275590551181,0.511811023622,1149856
-573.884658813,-188.034683228,0.41748046875,0.275590551181,0.496062992126,1149861
-570.248519897,-187.072647095,0.41748046875,0.275590551181,0.496062992126,1149866
-566.612365723,-186.275543213,0.41796875,0.259842519685,0.48031496063,1149871
-563.098449707,-185.670837402,0.4189453125,0.259842519685,0.48031496063,1149876
-559.645629883,-185.258544922,0.419921875,0.259842519685,0.48031496063,1149881
-556.345596313,-184.983673096,0.4208984375,0.244094488189,0.48031496063,1149886
-553.259460449,-184.873733521,0.421875,0.244094488189,0.48031496063,1149891
-550.387207031,-184.791275024,0.42236328125,0.244094488189,0.48031496063,1149896
-547.789962769,-184.791275024,0.42236328125,0.228346456693,0.48031496063,1149901
-545.437149048,-184.873733521,0.4228515625,0.212598425197,0.48031496063,1149906
-543.389907837,-185.011169434,0.423828125,0.212598425197,0.48031496063,1149911
-541.526000977,-185.286026001,0.42333984375,0.196850393701,0.48031496063,1149916
-539.906539917,-185.643356323,0.423828125,0.196850393701,0.464566929134,1149921
-538.470413208,-186.028167725,0.423828125,0.181102362205,0.464566929134,1149926
-537.156509399,-186.440460205,0.42431640625,0.181102362205,0.464566929134,1149931
-536.08706665,-186.770294189,0.423828125,0.165354330709,0.464566929134,1149936
-535.353713989,-187.045166016,0.4248046875,0.165354330709,0.464566929134,1149942
-534.925933838,-187.210083008,0.42578125,0.165354330709,0.464566929134,1149946
-534.712051392,-187.292541504,0.4267578125,0.149606299213,0.464566929134,1149952
-534.712051392,-187.292541504,0.4208984375,0.149606299213,0.464566929134,1149971
-534.712051392,-187.292541504,0.4111328125,0.149606299213,0.464566929134,1149977
-534.895385742,-187.347518921,0.380859375,0.149606299213,0.464566929134,1149982
-535.109268188,-187.347518921,0.3134765625,0.149606299213,0.464566929134,1149986
-535.53704834,-187.292541504,0.212890625,0.149606299213,0.464566929134,1149992
-536.08706665,-187.210083008,0.09228515625,0.149606299213,0.464566929134,1149997
-536.881515503,-187.017684937,0.09228515625,0.149606299213,0.464566929134,1150002
0,0,0,0,0,0
-362.101959229,-259.911849976,0.17333984375,0.228346456693,0.606299212598,1150695
-362.071411133,-260.021789551,0.1748046875,0.212598425197,0.606299212598,1150701
-362.071411133,-260.104248047,0.17578125,0.212598425197,0.606299212598,1150706
-362.101959229,-260.24168396,0.17578125,0.196850393701,0.622047244094,1150716
-362.101959229,-260.24168396,0.17724609375,0.196850393701,0.622047244094,1150721
-362.193634033,-260.214202881,0.1806640625,0.196850393701,0.622047244094,1150726
-362.28527832,-260.049285889,0.1875,0.196850393701,0.622047244094,1150731
-362.46862793,-259.719451904,0.19775390625,0.196850393701,0.622047244094,1150736
-362.682525635,-259.142227173,0.20947265625,0.196850393701,0.622047244094,1150741
-362.988067627,-258.400085449,0.22119140625,0.196850393701,0.622047244094,1150746
-363.324188232,-257.438064575,0.236328125,0.196850393701,0.622047244094,1150751
-363.751983643,-256.228652954,0.248046875,0.196850393701,0.622047244094,1150756
-364.27142334,-254.771881104,0.2626953125,0.196850393701,0.622047244094,1150761
-364.82144165,-253.067718506,0.275390625,0.196850393701,0.622047244094,1150766
-365.401977539,-251.198638916,0.28515625,0.196850393701,0.622047244094,1150771
-365.95199585,-249.164627075,0.29638671875,0.181102362205,0.622047244094,1150776
-366.440887451,-247.103149414,0.30615234375,0.181102362205,0.622047244094,1150781
-366.868682861,-244.904220581,0.31103515625,0.181102362205,0.606299212598,1150786
-367.265899658,-242.622848511,0.31591796875,0.181102362205,0.606299212598,1150791
-367.632568359,-240.259002686,0.31982421875,0.196850393701,0.590551181102,1150796
-367.968688965,-237.647796631,0.32275390625,0.196850393701,0.590551181102,1150801
-368.30480957,-234.899139404,0.326171875,0.196850393701,0.574803149606,1150806
-368.579803467,-232.013061523,0.3310546875,0.196850393701,0.574803149606,1150811
-368.763122559,-229.072006226,0.33837890625,0.196850393701,0.55905511811,1150816
-368.854797363,-226.103469849,0.3466796875,0.196850393701,0.55905511811,1150821
-368.702026367,-223.18989563,0.35546875,0.196850393701,0.543307086614,1150826
-368.274230957,-220.413757324,0.3662109375,0.196850393701,0.527559055118,1150831
-367.602020264,-217.720092773,0.3740234375,0.196850393701,0.511811023622,1150836
-366.624237061,-215.136352539,0.3798828125,0.196850393701,0.511811023622,1150841
-365.371429443,-212.60760498,0.38671875,0.196850393701,0.496062992126,1150846
-363.874206543,-210.161300659,0.39404296875,0.196850393701,0.496062992126,1150851
-362.071411133,-207.852432251,0.4013671875,0.181102362205,0.48031496063,1150856
-359.901947021,-205.626037598,0.40625,0.181102362205,0.48031496063,1150861
-357.396362305,-203.564544678,0.4091796875,0.181102362205,0.464566929134,1150866
-354.585205078,-201.667984009,0.41064453125,0.181102362205,0.464566929134,1150872
-351.621307373,-199.908843994,0.4111328125,0.165354330709,0.448818897638,1150876
-348.596252441,-198.369598389,0.41162109375,0.165354330709,0.448818897638,1150882
-345.540679932,-196.940307617,0.41162109375,0.165354330709,0.433070866142,1150886
-342.515655518,-195.675918579,0.412109375,0.149606299213,0.433070866142,1150892
-339.551727295,-194.631439209,0.412109375,0.149606299213,0.417322834646,1150896
-336.648925781,-193.724380493,0.41259765625,0.149606299213,0.417322834646,1150902
-333.837768555,-193.037216187,0.41259765625,0.149606299213,0.417322834646,1150907
-331.11831665,-192.487487793,0.41357421875,0.133858267717,0.417322834646,1150912
-328.459960938,-192.130172729,0.4140625,0.133858267717,0.40157480315,1150917
-325.83215332,-191.937759399,0.4140625,0.133858267717,0.40157480315,1150922
-323.296020508,-191.882781982,0.4150390625,0.133858267717,0.40157480315,1150927
-320.790435791,-191.992736816,0.41552734375,0.133858267717,0.40157480315,1150932
-318.498748779,-192.185134888,0.416015625,0.133858267717,0.40157480315,1150937
-316.420928955,-192.487487793,0.41650390625,0.133858267717,0.40157480315,1150942
-314.648712158,-192.762359619,0.41650390625,0.133858267717,0.40157480315,1150947
-313.15145874,-193.064712524,0.4169921875,0.133858267717,0.40157480315,1150952
-311.959777832,-193.339569092,0.41796875,0.133858267717,0.40157480315,1150957
-311.073669434,-193.559463501,0.41845703125,0.133858267717,0.40157480315,1150962
-310.462554932,-193.834335327,0.41943359375,0.133858267717,0.40157480315,1150967
-310.09588623,-193.999252319,0.42041015625,0.133858267717,0.40157480315,1150972
-309.912536621,-194.109191895,0.42236328125,0.133858267717,0.40157480315,1150977
-309.820861816,-194.219146729,0.42333984375,0.133858267717,0.40157480315,1150982
-309.790313721,-194.301605225,0.421875,0.133858267717,0.40157480315,1150997
-309.820861816,-194.439025879,0.41064453125,0.133858267717,0.40157480315,1151002
-309.85144043,-194.548980713,0.38671875,0.133858267717,0.40157480315,1151007
-309.912536621,-194.713897705,0.34326171875,0.133858267717,0.40157480315,1151012
-309.97366333,-194.906295776,0.27099609375,0.133858267717,0.40157480315,1151017
-310.034759521,-195.098709106,0.17138671875,0.133858267717,0.40157480315,1151022
-310.187530518,-195.263626099,0.07373046875,0.133858267717,0.40157480315,1151027
-310.309753418,-195.346084595,0.07373046875,0.133858267717,0.40157480315,1151033
0,0,0,0,0,0
-94.7075805664,-264.639526367,0.21484375,0.212598425197,0.55905511811,1151601
-94.7075805664,-264.639526367,0.21875,0.196850393701,0.55905511811,1151606
-94.7380981445,-264.557067871,0.2216796875,0.196850393701,0.574803149606,1151610
-94.7380981445,-264.557067871,0.22314453125,0.181102362205,0.574803149606,1151615
-94.7380981445,-264.557067871,0.224609375,0.181102362205,0.574803149606,1151621
-94.7992553711,-264.474609375,0.23388671875,0.181102362205,0.574803149606,1151631
-94.9520263672,-264.17225647,0.240234375,0.165354330709,0.574803149606,1151636
-95.1658935547,-263.567550659,0.2451171875,0.165354330709,0.590551181102,1151641
-95.471496582,-262.550552368,0.2509765625,0.165354330709,0.590551181102,1151646
-95.899230957,-261.093765259,0.26220703125,0.165354330709,0.590551181102,1151651
-96.4492797852,-259.279663086,0.27978515625,0.165354330709,0.590551181102,1151656
-97.0909423828,-257.080734253,0.30419921875,0.165354330709,0.590551181102,1151661
-97.8242797852,-254.63444519,0.31982421875,0.165354330709,0.590551181102,1151666
-98.6798095703,-251.968261719,0.3310546875,0.165354330709,0.574803149606,1151671
-99.5048217773,-249.192123413,0.3427734375,0.165354330709,0.574803149606,1151676
-100.329833984,-246.278549194,0.3525390625,0.165354330709,0.574803149606,1151681
-101.063171387,-243.282516479,0.36279296875,0.165354330709,0.55905511811,1151686
-101.643737793,-240.231521606,0.36865234375,0.165354330709,0.55905511811,1151691
-102.010437012,-237.098068237,0.37158203125,0.165354330709,0.543307086614,1151696
-102.102111816,-233.93711853,0.37646484375,0.165354330709,0.527559055118,1151701
-101.918762207,-230.748687744,0.38330078125,0.165354330709,0.527559055118,1151706
-101.490966797,-227.477798462,0.390625,0.165354330709,0.511811023622,1151711
-100.818725586,-224.234390259,0.3955078125,0.165354330709,0.496062992126,1151716
-99.9020996094,-221.100921631,0.39990234375,0.165354330709,0.496062992126,1151721
-98.7409667969,-218.21484375,0.40771484375,0.165354330709,0.48031496063,1151726
-97.3353881836,-215.493682861,0.41357421875,0.165354330709,0.48031496063,1151731
-95.7159423828,-213.04737854,0.42041015625,0.149606299213,0.48031496063,1151736
-93.9131469727,-210.76600647,0.42431640625,0.149606299213,0.464566929134,1151741
-91.9575195312,-208.567092896,0.42919921875,0.149606299213,0.464566929134,1151746
-89.8797607422,-206.670516968,0.4326171875,0.133858267717,0.448818897638,1151751
-87.7102661133,-204.883895874,0.43603515625,0.133858267717,0.448818897638,1151756
-85.4185791016,-203.234710693,0.43701171875,0.133858267717,0.433070866142,1151761
-83.0352172852,-201.832901001,0.4404296875,0.11811023622,0.433070866142,1151766
-80.4685668945,-200.568511963,0.44287109375,0.11811023622,0.433070866142,1151772
-77.7185058594,-199.414093018,0.4453125,0.11811023622,0.417322834646,1151776
-74.8462524414,-198.397079468,0.44677734375,0.11811023622,0.417322834646,1151782
-71.912902832,-197.462539673,0.44873046875,0.11811023622,0.417322834646,1151787
-68.9489746094,-196.610458374,0.45068359375,0.102362204724,0.40157480315,1151792
-66.1072998047,-195.923309326,0.45263671875,0.102362204724,0.40157480315,1151796
-63.3878173828,-195.373565674,0.45361328125,0.102362204724,0.40157480315,1151802
-60.821105957,-195.043731689,0.45654296875,0.102362204724,0.40157480315,1151807
-58.3766479492,-194.851333618,0.4599609375,0.102362204724,0.40157480315,1151812
-55.9016113281,-194.796356201,0.46826171875,0.102362204724,0.40157480315,1151817
-53.3348999023,-194.906295776,0.4765625,0.102362204724,0.40157480315,1151822
-50.5543212891,-195.181167603,0.484375,0.102362204724,0.385826771654,1151827
-47.6209716797,-195.511001587,0.48876953125,0.0866141732283,0.385826771654,1151832
-44.5653686523,-195.950790405,0.49169921875,0.0866141732283,0.385826771654,1151837
-41.5403442383,-196.445541382,0.49560546875,0.0866141732283,0.385826771654,1151842
-38.6375732422,-196.830352783,0.5009765625,0.0866141732283,0.385826771654,1151847
-35.9791870117,-197.242660522,0.505859375,0.0866141732283,0.385826771654,1151852
-33.5958251953,-197.599975586,0.50927734375,0.0866141732283,0.40157480315,1151857
-31.5791625977,-197.984786987,0.5107421875,0.0866141732283,0.40157480315,1151862
-29.9291381836,-198.34211731,0.51220703125,0.0708661417323,0.40157480315,1151867
-28.615234375,-198.671951294,0.5126953125,0.0708661417323,0.40157480315,1151872
-27.6985473633,-198.974304199,0.513671875,0.0708661417323,0.40157480315,1151877
-27.1790771484,-199.194198608,0.5146484375,0.0708661417323,0.40157480315,1151882
-26.9346313477,-199.331634521,0.51611328125,0.0708661417323,0.40157480315,1151887
-26.8430175781,-199.441574097,0.51806640625,0.0551181102362,0.40157480315,1151892
-26.8430175781,-199.441574097,0.51611328125,0.0551181102362,0.40157480315,1151902
-26.8124389648,-199.524032593,0.5087890625,0.0551181102362,0.40157480315,1151907
-26.7818603516,-199.606491089,0.490234375,0.0551181102362,0.40157480315,1151912
-26.8124389648,-199.716430664,0.45751953125,0.0551181102362,0.40157480315,1151917
-26.9346313477,-199.881362915,0.4111328125,0.0551181102362,0.40157480315,1151922
-27.1485595703,-200.046279907,0.337890625,0.0708661417323,0.40157480315,1151927
-27.5457763672,-200.266174316,0.21630859375,0.0708661417323,0.40157480315,1151932
-28.065246582,-200.431091309,0.076171875,0.0708661417323,0.40157480315,1151937
-28.7374267578,-200.486053467,0.076171875,0.0708661417323,0.40157480315,1151943
0,0,0,0,0,0
160.678344727,-266.178771973,0.1943359375,0.0708661417323,0.590551181102,1152510
160.739440918,-266.288711548,0.197265625,0.0551181102362,0.590551181102,1152515
160.770019531,-266.151275635,0.19873046875,0.0551181102362,0.606299212598,1152531
160.739440918,-265.903900146,0.2119140625,0.0551181102362,0.606299212598,1152536
160.647827148,-265.519088745,0.23388671875,0.0551181102362,0.606299212598,1152541
160.494995117,-264.996856689,0.25146484375,0.0393700787402,0.606299212598,1152546
160.250549316,-264.227233887,0.2705078125,0.0393700787402,0.606299212598,1152551
159.85333252,-263.155258179,0.29150390625,0.0393700787402,0.606299212598,1152556
159.303344727,-261.780929565,0.3154296875,0.0393700787402,0.606299212598,1152561
158.631103516,-260.076766968,0.34033203125,0.0393700787402,0.606299212598,1152567
157.744995117,-258.097747803,0.3583984375,0.0393700787402,0.590551181102,1152571
156.706115723,-255.843856812,0.37548828125,0.0393700787402,0.590551181102,1152576
155.575500488,-253.370071411,0.3935546875,0.0393700787402,0.590551181102,1152581
154.383850098,-250.813827515,0.40625,0.0393700787402,0.574803149606,1152586
153.161621094,-248.120147705,0.41748046875,0.0393700787402,0.574803149606,1152591
152.061584473,-245.31652832,0.42529296875,0.0393700787402,0.55905511811,1152596
151.114379883,-242.485412598,0.43017578125,0.0551181102362,0.55905511811,1152601
150.411560059,-239.599334717,0.43359375,0.0551181102362,0.543307086614,1152607
150.106018066,-236.713256836,0.43603515625,0.0551181102362,0.543307086614,1152611
150.075500488,-233.772201538,0.44287109375,0.0551181102362,0.527559055118,1152616
150.411560059,-230.693710327,0.451171875,0.0551181102362,0.511811023622,1152621
150.961608887,-227.450302124,0.45751953125,0.0551181102362,0.511811023622,1152626
151.725463867,-224.069473267,0.46240234375,0.0551181102362,0.496062992126,1152631
152.611633301,-220.716110229,0.4658203125,0.0551181102362,0.496062992126,1152636
153.619934082,-217.362762451,0.4677734375,0.0551181102362,0.48031496063,1152641
154.68939209,-214.091873169,0.47021484375,0.0551181102362,0.48031496063,1152646
155.850524902,-210.985900879,0.47412109375,0.0551181102362,0.48031496063,1152651
157.072753906,-207.934906006,0.47607421875,0.0551181102362,0.464566929134,1152656
158.386657715,-205.1587677,0.4794921875,0.0393700787402,0.464566929134,1152661
159.822814941,-202.6849823,0.48193359375,0.0393700787402,0.448818897638,1152666
161.411682129,-200.458572388,0.48681640625,0.0393700787402,0.448818897638,1152671
163.245056152,-198.562011719,0.4912109375,0.0393700787402,0.433070866142,1152676
165.353393555,-196.802871704,0.49609375,0.0393700787402,0.433070866142,1152682
167.767333984,-195.181167603,0.49853515625,0.0236220472441,0.417322834646,1152686
170.517333984,-193.77935791,0.4990234375,0.0236220472441,0.417322834646,1152692
173.481262207,-192.54246521,0.49951171875,0.0236220472441,0.40157480315,1152696
176.659057617,-191.525466919,0.49951171875,0.0236220472441,0.40157480315,1152702
179.959106445,-190.755844116,0.50048828125,0.0236220472441,0.385826771654,1152707
183.259155273,-190.151138306,0.5009765625,0.0236220472441,0.385826771654,1152712
186.559204102,-189.766326904,0.50146484375,0.0236220472441,0.385826771654,1152716
189.67590332,-189.463973999,0.501953125,0.0236220472441,0.385826771654,1152722
192.639770508,-189.24407959,0.50146484375,0.0236220472441,0.385826771654,1152727
195.328735352,-189.161621094,0.501953125,0.0236220472441,0.385826771654,1152732
197.773193359,-189.051681519,0.5029296875,0.0236220472441,0.385826771654,1152737
200.034301758,-189.024200439,0.50244140625,0.0236220472441,0.385826771654,1152742
202.020446777,-189.106658936,0.50244140625,0.0236220472441,0.385826771654,1152747
203.884338379,-189.216598511,0.50244140625,0.0236220472441,0.385826771654,1152752
205.50378418,-189.43649292,0.50244140625,0.0236220472441,0.385826771654,1152757
206.97052002,-189.738845825,0.50244140625,0.0236220472441,0.385826771654,1152762
208.192749023,-190.04119873,0.5029296875,0.0236220472441,0.385826771654,1152767
209.170532227,-190.343551636,0.50341796875,0.0236220472441,0.385826771654,1152772
209.842773438,-190.563430786,0.50439453125,0.0236220472441,0.385826771654,1152777
210.270507812,-190.810821533,0.5048828125,0.0236220472441,0.385826771654,1152782
210.514953613,-190.975738525,0.505859375,0.0236220472441,0.370078740157,1152787
210.637207031,-191.140655518,0.50634765625,0.0236220472441,0.370078740157,1152792
210.759399414,-191.30557251,0.5048828125,0.0393700787402,0.370078740157,1152797
210.851074219,-191.470489502,0.49951171875,0.0393700787402,0.370078740157,1152802
210.912231445,-191.690383911,0.4833984375,0.0393700787402,0.370078740157,1152808
210.942749023,-191.992736816,0.453125,0.0393700787402,0.370078740157,1152813
210.789978027,-192.35005188,0.40283203125,0.0393700787402,0.370078740157,1152817
210.57611084,-192.707382202,0.31982421875,0.0393700787402,0.370078740157,1152822
210.14831543,-193.064712524,0.173828125,0.0393700787402,0.370078740157,1152827
209.53717041,-193.394546509,0.173828125,0.0393700787402,0.370078740157,1152832
0,0,0,0,0,0
450.19519043,-259.774414062,0.20849609375,0.0393700787402,0.637795275591,1153528
450.286865234,-259.829391479,0.2138671875,0.0393700787402,0.637795275591,1153531
450.256347656,-259.60949707,0.21533203125,0.0393700787402,0.653543307087,1153541
450.256347656,-259.307144165,0.2255859375,0.0393700787402,0.653543307087,1153548
450.256347656,-258.757415771,0.24755859375,0.0236220472441,0.653543307087,1153551
450.225708008,-258.125228882,0.2705078125,0.0236220472441,0.653543307087,1153558
450.134033203,-257.218170166,0.2900390625,0.0236220472441,0.653543307087,1153561
449.950683594,-256.063735962,0.30908203125,0.0236220472441,0.653543307087,1153567
449.67578125,-254.66192627,0.3271484375,0.0236220472441,0.653543307087,1153571
449.309082031,-252.875305176,0.34326171875,0.0236220472441,0.637795275591,1153577
448.759033203,-250.896286011,0.36328125,0.0236220472441,0.637795275591,1153582
448.147949219,-248.779815674,0.37646484375,0.0236220472441,0.637795275591,1153588
447.44519043,-246.498443604,0.38916015625,0.0236220472441,0.622047244094,1153591
446.620117188,-244.107116699,0.400390625,0.0236220472441,0.622047244094,1153596
445.764648438,-241.495895386,0.4091796875,0.0236220472441,0.606299212598,1153601
444.878417969,-238.719772339,0.416015625,0.0236220472441,0.606299212598,1153608
444.114624023,-235.943634033,0.419921875,0.0236220472441,0.590551181102,1153612
443.411743164,-233.167495728,0.42431640625,0.0236220472441,0.574803149606,1153618
442.861816406,-230.41885376,0.42626953125,0.0236220472441,0.574803149606,1153621
442.464599609,-227.587738037,0.427734375,0.0236220472441,0.55905511811,1153628
442.128417969,-224.729141235,0.43115234375,0.0236220472441,0.55905511811,1153632
441.914550781,-221.870544434,0.435546875,0.0236220472441,0.543307086614,1153638
441.792358398,-218.956985474,0.4423828125,0.0236220472441,0.543307086614,1153642
441.884033203,-216.098388672,0.45166015625,0.0236220472441,0.527559055118,1153648
442.250610352,-213.267272949,0.45751953125,0.0236220472441,0.527559055118,1153652
442.80065918,-210.408676147,0.4619140625,0.0236220472441,0.511811023622,1153658
443.686767578,-207.632553101,0.46630859375,0.0236220472441,0.511811023622,1153662
444.756225586,-204.993850708,0.47021484375,0.0236220472441,0.496062992126,1153669
446.131225586,-202.465087891,0.474609375,0.0236220472441,0.496062992126,1153672
447.811889648,-200.101242065,0.47802734375,0.0236220472441,0.48031496063,1153679
449.797973633,-197.92980957,0.48388671875,0.0236220472441,0.464566929134,1153682
452.150756836,-195.895812988,0.49072265625,0.0236220472441,0.464566929134,1153689
454.778564453,-194.026733398,0.4951171875,0.0236220472441,0.448818897638,1153692
457.681396484,-192.405029297,0.4990234375,0.0236220472441,0.448818897638,1153697
460.889770508,-190.975738525,0.50341796875,0.00787401574803,0.433070866142,1153702
464.373168945,-189.766326904,0.50732421875,0.00787401574803,0.433070866142,1153707
468.0703125,-188.831787109,0.51025390625,0.00787401574803,0.433070866142,1153712
471.920410156,-188.089660645,0.51171875,0.00787401574803,0.433070866142,1153719
475.892700195,-187.539916992,0.51171875,0.00787401574803,0.433070866142,1153723
479.864990234,-187.155105591,0.51220703125,0.00787401574803,0.433070866142,1153729
483.806640625,-186.907730103,0.51171875,-0.00787401574803,0.433070866142,1153733
487.626098633,-186.660354614,0.51171875,-0.00787401574803,0.433070866142,1153739
491.170654297,-186.550415039,0.51220703125,-0.0236220472441,0.433070866142,1153742
494.37902832,-186.467956543,0.5126953125,-0.0236220472441,0.433070866142,1153748
497.251220703,-186.412979126,0.5126953125,-0.0393700787402,0.433070866142,1153752
499.756835938,-186.522918701,0.51220703125,-0.0393700787402,0.433070866142,1153758
501.834594727,-186.632873535,0.51123046875,-0.0551181102362,0.433070866142,1153763
503.545776367,-186.797790527,0.509765625,-0.0551181102362,0.433070866142,1153768
504.829101562,-187.017684937,0.50732421875,-0.0551181102362,0.433070866142,1153772
505.806884766,-187.210083008,0.50390625,-0.0708661417323,0.433070866142,1153778
506.509643555,-187.429977417,0.49951171875,-0.0708661417323,0.433070866142,1153783
506.93737793,-187.622375488,0.4931640625,-0.0708661417323,0.433070866142,1153788
507.27355957,-187.787307739,0.4794921875,-0.0708661417323,0.433070866142,1153793
507.45690918,-187.979705811,0.45849609375,-0.0708661417323,0.433070866142,1153798
507.517944336,-188.172119141,0.42822265625,-0.0708661417323,0.433070866142,1153803
507.609619141,-188.391998291,0.38134765625,-0.0708661417323,0.433070866142,1153808
507.487426758,-188.6118927,0.30810546875,-0.0708661417323,0.433070866142,1153813
507.304077148,-188.831787109,0.18603515625,-0.0708661417323,0.448818897638,1153818
506.815185547,-189.079162598,0.18603515625,-0.0708661417323,0.448818897638,1153823
0,0,0,0,0,0
-561.845657349,-31.0318603516,0.2021484375,0.259842519685,0.543307086614,1154941
-561.967880249,-30.9768676758,0.20703125,0.259842519685,0.527559055118,1154946
-562.1512146,-30.9219055176,0.2080078125,0.259842519685,0.527559055118,1154951
-562.303985596,-30.9219055176,0.20947265625,0.275590551181,0.511811023622,1154956
-562.517883301,-30.8119506836,0.212890625,0.275590551181,0.511811023622,1154962
-562.731781006,-30.537109375,0.22509765625,0.275590551181,0.511811023622,1154966
-563.037338257,-30.1522827148,0.24169921875,0.291338582677,0.496062992126,1154971
-563.526229858,-29.520111084,0.26025390625,0.275590551181,0.496062992126,1154976
-564.045684814,-28.7229919434,0.275390625,0.275590551181,0.496062992126,1154981
-564.626235962,-27.7059936523,0.283203125,0.275590551181,0.496062992126,1154986
-565.206802368,-26.4690856934,0.29052734375,0.275590551181,0.496062992126,1154992
-565.69569397,-24.9573364258,0.2978515625,0.275590551181,0.496062992126,1154996
-566.276260376,-23.1982116699,0.3056640625,0.275590551181,0.496062992126,1155002
-566.826263428,-21.13671875,0.3134765625,0.275590551181,0.496062992126,1155007
-567.315155029,-18.8003540039,0.3232421875,0.275590551181,0.496062992126,1155012
-567.865158081,-16.2991027832,0.33447265625,0.275590551181,0.496062992126,1155016
-568.384613037,-13.5504455566,0.34521484375,0.275590551181,0.48031496063,1155022
-568.904052734,-10.719329834,0.35546875,0.259842519685,0.48031496063,1155027
-569.515182495,-7.64083862305,0.36083984375,0.259842519685,0.48031496063,1155032
-570.095733643,-4.34246826172,0.3662109375,0.259842519685,0.48031496063,1155037
-570.676300049,-0.879180908203,0.37109375,0.259842519685,0.48031496063,1155042
-571.226303101,2.80401611328,0.37744140625,0.259842519685,0.464566929134,1155047
-571.623535156,6.51467895508,0.3798828125,0.259842519685,0.464566929134,1155052
-571.898529053,10.2528686523,0.38232421875,0.259842519685,0.464566929134,1155057
-571.959640503,13.991027832,0.38427734375,0.259842519685,0.448818897638,1155062
-571.654083252,17.7016906738,0.38623046875,0.259842519685,0.448818897638,1155067
-571.073532104,21.3573913574,0.39111328125,0.259842519685,0.448818897638,1155072
-570.095733643,24.9856262207,0.39697265625,0.259842519685,0.433070866142,1155077
-568.812393188,28.4764099121,0.40087890625,0.275590551181,0.433070866142,1155082
-567.254043579,31.7197875977,0.40625,0.275590551181,0.417322834646,1155087
-565.481796265,34.6883544922,0.41015625,0.275590551181,0.417322834646,1155092
-563.465118408,37.2995605469,0.4140625,0.275590551181,0.40157480315,1155097
-561.356765747,39.635925293,0.4208984375,0.275590551181,0.385826771654,1155102
-559.034515381,41.6424255371,0.42578125,0.275590551181,0.385826771654,1155107
-556.559494019,43.3465881348,0.4306640625,0.275590551181,0.370078740157,1155112
-553.992797852,44.830871582,0.4345703125,0.259842519685,0.370078740157,1155117
-551.181655884,45.9852905273,0.4384765625,0.259842519685,0.354330708661,1155122
-548.248291016,46.9473266602,0.44384765625,0.259842519685,0.354330708661,1155127
-545.223266602,47.7169494629,0.44970703125,0.244094488189,0.354330708661,1155132
-542.076004028,48.2117004395,0.45458984375,0.228346456693,0.354330708661,1155137
-538.837081909,48.5140380859,0.45751953125,0.228346456693,0.354330708661,1155142
-535.567611694,48.596496582,0.45947265625,0.212598425197,0.354330708661,1155147
-532.267578125,48.4315795898,0.4619140625,0.212598425197,0.354330708661,1155152
-528.998092651,48.1017456055,0.46630859375,0.196850393701,0.354330708661,1155157
-525.820281982,47.6069946289,0.4697265625,0.196850393701,0.338582677165,1155162
-522.764709473,47.0297851562,0.47119140625,0.181102362205,0.338582677165,1155167
-519.8618927,46.4525756836,0.47314453125,0.181102362205,0.338582677165,1155172
-517.050750732,45.8753356934,0.47412109375,0.165354330709,0.338582677165,1155177
-514.484069824,45.4080810547,0.47509765625,0.165354330709,0.338582677165,1155183
-512.161819458,44.9682922363,0.4755859375,0.165354330709,0.338582677165,1155187
-510.084014893,44.6109619141,0.4755859375,0.165354330709,0.338582677165,1155193
-508.342330933,44.2811279297,0.4755859375,0.165354330709,0.338582677165,1155197
-506.906204224,44.0062561035,0.4755859375,0.165354330709,0.338582677165,1155203
-505.775634766,43.7863769531,0.47607421875,0.165354330709,0.338582677165,1155208
-504.920074463,43.6764221191,0.4716796875,0.165354330709,0.338582677165,1155213
-504.370071411,43.6214599609,0.45703125,0.165354330709,0.338582677165,1155218
-504.033950806,43.593963623,0.43505859375,0.165354330709,0.338582677165,1155223
-503.911727905,43.5664672852,0.40576171875,0.165354330709,0.338582677165,1155228
-503.911727905,43.5664672852,0.36767578125,0.165354330709,0.338582677165,1155233
-503.911727905,43.5664672852,0.29736328125,0.165354330709,0.338582677165,1155238
-503.911727905,43.5664672852,0.189453125,0.165354330709,0.338582677165,1155243
-504.12562561,43.5664672852,0.0703125,0.165354330709,0.338582677165,1155248
-504.400619507,43.6764221191,0.0703125,0.165354330709,0.338582677165,1155253
0,0,0,0,0,0
-310.707000732,-35.6221008301,0.23095703125,0.196850393701,0.496062992126,1155761
-310.554199219,-35.8419799805,0.23291015625,0.196850393701,0.496062992126,1155766
-310.493103027,-35.9519348145,0.234375,0.196850393701,0.496062992126,1155771
-310.523651123,-36.0343933105,0.2353515625,0.181102362205,0.496062992126,1155776
-310.523651123,-36.0343933105,0.23681640625,0.181102362205,0.48031496063,1155781
-310.584777832,-36.1443481445,0.2529296875,0.181102362205,0.48031496063,1155786
-310.584777832,-36.1443481445,0.2763671875,0.181102362205,0.48031496063,1155791
-310.584777832,-36.1443481445,0.294921875,0.165354330709,0.48031496063,1155796
-310.584777832,-36.1443481445,0.30615234375,0.165354330709,0.48031496063,1155801
-310.676422119,-36.1993103027,0.31396484375,0.165354330709,0.48031496063,1155807
-310.676422119,-36.1993103027,0.31982421875,0.165354330709,0.48031496063,1155811
-310.676422119,-36.1993103027,0.3212890625,0.165354330709,0.48031496063,1155816
-310.768096924,-36.1443481445,0.3212890625,0.165354330709,0.48031496063,1155821
-310.79864502,-36.0343933105,0.3212890625,0.165354330709,0.48031496063,1155826
-310.92086792,-35.7595214844,0.32275390625,0.165354330709,0.48031496063,1155831
-311.104217529,-35.2098083496,0.33154296875,0.165354330709,0.48031496063,1155836
-311.440338135,-34.3302307129,0.34814453125,0.165354330709,0.48031496063,1155841
-311.959777832,-32.9833984375,0.36083984375,0.165354330709,0.48031496063,1155846
-312.570892334,-31.2242431641,0.37158203125,0.165354330709,0.48031496063,1155851
-313.304229736,-29.0528259277,0.37890625,0.165354330709,0.48031496063,1155856
-314.129241943,-26.5240783691,0.384765625,0.165354330709,0.48031496063,1155861
-314.83203125,-23.7204589844,0.392578125,0.165354330709,0.464566929134,1155866
-315.473693848,-20.6694335938,0.39990234375,0.165354330709,0.464566929134,1155871
-315.962585449,-17.4810180664,0.40673828125,0.165354330709,0.464566929134,1155876
-316.298706055,-14.2376098633,0.41455078125,0.165354330709,0.448818897638,1155881
-316.482055664,-10.9942016602,0.419921875,0.165354330709,0.448818897638,1155886
-316.51260376,-7.75079345703,0.42529296875,0.165354330709,0.448818897638,1155891
-316.268157959,-4.50738525391,0.42919921875,0.165354330709,0.433070866142,1155896
-315.748718262,-1.18151855469,0.43212890625,0.165354330709,0.433070866142,1155901
-314.893157959,2.22680664062,0.43896484375,0.165354330709,0.433070866142,1155906
-313.701477051,5.77255249023,0.4443359375,0.165354330709,0.417322834646,1155911
-312.234771729,9.37329101562,0.44775390625,0.165354330709,0.417322834646,1155916
-310.584777832,12.974029541,0.45068359375,0.165354330709,0.40157480315,1155921
-308.781982422,16.5472717285,0.45263671875,0.165354330709,0.40157480315,1155926
-306.918060303,19.9830627441,0.4580078125,0.165354330709,0.40157480315,1155932
-304.931945801,23.3089294434,0.4638671875,0.165354330709,0.385826771654,1155937
-302.793029785,26.3599243164,0.47119140625,0.149606299213,0.385826771654,1155942
-300.501342773,29.108581543,0.48095703125,0.149606299213,0.385826771654,1155947
-298.087402344,31.5548706055,0.48876953125,0.149606299213,0.370078740157,1155952
-295.49017334,33.8362731934,0.49365234375,0.149606299213,0.370078740157,1155957
-292.770690918,35.8427734375,0.49755859375,0.149606299213,0.354330708661,1155962
-290.0206604,37.6568908691,0.49951171875,0.133858267717,0.338582677165,1155967
-287.087310791,39.3335571289,0.49951171875,0.133858267717,0.338582677165,1155972
-284.001159668,40.7353820801,0.49951171875,0.133858267717,0.322834645669,1155977
-280.884460449,42.0272216797,0.50048828125,0.133858267717,0.322834645669,1155982
-277.614990234,43.1541748047,0.50244140625,0.11811023622,0.322834645669,1155987
-274.376068115,44.0612487793,0.50732421875,0.11811023622,0.322834645669,1155992
-271.228820801,44.7758789062,0.509765625,0.11811023622,0.307086614173,1155997
-268.173217773,45.3530883789,0.5126953125,0.11811023622,0.307086614173,1156002
-265.209320068,45.765411377,0.51513671875,0.11811023622,0.307086614173,1156008
-262.306488037,46.0677490234,0.517578125,0.11811023622,0.307086614173,1156012
-259.434234619,46.2876281738,0.51904296875,0.11811023622,0.307086614173,1156017
-256.62310791,46.4250793457,0.5205078125,0.11811023622,0.307086614173,1156022
-253.750854492,46.5075378418,0.521484375,0.11811023622,0.307086614173,1156027
-250.878601074,46.5625,0.5224609375,0.11811023622,0.307086614173,1156032
-247.975799561,46.5625,0.52294921875,0.11811023622,0.307086614173,1156037
-245.042419434,46.5075378418,0.5244140625,0.11811023622,0.307086614173,1156042
-242.13961792,46.3975830078,0.52392578125,0.11811023622,0.307086614173,1156047
-239.359039307,46.2326660156,0.52392578125,0.11811023622,0.307086614173,1156052
-236.792358398,46.1227111816,0.52392578125,0.11811023622,0.307086614173,1156057
-234.500671387,46.0127868652,0.5244140625,0.11811023622,0.307086614173,1156062
-232.483978271,45.9028320312,0.5244140625,0.11811023622,0.307086614173,1156067
-230.864501953,45.8203735352,0.52490234375,0.11811023622,0.307086614173,1156073
-229.489501953,45.7379150391,0.5234375,0.11811023622,0.307086614173,1156077
-228.358917236,45.655456543,0.52001953125,0.11811023622,0.307086614173,1156083
-227.442260742,45.5729980469,0.5126953125,0.11811023622,0.307086614173,1156087
-226.861694336,45.545501709,0.49609375,0.11811023622,0.307086614173,1156093
-226.433898926,45.5180053711,0.46826171875,0.11811023622,0.307086614173,1156098
-226.220031738,45.5180053711,0.431640625,0.11811023622,0.307086614173,1156104
-226.220031738,45.5180053711,0.3837890625,0.11811023622,0.307086614173,1156107
-226.097808838,45.4905395508,0.3193359375,0.11811023622,0.307086614173,1156114
-226.097808838,45.4905395508,0.22705078125,0.11811023622,0.307086614173,1156118
-226.128356934,45.3805847168,0.10693359375,0.11811023622,0.307086614173,1156123
-226.097808838,45.2981262207,0.10693359375,0.11811023622,0.291338582677,1156128
0,0,0,0,0,0
-46.5820922852,-41.3392944336,0.17431640625,0.181102362205,0.496062992126,1156625
-46.5820922852,-41.3392944336,0.18359375,0.181102362205,0.48031496063,1156630
-46.5820922852,-41.4217529297,0.193359375,0.181102362205,0.48031496063,1156635
-46.5820922852,-41.4217529297,0.197265625,0.181102362205,0.48031496063,1156641
-46.6737670898,-41.44921875,0.2060546875,0.181102362205,0.48031496063,1156645
-46.6737670898,-41.44921875,0.2255859375,0.181102362205,0.48031496063,1156651
-46.7654418945,-41.2843017578,0.24658203125,0.181102362205,0.48031496063,1156656
-46.8265380859,-41.0094604492,0.263671875,0.181102362205,0.48031496063,1156661
-46.9487304688,-40.542175293,0.27734375,0.165354330709,0.48031496063,1156666
-47.1320800781,-39.7450561523,0.2939453125,0.165354330709,0.48031496063,1156671
-47.3154296875,-38.6730957031,0.310546875,0.165354330709,0.48031496063,1156675
-47.5598754883,-37.271270752,0.32666015625,0.165354330709,0.48031496063,1156681
-47.7432250977,-35.4846496582,0.3427734375,0.165354330709,0.48031496063,1156686
-47.9570922852,-33.4781494141,0.35791015625,0.165354330709,0.48031496063,1156691
-48.1404418945,-31.1143188477,0.37158203125,0.165354330709,0.48031496063,1156696
-48.2626342773,-28.5305786133,0.38330078125,0.165354330709,0.48031496063,1156701
-48.4154052734,-25.8094177246,0.39453125,0.165354330709,0.464566929134,1156706
-48.5070800781,-22.8958435059,0.40380859375,0.149606299213,0.464566929134,1156711
-48.5682373047,-19.9822692871,0.41064453125,0.149606299213,0.464566929134,1156716
-48.6293334961,-16.9862670898,0.41552734375,0.149606299213,0.448818897638,1156721
-48.6293334961,-13.880279541,0.42138671875,0.149606299213,0.448818897638,1156726
-48.5376586914,-10.8017883301,0.4267578125,0.149606299213,0.433070866142,1156731
-48.2932128906,-7.55838012695,0.42919921875,0.149606299213,0.433070866142,1156736
-47.9570922852,-4.15005493164,0.431640625,0.149606299213,0.433070866142,1156741
-47.4682006836,-0.576812744141,0.43408203125,0.149606299213,0.417322834646,1156746
-46.8570556641,3.27127075195,0.43896484375,0.149606299213,0.417322834646,1156751
-46.154296875,7.20184326172,0.44384765625,0.149606299213,0.40157480315,1156756
-45.3903808594,11.2148742676,0.4482421875,0.149606299213,0.40157480315,1156761
-44.4125976562,15.2554016113,0.4541015625,0.149606299213,0.385826771654,1156766
-43.3126220703,19.103515625,0.46240234375,0.149606299213,0.385826771654,1156771
-41.907043457,22.7866821289,0.47119140625,0.133858267717,0.385826771654,1156776
-40.3181152344,26.3049621582,0.48193359375,0.133858267717,0.370078740157,1156781
-38.6069946289,29.4934082031,0.4892578125,0.133858267717,0.370078740157,1156786
-36.7736206055,32.4069519043,0.4931640625,0.133858267717,0.354330708661,1156792
-34.9403076172,35.1006469727,0.4970703125,0.11811023622,0.338582677165,1156796
-33.0458374023,37.382019043,0.49951171875,0.11811023622,0.338582677165,1156801
-31.1207885742,39.3610534668,0.50048828125,0.11811023622,0.322834645669,1156807
-29.165222168,41.0652160645,0.5009765625,0.102362204724,0.322834645669,1156811
-27.1790771484,42.4395446777,0.5029296875,0.102362204724,0.307086614173,1156816
-25.0707397461,43.6214599609,0.50390625,0.102362204724,0.307086614173,1156822
-22.8707275391,44.6109619141,0.5087890625,0.102362204724,0.291338582677,1156826
-20.4262695312,45.3530883789,0.51416015625,0.0866141732283,0.291338582677,1156832
-17.7678833008,45.9577941895,0.51953125,0.0866141732283,0.291338582677,1156837
-14.8039550781,46.3426208496,0.52294921875,0.0866141732283,0.291338582677,1156842
-11.626159668,46.5625,0.52734375,0.0866141732283,0.291338582677,1156847
-8.29559326172,46.6999511719,0.529296875,0.0866141732283,0.291338582677,1156852
-4.8427734375,46.6999511719,0.53076171875,0.0866141732283,0.291338582677,1156857
-1.38995361328,46.6449584961,0.53173828125,0.0866141732283,0.291338582677,1156862
2.00177001953,46.5075378418,0.533203125,0.0866141732283,0.291338582677,1156867
5.3017578125,46.3151245117,0.53369140625,0.0866141732283,0.291338582677,1156872
8.47961425781,46.0402526855,0.5341796875,0.0866141732283,0.291338582677,1156877
11.4434814453,45.7104187012,0.53515625,0.0866141732283,0.291338582677,1156882
14.1935424805,45.3256225586,0.53564453125,0.0866141732283,0.291338582677,1156887
16.6380004883,44.8858337402,0.5341796875,0.0866141732283,0.291338582677,1156892
18.7158203125,44.418548584,0.53173828125,0.0866141732283,0.291338582677,1156897
20.4880371094,43.9787902832,0.52685546875,0.0866141732283,0.291338582677,1156902
21.8936157227,43.5664672852,0.5205078125,0.0866141732283,0.291338582677,1156907
22.9936523438,43.1816711426,0.51025390625,0.0866141732283,0.291338582677,1156912
23.7880859375,42.8793029785,0.49609375,0.0866141732283,0.291338582677,1156917
24.2769775391,42.6044616699,0.47802734375,0.0866141732283,0.291338582677,1156922
24.5520019531,42.384552002,0.45751953125,0.0866141732283,0.291338582677,1156927
24.6741943359,42.1646728516,0.427734375,0.0866141732283,0.291338582677,1156932
24.7047729492,41.8898010254,0.3857421875,0.0866141732283,0.291338582677,1156937
24.7047729492,41.6424255371,0.328125,0.0866141732283,0.291338582677,1156942
24.6130981445,41.3125915527,0.248046875,0.0866141732283,0.291338582677,1156947
24.4297485352,40.9552612305,0.16015625,0.0866141732283,0.291338582677,1156952
24.1547241211,40.5979309082,0.0673828125,0.0866141732283,0.291338582677,1156957
23.7880859375,40.1306762695,0.0673828125,0.0866141732283,0.291338582677,1156963
0,0,0,0,0,0
191.387023926,-42.5212097168,0.25341796875,0.102362204724,0.464566929134,1157425
191.387023926,-42.5212097168,0.2607421875,0.102362204724,0.464566929134,1157430
191.448120117,-42.6311645508,0.263671875,0.102362204724,0.464566929134,1157435
191.448120117,-42.6311645508,0.2666015625,0.102362204724,0.448818897638,1157450
191.448120117,-42.6311645508,0.27587890625,0.102362204724,0.448818897638,1157455
191.448120117,-42.6311645508,0.28564453125,0.102362204724,0.448818897638,1157460
191.509216309,-42.4387512207,0.2939453125,0.0866141732283,0.448818897638,1157465
191.5703125,-42.0264587402,0.30126953125,0.0866141732283,0.448818897638,1157470
191.723144531,-41.3117980957,0.314453125,0.0866141732283,0.448818897638,1157475
191.875915527,-40.2947998047,0.3291015625,0.0866141732283,0.448818897638,1157480
192.059204102,-38.9204711914,0.34423828125,0.0866141732283,0.448818897638,1157486
192.212036133,-37.271270752,0.36328125,0.0866141732283,0.448818897638,1157490
192.334228516,-35.2647705078,0.38037109375,0.0866141732283,0.448818897638,1157495
192.456481934,-33.0108947754,0.3935546875,0.0866141732283,0.448818897638,1157500
192.517578125,-30.5920715332,0.4052734375,0.0866141732283,0.433070866142,1157505
192.639770508,-27.9533691406,0.416015625,0.0866141732283,0.433070866142,1157510
192.762023926,-25.2597045898,0.42626953125,0.0866141732283,0.433070866142,1157516
192.975891113,-22.4285888672,0.43359375,0.0866141732283,0.417322834646,1157520
193.403686523,-19.6524353027,0.4384765625,0.0708661417323,0.417322834646,1157525
193.98425293,-16.8213500977,0.44482421875,0.0708661417323,0.417322834646,1157530
194.748168945,-13.880279541,0.4521484375,0.0708661417323,0.40157480315,1157536
195.60369873,-10.939239502,0.46142578125,0.0708661417323,0.40157480315,1157541
196.550964355,-7.80575561523,0.47021484375,0.0708661417323,0.385826771654,1157546
197.528747559,-4.58984375,0.47607421875,0.0708661417323,0.385826771654,1157550
198.44543457,-1.34643554688,0.47900390625,0.0708661417323,0.370078740157,1157556
199.362060547,1.92443847656,0.48095703125,0.0708661417323,0.370078740157,1157561
200.217651367,5.19534301758,0.4833984375,0.0708661417323,0.354330708661,1157566
201.042663574,8.35629272461,0.486328125,0.0708661417323,0.354330708661,1157571
201.928771973,11.2973327637,0.48876953125,0.0708661417323,0.354330708661,1157576
202.845458984,14.0734863281,0.49169921875,0.0708661417323,0.354330708661,1157581
203.914916992,16.5472717285,0.49609375,0.0708661417323,0.338582677165,1157586
205.106567383,18.883605957,0.5009765625,0.0708661417323,0.338582677165,1157591
206.420471191,21.0550537109,0.50341796875,0.0708661417323,0.338582677165,1157596
207.978820801,23.089050293,0.50634765625,0.0708661417323,0.322834645669,1157601
209.659423828,25.013092041,0.509765625,0.0708661417323,0.322834645669,1157607
211.614990234,26.7722473145,0.51318359375,0.0708661417323,0.307086614173,1157611
213.784423828,28.3664550781,0.51611328125,0.0708661417323,0.307086614173,1157616
216.198364258,29.7132873535,0.517578125,0.0551181102362,0.307086614173,1157621
218.73449707,30.8402404785,0.5205078125,0.0551181102362,0.307086614173,1157626
221.515075684,31.7197875977,0.5224609375,0.0551181102362,0.291338582677,1157631
224.479003906,32.4069519043,0.525390625,0.0551181102362,0.291338582677,1157636
227.68737793,32.9566955566,0.5283203125,0.0551181102362,0.291338582677,1157641
231.201293945,33.3414916992,0.53125,0.0393700787402,0.291338582677,1157647
234.89855957,33.5614013672,0.53125,0.0393700787402,0.291338582677,1157651
238.779174805,33.7538146973,0.5322265625,0.0393700787402,0.291338582677,1157656
242.751403809,33.8362731934,0.533203125,0.0393700787402,0.291338582677,1157661
246.784790039,33.9187316895,0.533203125,0.0236220472441,0.291338582677,1157666
250.787597656,34.0011901855,0.533203125,0.0236220472441,0.291338582677,1157671
254.607116699,34.0011901855,0.53466796875,0.0236220472441,0.291338582677,1157677
258.273803711,34.0011901855,0.5341796875,0.0236220472441,0.291338582677,1157681
261.696044922,33.8912353516,0.53564453125,0.0236220472441,0.291338582677,1157686
264.812744141,33.6988220215,0.53564453125,0.0236220472441,0.291338582677,1157691
267.654418945,33.396484375,0.5361328125,0.0236220472441,0.291338582677,1157696
270.221130371,33.0666503906,0.53662109375,0.0236220472441,0.291338582677,1157701
272.390625,32.7917785645,0.5361328125,0.0236220472441,0.291338582677,1157706
274.285095215,32.4619445801,0.53515625,0.0236220472441,0.291338582677,1157712
275.843444824,32.159576416,0.53271484375,0.0236220472441,0.291338582677,1157717
277.096191406,31.8847351074,0.5283203125,0.0236220472441,0.291338582677,1157722
278.043457031,31.6373291016,0.51953125,0.0393700787402,0.291338582677,1157727
278.654541016,31.4724121094,0.50537109375,0.0393700787402,0.291338582677,1157732
279.021240234,31.3899536133,0.48291015625,0.0393700787402,0.291338582677,1157737
279.235107422,31.1975708008,0.4501953125,0.0393700787402,0.291338582677,1157742
279.326782227,31.0051574707,0.404296875,0.0393700787402,0.291338582677,1157747
279.387878418,30.7027893066,0.34130859375,0.0393700787402,0.291338582677,1157752
279.418457031,30.2904968262,0.2431640625,0.0393700787402,0.291338582677,1157757
279.418457031,29.8232421875,0.115234375,0.0393700787402,0.291338582677,1157762
279.418457031,29.300994873,0.115234375,0.0393700787402,0.291338582677,1157767
0,0,0,0,0,0
494.195678711,-39.8275146484,0.173828125,0.0236220472441,0.543307086614,1158370
494.104003906,-39.6625976562,0.1787109375,0.00787401574803,0.543307086614,1158375
493.951171875,-39.3877563477,0.18017578125,0.00787401574803,0.527559055118,1158380
493.706787109,-39.0579223633,0.18115234375,-0.00787401574803,0.527559055118,1158385
493.370605469,-38.480682373,0.18603515625,-0.0236220472441,0.511811023622,1158390
492.912231445,-37.7110595703,0.20751953125,-0.0236220472441,0.511811023622,1158395
492.362304688,-36.7765197754,0.2255859375,-0.0393700787402,0.511811023622,1158400
491.751220703,-35.6221008301,0.2421875,-0.0393700787402,0.511811023622,1158406
491.078979492,-34.1653137207,0.2568359375,-0.0393700787402,0.496062992126,1158411
490.406738281,-32.4336547852,0.27099609375,-0.0551181102362,0.496062992126,1158416
489.765014648,-30.317199707,0.2861328125,-0.0551181102362,0.496062992126,1158421
489.245605469,-27.8984069824,0.29833984375,-0.0551181102362,0.496062992126,1158425
488.87890625,-25.314666748,0.30908203125,-0.0551181102362,0.496062992126,1158431
488.665039062,-22.4560546875,0.32275390625,-0.0551181102362,0.48031496063,1158436
488.665039062,-19.4875183105,0.33349609375,-0.0551181102362,0.48031496063,1158440
488.848388672,-16.3815612793,0.34228515625,-0.0551181102362,0.48031496063,1158446
489.245605469,-13.1656494141,0.34912109375,-0.0551181102362,0.464566929134,1158451
489.856689453,-9.81228637695,0.35791015625,-0.0551181102362,0.464566929134,1158456
490.681762695,-6.32150268555,0.3681640625,-0.0551181102362,0.464566929134,1158461
491.690063477,-2.74826049805,0.37646484375,-0.0551181102362,0.448818897638,1158466
492.973388672,0.989898681641,0.3828125,-0.0551181102362,0.448818897638,1158471
494.501220703,4.72805786133,0.3876953125,-0.0551181102362,0.448818897638,1158476
496.242919922,8.27383422852,0.390625,-0.0551181102362,0.433070866142,1158481
498.229003906,11.6546630859,0.3935546875,-0.0393700787402,0.433070866142,1158486
500.337402344,14.815612793,0.3984375,-0.0393700787402,0.433070866142,1158491
502.506835938,17.756652832,0.40478515625,-0.0393700787402,0.417322834646,1158496
504.767944336,20.6427612305,0.4111328125,-0.0393700787402,0.417322834646,1158501
507.029052734,23.3639221191,0.4208984375,-0.0551181102362,0.417322834646,1158506
509.351318359,25.8651733398,0.42724609375,-0.0551181102362,0.40157480315,1158511
511.734741211,28.174041748,0.4326171875,-0.0551181102362,0.40157480315,1158516
514.179199219,30.2630310059,0.43603515625,-0.0708661417323,0.385826771654,1158521
516.745849609,32.1321105957,0.43896484375,-0.0708661417323,0.385826771654,1158526
519.495849609,33.8362731934,0.44189453125,-0.0708661417323,0.370078740157,1158531
522.368164062,35.320526123,0.4443359375,-0.0708661417323,0.370078740157,1158536
525.454345703,36.557434082,0.447265625,-0.0708661417323,0.354330708661,1158541
528.662597656,37.574432373,0.4541015625,-0.0708661417323,0.354330708661,1158546
531.962646484,38.4265136719,0.4580078125,-0.0708661417323,0.354330708661,1158551
535.354370117,39.0861816406,0.462890625,-0.0708661417323,0.354330708661,1158556
538.684936523,39.635925293,0.46533203125,-0.0708661417323,0.354330708661,1158561
541.893310547,40.1031799316,0.46875,-0.0708661417323,0.354330708661,1158566
544.918334961,40.433013916,0.47314453125,-0.0708661417323,0.354330708661,1158571
547.607299805,40.7353820801,0.47705078125,-0.0708661417323,0.354330708661,1158577
549.990600586,40.9277648926,0.47900390625,-0.0708661417323,0.354330708661,1158582
551.946166992,41.0377197266,0.48046875,-0.0708661417323,0.354330708661,1158586
553.53515625,41.1201782227,0.4814453125,-0.0708661417323,0.354330708661,1158591
554.787963867,41.1476745605,0.4814453125,-0.0708661417323,0.354330708661,1158597
555.643432617,41.1201782227,0.48046875,-0.0866141732283,0.354330708661,1158602
556.28515625,41.0377197266,0.47607421875,-0.0866141732283,0.354330708661,1158607
556.712890625,40.9827575684,0.462890625,-0.0866141732283,0.354330708661,1158612
556.957397461,40.8453063965,0.4384765625,-0.102362204724,0.370078740157,1158617
557.110107422,40.7353820801,0.4013671875,-0.102362204724,0.370078740157,1158622
557.201782227,40.6254272461,0.34033203125,-0.102362204724,0.370078740157,1158627
557.171264648,40.3780517578,0.23583984375,-0.102362204724,0.370078740157,1158632
557.018554688,40.1031799316,0.0927734375,-0.102362204724,0.370078740157,1158637
556.62121582,39.6908874512,0.0927734375,-0.102362204724,0.370078740157,1158642
0,0,0,0,0,0
-564.962356567,180.284301758,0.2333984375,0.322834645669,0.511811023622,1159522
-564.992904663,180.366760254,0.2353515625,0.322834645669,0.511811023622,1159526
-565.023468018,180.44921875,0.23291015625,0.322834645669,0.511811023622,1159532
-565.023468018,180.44921875,0.23046875,0.338582677165,0.511811023622,1159536
-565.084579468,180.586608887,0.2294921875,0.338582677165,0.496062992126,1159542
-565.115127563,180.669067383,0.2333984375,0.338582677165,0.496062992126,1159547
-565.145690918,180.751525879,0.23974609375,0.338582677165,0.496062992126,1159552
-565.176239014,180.833984375,0.2421875,0.354330708661,0.496062992126,1159557
-565.176239014,181.026428223,0.2470703125,0.354330708661,0.496062992126,1159562
-565.176239014,181.438720703,0.25537109375,0.354330708661,0.496062992126,1159567
-565.176239014,182.125854492,0.2666015625,0.354330708661,0.496062992126,1159572
-565.115127563,183.115356445,0.28369140625,0.338582677165,0.496062992126,1159577
-565.054016113,184.517211914,0.298828125,0.338582677165,0.496062992126,1159582
-564.992904663,186.248840332,0.31591796875,0.338582677165,0.496062992126,1159587
-564.962356567,188.282836914,0.33203125,0.338582677165,0.496062992126,1159592
-564.931793213,190.61920166,0.34423828125,0.338582677165,0.496062992126,1159597
-564.962356567,193.147949219,0.35546875,0.338582677165,0.496062992126,1159602
-564.992904663,195.896606445,0.36376953125,0.338582677165,0.48031496063,1159607
-565.023468018,198.837646484,0.37255859375,0.338582677165,0.48031496063,1159612
-564.931793213,201.888671875,0.3779296875,0.354330708661,0.48031496063,1159617
-564.717910767,205.077087402,0.38330078125,0.338582677165,0.464566929134,1159622
-564.320678711,208.347961426,0.3857421875,0.338582677165,0.464566929134,1159627
-563.770675659,211.783813477,0.388671875,0.338582677165,0.448818897638,1159632
-563.067886353,215.357055664,0.39111328125,0.338582677165,0.433070866142,1159637
-562.181762695,219.012756348,0.39697265625,0.338582677165,0.417322834646,1159642
-561.112319946,222.805847168,0.4033203125,0.338582677165,0.40157480315,1159647
-559.798416138,226.571533203,0.40966796875,0.338582677165,0.385826771654,1159652
-558.240066528,230.254699707,0.41650390625,0.338582677165,0.370078740157,1159657
-556.437271118,233.827941895,0.42333984375,0.338582677165,0.354330708661,1159663
-554.451141357,237.126342773,0.4326171875,0.338582677165,0.338582677165,1159667
-552.220550537,240.094848633,0.43994140625,0.338582677165,0.322834645669,1159672
-549.867752075,242.816040039,0.44580078125,0.338582677165,0.307086614173,1159677
-547.301055908,245.12487793,0.4521484375,0.322834645669,0.307086614173,1159683
-544.581588745,247.241394043,0.4599609375,0.322834645669,0.291338582677,1159687
-541.648223877,249.110473633,0.4677734375,0.307086614173,0.291338582677,1159693
-538.500976562,250.677185059,0.474609375,0.291338582677,0.275590551181,1159697
-535.200942993,251.969055176,0.48095703125,0.275590551181,0.259842519685,1159703
-531.748123169,252.986022949,0.4873046875,0.259842519685,0.259842519685,1159708
-528.173095703,253.673217773,0.4931640625,0.244094488189,0.244094488189,1159713
-524.536941528,254.112976074,0.5009765625,0.228346456693,0.244094488189,1159717
-520.809127808,254.277893066,0.5087890625,0.212598425197,0.244094488189,1159723
-517.081314087,254.16796875,0.5166015625,0.196850393701,0.228346456693,1159728
-513.353500366,253.81060791,0.521484375,0.181102362205,0.228346456693,1159733
-509.656234741,253.315856934,0.52490234375,0.181102362205,0.228346456693,1159738
-505.989532471,252.711181641,0.52783203125,0.165354330709,0.228346456693,1159743
-502.353378296,251.996520996,0.53076171875,0.165354330709,0.228346456693,1159748
-498.83946228,251.309387207,0.53173828125,0.165354330709,0.212598425197,1159753
-495.539428711,250.594726562,0.53369140625,0.165354330709,0.212598425197,1159758
-492.483840942,249.962524414,0.53466796875,0.165354330709,0.212598425197,1159763
-489.764373779,249.330322266,0.53515625,0.149606299213,0.196850393701,1159768
-487.350448608,248.780639648,0.5361328125,0.149606299213,0.196850393701,1159773
-485.242095947,248.285827637,0.53662109375,0.149606299213,0.196850393701,1159778
-483.378189087,247.73614502,0.537109375,0.149606299213,0.196850393701,1159783
-481.758728027,247.296325684,0.53662109375,0.149606299213,0.196850393701,1159788
-480.383712769,246.856567383,0.53564453125,0.149606299213,0.196850393701,1159793
-479.161483765,246.416748047,0.53125,0.149606299213,0.196850393701,1159798
-478.153137207,246.031982422,0.5205078125,0.149606299213,0.196850393701,1159804
-477.38923645,245.702148438,0.50244140625,0.149606299213,0.196850393701,1159808
-476.778121948,245.344787598,0.48193359375,0.149606299213,0.196850393701,1159813
-476.442001343,245.042419434,0.45458984375,0.149606299213,0.196850393701,1159818
-476.197555542,244.795043945,0.41650390625,0.149606299213,0.196850393701,1159823
-476.044784546,244.520202637,0.365234375,0.149606299213,0.196850393701,1159828
-475.953109741,244.355285645,0.28125,0.149606299213,0.196850393701,1159834
-475.891998291,244.162902832,0.1572265625,0.149606299213,0.196850393701,1159838
-475.769775391,243.99798584,0.0009765625,0.149606299213,0.196850393701,1159844
0,0,0,0,0,0
-298.026306152,181.851013184,0.228515625,0.181102362205,0.496062992126,1160356
-298.026306152,181.851013184,0.23193359375,0.181102362205,0.496062992126,1160361
-298.026306152,181.851013184,0.234375,0.181102362205,0.496062992126,1160366
-298.117980957,181.796020508,0.2353515625,0.165354330709,0.496062992126,1160371
-298.209655762,181.823547363,0.2373046875,0.165354330709,0.48031496063,1160376
-298.301300049,181.851013184,0.2490234375,0.165354330709,0.48031496063,1160381
-298.301300049,181.851013184,0.25830078125,0.165354330709,0.48031496063,1160386
-298.362426758,181.9609375,0.26708984375,0.165354330709,0.48031496063,1160391
-298.392974854,182.098388672,0.279296875,0.165354330709,0.48031496063,1160396
-298.423522949,182.37322998,0.29248046875,0.165354330709,0.48031496063,1160401
-298.454101562,182.813049316,0.30615234375,0.165354330709,0.48031496063,1160406
-298.515197754,183.445251465,0.31787109375,0.149606299213,0.48031496063,1160411
-298.637420654,184.324768066,0.33203125,0.149606299213,0.48031496063,1160416
-298.759643555,185.424255371,0.3447265625,0.149606299213,0.48031496063,1160422
-298.881866455,186.85357666,0.3603515625,0.149606299213,0.48031496063,1160426
-298.97354126,188.612670898,0.37353515625,0.149606299213,0.48031496063,1160432
-299.065216064,190.64666748,0.384765625,0.149606299213,0.48031496063,1160436
-299.09576416,193.010498047,0.39501953125,0.149606299213,0.48031496063,1160441
-299.09576416,195.649230957,0.4033203125,0.133858267717,0.48031496063,1160446
-298.942993164,198.5078125,0.408203125,0.133858267717,0.48031496063,1160451
-298.637420654,201.586303711,0.41064453125,0.133858267717,0.464566929134,1160456
-298.179077148,204.857177734,0.41162109375,0.133858267717,0.464566929134,1160462
-297.598510742,208.26550293,0.41357421875,0.133858267717,0.464566929134,1160467
-296.804077148,211.838745117,0.41357421875,0.133858267717,0.448818897638,1160472
-295.887390137,215.631896973,0.41357421875,0.133858267717,0.433070866142,1160477
-294.787384033,219.617431641,0.4130859375,0.133858267717,0.417322834646,1160482
-293.442932129,223.795410156,0.41455078125,0.11811023622,0.40157480315,1160487
-291.915130615,228.055786133,0.4189453125,0.11811023622,0.385826771654,1160492
-290.051239014,232.453613281,0.421875,0.11811023622,0.370078740157,1160497
-287.851196289,236.741516113,0.42822265625,0.11811023622,0.338582677165,1160502
-285.315063477,240.891967773,0.4375,0.102362204724,0.322834645669,1160507
-282.351135254,244.877502441,0.4482421875,0.102362204724,0.307086614173,1160512
-278.989990234,248.505737305,0.45751953125,0.102362204724,0.307086614173,1160517
-275.262176514,251.831604004,0.4638671875,0.0866141732283,0.291338582677,1160522
-271.351043701,254.910095215,0.46923828125,0.0866141732283,0.275590551181,1160527
-267.409332275,257.713745117,0.4716796875,0.0866141732283,0.275590551181,1160532
-263.498168945,260.242492676,0.4755859375,0.0708661417323,0.259842519685,1160537
-259.67868042,262.551330566,0.47705078125,0.0708661417323,0.259842519685,1160543
-256.011993408,264.530395508,0.47900390625,0.0708661417323,0.244094488189,1160547
-252.467498779,266.262023926,0.48095703125,0.0551181102362,0.244094488189,1160552
-248.984130859,267.663818359,0.4833984375,0.0551181102362,0.244094488189,1160557
-245.561889648,268.680847168,0.4853515625,0.0551181102362,0.228346456693,1160562
-242.13961792,269.340515137,0.48779296875,0.0393700787402,0.228346456693,1160567
-238.65625,269.642883301,0.4892578125,0.0393700787402,0.228346456693,1160573
-235.111785889,269.615356445,0.49072265625,0.0393700787402,0.228346456693,1160577
-231.506195068,269.367980957,0.4912109375,0.0393700787402,0.228346456693,1160582
-227.870025635,269.038146973,0.49169921875,0.0393700787402,0.228346456693,1160587
-224.295013428,268.570861816,0.49169921875,0.0393700787402,0.228346456693,1160592
-220.903289795,268.186096191,0.49072265625,0.0236220472441,0.228346456693,1160597
-217.786590576,267.773803711,0.490234375,0.0236220472441,0.212598425197,1160603
-215.006011963,267.388977051,0.4892578125,0.0236220472441,0.212598425197,1160608
-212.622650146,267.059143066,0.48779296875,0.0236220472441,0.212598425197,1160612
-210.66708374,266.811767578,0.48583984375,0.0236220472441,0.212598425197,1160617
-209.047637939,266.536865234,0.4814453125,0.0236220472441,0.212598425197,1160622
-207.733734131,266.344482422,0.470703125,0.0236220472441,0.212598425197,1160628
-206.664276123,266.069641113,0.45556640625,0.0236220472441,0.212598425197,1160633
-205.80871582,265.79473877,0.431640625,0.0236220472441,0.196850393701,1160638
-205.136474609,265.574829102,0.400390625,0.0236220472441,0.196850393701,1160643
-204.647583008,265.272521973,0.3564453125,0.0236220472441,0.196850393701,1160648
-204.311462402,265.025146484,0.2900390625,0.0236220472441,0.196850393701,1160653
-204.097564697,264.72277832,0.19140625,0.0236220472441,0.196850393701,1160658
-204.00592041,264.282958984,0.068359375,0.0236220472441,0.196850393701,1160663
-203.944763184,263.733276367,0.068359375,0.0236220472441,0.196850393701,1160668
0,0,0,0,0,0
-41.9681396484,172.780456543,0.22021484375,0.149606299213,0.48031496063,1161246
-41.9681396484,172.780456543,0.22412109375,0.149606299213,0.464566929134,1161251
-41.8764648438,172.752990723,0.22509765625,0.149606299213,0.464566929134,1161256
-41.7847900391,172.807922363,0.2255859375,0.149606299213,0.464566929134,1161261
-41.6931152344,172.917907715,0.22900390625,0.133858267717,0.464566929134,1161266
-41.5403442383,173.220275879,0.25341796875,0.133858267717,0.464566929134,1161271
-41.2653808594,173.715026855,0.275390625,0.133858267717,0.448818897638,1161276
-41.0514526367,174.429626465,0.29052734375,0.133858267717,0.448818897638,1161281
-40.7459106445,175.446655273,0.30224609375,0.133858267717,0.448818897638,1161286
-40.4403686523,176.71105957,0.31591796875,0.133858267717,0.448818897638,1161291
-40.1653442383,178.22277832,0.33447265625,0.133858267717,0.448818897638,1161296
-39.7681274414,179.789550781,0.34765625,0.133858267717,0.448818897638,1161301
-39.4014282227,181.466186523,0.36083984375,0.133858267717,0.448818897638,1161306
-39.0347900391,183.252807617,0.37255859375,0.133858267717,0.448818897638,1161311
-38.6986694336,185.121887207,0.38427734375,0.11811023622,0.448818897638,1161316
-38.3625488281,187.100952148,0.39404296875,0.11811023622,0.448818897638,1161322
-38.0875244141,189.244873047,0.40234375,0.11811023622,0.433070866142,1161326
-37.7819824219,191.443786621,0.4130859375,0.11811023622,0.433070866142,1161332
-37.4764404297,193.752685547,0.42333984375,0.11811023622,0.433070866142,1161336
-37.2014160156,196.22644043,0.4296875,0.11811023622,0.417322834646,1161341
-36.8041992188,198.727722168,0.43505859375,0.11811023622,0.417322834646,1161346
-36.4375610352,201.366394043,0.4404296875,0.102362204724,0.40157480315,1161352
-36.0402832031,204.032592773,0.4443359375,0.102362204724,0.40157480315,1161357
-35.5208740234,206.671325684,0.447265625,0.102362204724,0.385826771654,1161362
-35.0319824219,209.364990234,0.44970703125,0.102362204724,0.385826771654,1161367
-34.4208374023,212.058654785,0.45361328125,0.102362204724,0.370078740157,1161372
-33.7180786133,214.834777832,0.4560546875,0.102362204724,0.354330708661,1161377
-32.8930664062,217.638427734,0.45849609375,0.0866141732283,0.354330708661,1161382
-31.9458007812,220.332092285,0.4609375,0.0866141732283,0.338582677165,1161387
-30.8458251953,222.888305664,0.46533203125,0.0866141732283,0.322834645669,1161392
-29.4708251953,225.334655762,0.47265625,0.0866141732283,0.307086614173,1161397
-27.8208007812,227.616027832,0.4794921875,0.0708661417323,0.291338582677,1161402
-25.9263305664,229.73248291,0.490234375,0.0708661417323,0.291338582677,1161407
-23.7568359375,231.684020996,0.4951171875,0.0708661417323,0.275590551181,1161412
-21.342956543,233.360717773,0.49658203125,0.0708661417323,0.259842519685,1161417
-18.8068237305,234.899902344,0.49755859375,0.0551181102362,0.244094488189,1161422
-15.9956665039,236.246765137,0.49951171875,0.0551181102362,0.244094488189,1161427
-13.001159668,237.483642578,0.5009765625,0.0551181102362,0.228346456693,1161433
-9.82336425781,238.528137207,0.501953125,0.0551181102362,0.228346456693,1161437
-6.40112304688,239.352722168,0.50341796875,0.0551181102362,0.228346456693,1161442
-2.91772460938,239.957458496,0.50439453125,0.0551181102362,0.212598425197,1161447
0.718383789062,240.369750977,0.50537109375,0.0393700787402,0.212598425197,1161452
4.38513183594,240.617126465,0.505859375,0.0393700787402,0.212598425197,1161457
8.05181884766,240.699584961,0.5068359375,0.0393700787402,0.212598425197,1161462
11.7490844727,240.699584961,0.50732421875,0.0393700787402,0.212598425197,1161467
15.4463500977,240.562133789,0.5087890625,0.0393700787402,0.212598425197,1161473
19.0824584961,240.342285156,0.509765625,0.0393700787402,0.196850393701,1161477
22.5963745117,240.094848633,0.5107421875,0.0393700787402,0.196850393701,1161482
25.9270019531,239.820007324,0.51123046875,0.0393700787402,0.196850393701,1161487
28.8603515625,239.600097656,0.5107421875,0.0236220472441,0.196850393701,1161493
31.396484375,239.407714844,0.51025390625,0.0236220472441,0.196850393701,1161497
33.4437255859,239.215332031,0.50927734375,0.0236220472441,0.196850393701,1161503
35.0326538086,238.995422363,0.50830078125,0.0236220472441,0.196850393701,1161507
36.2548828125,238.693054199,0.5068359375,0.0236220472441,0.196850393701,1161513
37.1715698242,238.418212891,0.50341796875,0.0236220472441,0.196850393701,1161518
37.8132324219,238.143310547,0.49560546875,0.00787401574803,0.196850393701,1161523
38.2104492188,237.923461914,0.48583984375,0.00787401574803,0.196850393701,1161527
38.4243164062,237.841003418,0.4736328125,0.00787401574803,0.196850393701,1161533
38.5465698242,237.676086426,0.45361328125,0.00787401574803,0.196850393701,1161538
38.5465698242,237.676086426,0.427734375,0.00787401574803,0.196850393701,1161543
38.5159912109,237.511169434,0.39208984375,0.00787401574803,0.196850393701,1161548
38.4548950195,237.373718262,0.345703125,0.00787401574803,0.196850393701,1161553
38.3021240234,237.263793945,0.283203125,0.00787401574803,0.196850393701,1161558
38.0270996094,237.016418457,0.17138671875,0.00787401574803,0.196850393701,1161563
37.6909790039,236.714050293,0.076171875,0.0236220472441,0.196850393701,1161568
37.2632446289,236.356689453,0.076171875,0.0236220472441,0.196850393701,1161573
0,0,0,0,0,0
227.229064941,167.090759277,0.1630859375,0.0551181102362,0.433070866142,1162045
227.320678711,166.925842285,0.17724609375,0.0551181102362,0.433070866142,1162051
227.320678711,166.815917969,0.19091796875,0.0393700787402,0.433070866142,1162055
227.320678711,166.815917969,0.20556640625,0.0393700787402,0.433070866142,1162061
227.320678711,166.733459473,0.2255859375,0.0393700787402,0.433070866142,1162065
227.320678711,166.733459473,0.24169921875,0.0393700787402,0.433070866142,1162070
227.320678711,166.733459473,0.2529296875,0.0393700787402,0.433070866142,1162075
227.320678711,166.733459473,0.25634765625,0.0393700787402,0.433070866142,1162081
227.320678711,166.733459473,0.25927734375,0.0393700787402,0.433070866142,1162085
227.320678711,167.008300781,0.2724609375,0.0393700787402,0.433070866142,1162091
227.442932129,167.503051758,0.29150390625,0.0393700787402,0.433070866142,1162096
227.565124512,168.245178223,0.30419921875,0.0393700787402,0.433070866142,1162101
227.779052734,169.344665527,0.31298828125,0.0393700787402,0.433070866142,1162106
228.084594727,170.828918457,0.32568359375,0.0393700787402,0.433070866142,1162111
228.390136719,172.615539551,0.34033203125,0.0236220472441,0.433070866142,1162116
228.817932129,174.84197998,0.3623046875,0.0236220472441,0.433070866142,1162121
229.367919922,177.398193359,0.3779296875,0.0236220472441,0.433070866142,1162126
230.040161133,180.146850586,0.390625,0.0236220472441,0.433070866142,1162131
230.834655762,183.087890625,0.396484375,0.0236220472441,0.433070866142,1162136
231.751281738,186.138916016,0.39990234375,0.00787401574803,0.417322834646,1162141
232.729064941,189.354797363,0.40185546875,0.00787401574803,0.417322834646,1162146
233.737426758,192.735656738,0.40283203125,0.00787401574803,0.417322834646,1162151
234.837463379,196.22644043,0.40771484375,0.00787401574803,0.40157480315,1162156
236.059692383,199.827148438,0.4208984375,0.00787401574803,0.40157480315,1162161
237.373596191,203.455383301,0.4306640625,0.00787401574803,0.385826771654,1162166
238.901367188,207.001159668,0.43798828125,0.00787401574803,0.385826771654,1162171
240.581970215,210.51940918,0.4462890625,0.00787401574803,0.370078740157,1162176
242.354187012,214.010192871,0.45263671875,-0.00787401574803,0.354330708661,1162181
244.248657227,217.363525391,0.45849609375,-0.00787401574803,0.338582677165,1162186
246.204223633,220.634460449,0.46826171875,-0.00787401574803,0.307086614173,1162191
248.251464844,223.822875977,0.4794921875,-0.00787401574803,0.291338582677,1162196
250.482055664,226.708984375,0.4892578125,-0.00787401574803,0.275590551181,1162201
252.957092285,229.402648926,0.5,-0.00787401574803,0.259842519685,1162207
255.707092285,231.931396484,0.5126953125,-0.0236220472441,0.244094488189,1162211
258.762695312,234.240234375,0.5234375,-0.0236220472441,0.228346456693,1162216
262.093261719,236.356689453,0.5341796875,-0.0236220472441,0.212598425197,1162222
265.668334961,238.225769043,0.53857421875,-0.0236220472441,0.212598425197,1162226
269.426696777,239.765014648,0.54150390625,-0.0236220472441,0.196850393701,1162232
273.246154785,241.001953125,0.54443359375,-0.0393700787402,0.196850393701,1162236
277.12677002,241.963989258,0.54638671875,-0.0393700787402,0.181102362205,1162241
281.007385254,242.706115723,0.54931640625,-0.0393700787402,0.181102362205,1162247
284.979614258,243.283325195,0.55224609375,-0.0393700787402,0.181102362205,1162252
289.043579102,243.723083496,0.55322265625,-0.0551181102362,0.165354330709,1162257
293.168579102,244.05291748,0.5546875,-0.0551181102362,0.165354330709,1162262
297.354736328,244.355285645,0.55517578125,-0.0551181102362,0.165354330709,1162267
301.388122559,244.575195312,0.55615234375,-0.0551181102362,0.165354330709,1162272
305.146484375,244.740112305,0.556640625,-0.0708661417323,0.165354330709,1162277
308.538208008,244.905029297,0.55712890625,-0.0708661417323,0.165354330709,1162282
311.471557617,244.905029297,0.55712890625,-0.0708661417323,0.165354330709,1162287
314.038208008,244.877502441,0.55615234375,-0.0708661417323,0.165354330709,1162292
316.23828125,244.822570801,0.55322265625,-0.0708661417323,0.165354330709,1162297
318.102172852,244.685119629,0.54736328125,-0.0866141732283,0.165354330709,1162302
319.660522461,244.492736816,0.53662109375,-0.0866141732283,0.165354330709,1162307
321.005004883,244.245361328,0.52099609375,-0.0866141732283,0.165354330709,1162312
322.013305664,243.888000488,0.498046875,-0.0866141732283,0.165354330709,1162317
322.930053711,243.530700684,0.466796875,-0.0866141732283,0.165354330709,1162322
323.663330078,243.145874023,0.43115234375,-0.0866141732283,0.165354330709,1162327
324.243896484,242.651123047,0.38330078125,-0.0866141732283,0.165354330709,1162332
324.702270508,242.101379395,0.30859375,-0.0708661417323,0.165354330709,1162337
325.038330078,241.469177246,0.21630859375,-0.0708661417323,0.165354330709,1162342
325.313354492,240.644592285,0.0810546875,-0.0708661417323,0.165354330709,1162347
325.557861328,239.765014648,0.0810546875,-0.0708661417323,0.165354330709,1162352
0,0,0,0,0,0
501.498535156,160.026733398,0.21826171875,-0.00787401574803,0.527559055118,1163061
501.406860352,160.136657715,0.22216796875,-0.0236220472441,0.527559055118,1163066
501.284545898,160.329101562,0.2236328125,-0.0393700787402,0.511811023622,1163071
501.192871094,160.658935547,0.22412109375,-0.0551181102362,0.496062992126,1163076
501.009643555,161.181152344,0.2255859375,-0.0551181102362,0.496062992126,1163081
500.734619141,161.978271484,0.2314453125,-0.0708661417323,0.496062992126,1163086
500.3984375,162.967773438,0.25537109375,-0.0708661417323,0.496062992126,1163091
499.970703125,164.259643555,0.2822265625,-0.0708661417323,0.496062992126,1163096
499.512329102,165.936340332,0.306640625,-0.0866141732283,0.496062992126,1163101
499.0234375,167.887878418,0.32421875,-0.0866141732283,0.496062992126,1163106
498.534545898,170.224243164,0.33837890625,-0.0866141732283,0.496062992126,1163111
498.076293945,172.972900391,0.3544921875,-0.0866141732283,0.496062992126,1163116
497.617919922,175.996398926,0.3720703125,-0.0866141732283,0.48031496063,1163122
497.281738281,179.074890137,0.388671875,-0.102362204724,0.48031496063,1163126
497.12902832,182.180847168,0.404296875,-0.102362204724,0.48031496063,1163132
497.12902832,185.176879883,0.41748046875,-0.102362204724,0.464566929134,1163136
497.434570312,188.145385742,0.4306640625,-0.102362204724,0.464566929134,1163142
497.892944336,191.278869629,0.44140625,-0.11811023622,0.464566929134,1163147
498.595703125,194.604736328,0.45458984375,-0.11811023622,0.448818897638,1163152
499.573486328,198.068054199,0.4638671875,-0.11811023622,0.433070866142,1163157
500.826293945,201.668762207,0.47021484375,-0.133858267717,0.417322834646,1163162
502.384643555,205.351928711,0.4755859375,-0.133858267717,0.40157480315,1163167
504.218017578,209.090148926,0.47900390625,-0.133858267717,0.385826771654,1163172
506.356933594,212.910766602,0.4833984375,-0.149606299213,0.370078740157,1163177
508.740234375,216.621398926,0.48876953125,-0.149606299213,0.354330708661,1163182
511.337524414,220.222167969,0.49658203125,-0.149606299213,0.338582677165,1163187
514.14855957,223.465576172,0.50927734375,-0.165354330709,0.322834645669,1163192
517.143066406,226.269165039,0.52001953125,-0.165354330709,0.291338582677,1163197
520.259765625,228.770446777,0.525390625,-0.165354330709,0.275590551181,1163202
523.468139648,230.83190918,0.52880859375,-0.165354330709,0.259842519685,1163207
526.737670898,232.591064453,0.53271484375,-0.181102362205,0.244094488189,1163212
530.068237305,234.075317383,0.5380859375,-0.181102362205,0.228346456693,1163217
533.398803711,235.394714355,0.54345703125,-0.181102362205,0.228346456693,1163222
536.760009766,236.604064941,0.54833984375,-0.181102362205,0.212598425197,1163227
540.212768555,237.64855957,0.5498046875,-0.181102362205,0.212598425197,1163232
543.635009766,238.638122559,0.55078125,-0.196850393701,0.196850393701,1163237
546.99621582,239.49017334,0.552734375,-0.196850393701,0.196850393701,1163242
550.296264648,240.232299805,0.55517578125,-0.196850393701,0.196850393701,1163247
553.351806641,240.891967773,0.556640625,-0.212598425197,0.181102362205,1163252
556.254638672,241.414245605,0.55908203125,-0.212598425197,0.181102362205,1163257
558.912963867,241.881530762,0.56005859375,-0.212598425197,0.181102362205,1163262
561.326904297,242.211364746,0.56103515625,-0.228346456693,0.181102362205,1163267
563.526855469,242.458740234,0.5615234375,-0.228346456693,0.165354330709,1163272
565.482421875,242.623657227,0.56201171875,-0.244094488189,0.165354330709,1163277
567.254760742,242.706115723,0.56201171875,-0.244094488189,0.165354330709,1163282
568.874145508,242.761047363,0.55908203125,-0.244094488189,0.165354330709,1163287
570.310302734,242.761047363,0.55126953125,-0.259842519685,0.165354330709,1163292
571.624145508,242.706115723,0.5380859375,-0.259842519685,0.165354330709,1163297
572.815917969,242.623657227,0.5224609375,-0.259842519685,0.165354330709,1163303
573.854736328,242.486206055,0.49609375,-0.259842519685,0.165354330709,1163308
574.771484375,242.238830566,0.4560546875,-0.259842519685,0.165354330709,1163313
575.596435547,242.018920898,0.404296875,-0.259842519685,0.165354330709,1163318
576.23815918,241.689086914,0.33740234375,-0.259842519685,0.181102362205,1163323
576.757568359,241.331787109,0.224609375,-0.259842519685,0.181102362205,1163328
577.185424805,240.891967773,0.0927734375,-0.259842519685,0.181102362205,1163333
577.307617188,240.25982666,0.0927734375,-0.259842519685,0.181102362205,1163338
0,0,0,0,0,0
