x,y,p,xt,yt,time
0,0,0,0,0,0
-532.79536438,-248.741851807,0.20458984375,0.196850393701,0.622047244094,1638498
-532.764816284,-248.87928772,0.201171875,0.196850393701,0.622047244094,1638503
-532.764816284,-248.87928772,0.19482421875,0.196850393701,0.622047244094,1638508
-532.887039185,-248.87928772,0.18212890625,0.196850393701,0.622047244094,1638513
-532.97869873,-248.87928772,0.1767578125,0.196850393701,0.622047244094,1638518
-533.039810181,-248.769332886,0.18603515625,0.181102362205,0.622047244094,1638523
-533.223144531,-248.604415894,0.1953125,0.181102362205,0.622047244094,1638528
-533.437042236,-248.302062988,0.20654296875,0.181102362205,0.637795275591,1638533
-533.773162842,-247.779815674,0.22265625,0.181102362205,0.637795275591,1638538
-534.323165894,-247.037689209,0.23828125,0.181102362205,0.637795275591,1638543
-534.995391846,-246.020690918,0.25537109375,0.181102362205,0.637795275591,1638548
-535.881515503,-244.673843384,0.2734375,0.181102362205,0.653543307087,1638553
-536.889862061,-242.997177124,0.2861328125,0.181102362205,0.637795275591,1638558
-538.08152771,-240.935684204,0.2998046875,0.181102362205,0.637795275591,1638563
-539.425994873,-238.599334717,0.310546875,0.181102362205,0.637795275591,1638568
-540.831558228,-235.905654907,0.32177734375,0.181102362205,0.637795275591,1638573
-542.298248291,-232.882141113,0.330078125,0.181102362205,0.637795275591,1638578
-543.826034546,-229.473815918,0.34228515625,0.196850393701,0.622047244094,1638584
-545.35383606,-225.680679321,0.3505859375,0.212598425197,0.622047244094,1638588
-546.942733765,-221.722625732,0.357421875,0.212598425197,0.606299212598,1638594
-548.562194824,-217.792068481,0.3623046875,0.228346456693,0.606299212598,1638598
-550.120544434,-213.971435547,0.3662109375,0.228346456693,0.590551181102,1638603
-551.678894043,-210.095840454,0.37158203125,0.244094488189,0.590551181102,1638608
-553.176132202,-206.02784729,0.37890625,0.244094488189,0.590551181102,1638614
-554.703918457,-201.630004883,0.3857421875,0.259842519685,0.574803149606,1638618
-556.170608521,-196.984786987,0.39111328125,0.259842519685,0.574803149606,1638623
-557.637283325,-192.339569092,0.39501953125,0.259842519685,0.55905511811,1638629
-559.012298584,-187.859268188,0.39599609375,0.275590551181,0.543307086614,1638634
-560.173431396,-183.708816528,0.39599609375,0.275590551181,0.543307086614,1638639
-561.120651245,-179.998138428,0.3955078125,0.275590551181,0.527559055118,1638644
-561.823440552,-176.672271729,0.39599609375,0.259842519685,0.511811023622,1638649
-562.281784058,-173.676239014,0.3974609375,0.259842519685,0.511811023622,1638654
-562.526229858,-171.010055542,0.39501953125,0.259842519685,0.496062992126,1638659
-562.679000854,-168.591247559,0.3916015625,0.259842519685,0.496062992126,1638664
-562.740112305,-166.337356567,0.37939453125,0.259842519685,0.48031496063,1638669
-562.679000854,-164.44078064,0.36328125,0.244094488189,0.48031496063,1638674
-562.617889404,-162.681655884,0.3408203125,0.244094488189,0.48031496063,1638679
-562.587341309,-161.252349854,0.314453125,0.244094488189,0.48031496063,1638684
-562.526229858,-160.152893066,0.2822265625,0.244094488189,0.48031496063,1638689
-562.556777954,-159.190872192,0.2470703125,0.244094488189,0.48031496063,1638694
-562.740112305,-158.613647461,0.20556640625,0.244094488189,0.48031496063,1638699
-562.984558105,-158.22883606,0.16455078125,0.244094488189,0.48031496063,1638704
-563.259567261,-158.091400146,0.107421875,0.244094488189,0.48031496063,1638709
-563.595687866,-158.366271973,0.0126953125,0.244094488189,0.464566929134,1638714
-563.901245117,-158.888519287,0.0126953125,0.244094488189,0.464566929134,1638719
0,0,0,0,0,0
-564.573471069,-244.75630188,0.22607421875,0.212598425197,0.653543307087,1638881
-564.940139771,-244.94871521,0.22119140625,0.228346456693,0.637795275591,1638885
-565.245697021,-245.141113281,0.2216796875,0.244094488189,0.637795275591,1638890
-565.367919922,-245.196090698,0.21875,0.259842519685,0.622047244094,1638895
-565.367919922,-245.196090698,0.21484375,0.259842519685,0.622047244094,1638900
-565.276260376,-245.168609619,0.2099609375,0.275590551181,0.606299212598,1638905
-565.215148926,-244.893737793,0.21142578125,0.275590551181,0.606299212598,1638910
-565.184585571,-244.289031982,0.21142578125,0.275590551181,0.606299212598,1638915
-565.092926025,-243.299530029,0.21826171875,0.291338582677,0.606299212598,1638920
-564.909591675,-241.870223999,0.2265625,0.291338582677,0.606299212598,1638925
-564.542907715,-240.028625488,0.236328125,0.291338582677,0.606299212598,1638931
-563.870681763,-237.802230835,0.2529296875,0.275590551181,0.606299212598,1638935
-562.89289856,-235.163528442,0.267578125,0.275590551181,0.606299212598,1638940
-561.548446655,-232.277435303,0.28466796875,0.275590551181,0.622047244094,1638945
-559.867874146,-229.116500854,0.291015625,0.275590551181,0.622047244094,1638950
-557.91229248,-225.845596313,0.30322265625,0.259842519685,0.606299212598,1638955
-555.681716919,-222.519744873,0.31494140625,0.259842519685,0.606299212598,1638960
-553.267807007,-219.386276245,0.3271484375,0.259842519685,0.606299212598,1638965
-550.731658936,-216.472717285,0.33642578125,0.259842519685,0.606299212598,1638970
-547.951080322,-213.751541138,0.3505859375,0.259842519685,0.590551181102,1638975
-544.987167358,-211.250274658,0.36669921875,0.259842519685,0.590551181102,1638981
-541.778793335,-208.584091187,0.38232421875,0.244094488189,0.590551181102,1638985
-538.234313965,-205.752975464,0.39208984375,0.244094488189,0.574803149606,1638992
-534.384277344,-202.784439087,0.40283203125,0.244094488189,0.574803149606,1638996
-530.320343018,-199.62348938,0.4111328125,0.228346456693,0.55905511811,1639001
-526.195297241,-196.352600098,0.41943359375,0.228346456693,0.543307086614,1639005
-522.192489624,-192.971755981,0.4248046875,0.212598425197,0.527559055118,1639011
-518.403549194,-189.590927124,0.42919921875,0.212598425197,0.527559055118,1639015
-514.920181274,-186.292541504,0.4296875,0.196850393701,0.511811023622,1639021
-511.65071106,-183.076629639,0.431640625,0.181102362205,0.496062992126,1639025
-508.656234741,-180.108078003,0.43115234375,0.181102362205,0.496062992126,1639032
-505.936767578,-177.304458618,0.43115234375,0.165354330709,0.48031496063,1639036
-503.400619507,-174.693252563,0.43212890625,0.165354330709,0.48031496063,1639042
-501.108932495,-172.329406738,0.43212890625,0.149606299213,0.48031496063,1639046
-498.970031738,-170.240432739,0.43212890625,0.149606299213,0.464566929134,1639052
-497.106124878,-168.398834229,0.43212890625,0.149606299213,0.464566929134,1639056
-495.517211914,-166.887084961,0.4326171875,0.149606299213,0.464566929134,1639061
-494.081085205,-165.595214844,0.43115234375,0.149606299213,0.448818897638,1639066
-492.828292847,-164.578216553,0.42626953125,0.149606299213,0.448818897638,1639072
-491.667175293,-163.726135254,0.4169921875,0.149606299213,0.448818897638,1639076
-490.658828735,-163.066467285,0.39453125,0.149606299213,0.448818897638,1639082
-489.772705078,-162.57170105,0.361328125,0.149606299213,0.448818897638,1639086
-489.00881958,-162.241867065,0.3095703125,0.149606299213,0.433070866142,1639092
-488.397689819,-162.104431152,0.24365234375,0.149606299213,0.433070866142,1639096
-487.817138672,-162.159408569,0.134765625,0.149606299213,0.433070866142,1639102
-487.358795166,-162.406784058,0.134765625,0.149606299213,0.433070866142,1639106
0,0,0,0,0,0
-264.728759766,-251.655410767,0.26953125,0.165354330709,0.574803149606,1639639
-265.217651367,-251.627929688,0.25390625,0.165354330709,0.55905511811,1639644
-265.706542969,-251.627929688,0.24560546875,0.149606299213,0.55905511811,1639649
-266.134338379,-251.572952271,0.23974609375,0.149606299213,0.55905511811,1639654
-266.592651367,-251.408035278,0.23876953125,0.133858267717,0.574803149606,1639659
-267.081542969,-251.105682373,0.2392578125,0.133858267717,0.574803149606,1639664
-267.631561279,-250.638412476,0.2431640625,0.133858267717,0.574803149606,1639669
-268.273223877,-250.006225586,0.25048828125,0.133858267717,0.574803149606,1639674
-269.067687988,-249.126663208,0.255859375,0.133858267717,0.574803149606,1639679
-269.984375,-247.86227417,0.2607421875,0.133858267717,0.574803149606,1639684
-271.023254395,-246.213088989,0.26513671875,0.133858267717,0.574803149606,1639690
-272.184387207,-244.096633911,0.2705078125,0.11811023622,0.574803149606,1639694
-273.437164307,-241.540390015,0.27783203125,0.11811023622,0.574803149606,1639699
-274.751068115,-238.599334717,0.28515625,0.11811023622,0.574803149606,1639704
-276.126098633,-235.328445435,0.2939453125,0.11811023622,0.574803149606,1639709
-277.531677246,-231.782684326,0.30126953125,0.133858267717,0.574803149606,1639714
-278.967803955,-228.126983643,0.3134765625,0.133858267717,0.55905511811,1639719
-280.403900146,-224.416305542,0.326171875,0.133858267717,0.55905511811,1639724
-281.840026855,-220.788085938,0.3408203125,0.133858267717,0.55905511811,1639730
-283.306732178,-217.132385254,0.35400390625,0.133858267717,0.543307086614,1639734
-284.803955078,-213.339248657,0.3720703125,0.133858267717,0.543307086614,1639740
-286.423431396,-209.326217651,0.38818359375,0.133858267717,0.527559055118,1639744
-288.073425293,-204.873413086,0.39990234375,0.133858267717,0.527559055118,1639750
-289.723449707,-200.090759277,0.4091796875,0.133858267717,0.511811023622,1639755
-291.342926025,-195.088226318,0.41845703125,0.133858267717,0.496062992126,1639760
-292.80960083,-190.168136597,0.423828125,0.133858267717,0.496062992126,1639765
-294.154052734,-185.412979126,0.4267578125,0.149606299213,0.48031496063,1639770
-295.315185547,-180.960159302,0.42724609375,0.149606299213,0.464566929134,1639775
-296.29296875,-176.864685059,0.4267578125,0.149606299213,0.464566929134,1639780
-297.148529053,-173.044052124,0.4267578125,0.149606299213,0.448818897638,1639785
-297.759643555,-169.663223267,0.42626953125,0.149606299213,0.448818897638,1639790
-298.217987061,-166.722167969,0.42431640625,0.165354330709,0.433070866142,1639795
-298.462432861,-164.220901489,0.416015625,0.165354330709,0.433070866142,1639800
-298.523529053,-162.296844482,0.40283203125,0.165354330709,0.417322834646,1639805
-298.523529053,-160.89503479,0.38720703125,0.165354330709,0.417322834646,1639810
-298.431884766,-160.015457153,0.37353515625,0.165354330709,0.40157480315,1639815
-298.309661865,-159.630645752,0.35302734375,0.165354330709,0.40157480315,1639820
-298.217987061,-159.630645752,0.33154296875,0.165354330709,0.40157480315,1639825
-298.09576416,-160.042953491,0.2880859375,0.165354330709,0.40157480315,1639830
-297.97354126,-160.867538452,0.22021484375,0.165354330709,0.40157480315,1639835
-297.881866455,-162.214385986,0.0986328125,0.165354330709,0.40157480315,1639841
-297.759643555,-164.028488159,0.0986328125,0.165354330709,0.40157480315,1639845
0,0,0,0,0,0
-306.74307251,-241.21055603,0.26513671875,0.212598425197,0.606299212598,1639976
-307.018066406,-241.980178833,0.26318359375,0.212598425197,0.590551181102,1639981
-307.201416016,-242.419952393,0.263671875,0.196850393701,0.590551181102,1639986
-307.231964111,-242.639846802,0.25,0.196850393701,0.574803149606,1639992
-307.231964111,-242.639846802,0.24560546875,0.181102362205,0.574803149606,1639996
-307.04864502,-242.282516479,0.24658203125,0.181102362205,0.55905511811,1640001
-306.74307251,-241.567871094,0.2587890625,0.181102362205,0.55905511811,1640006
-306.193054199,-240.358474731,0.2763671875,0.181102362205,0.55905511811,1640012
-305.306945801,-238.73677063,0.2919921875,0.181102362205,0.55905511811,1640016
-303.993041992,-236.620300293,0.31103515625,0.181102362205,0.55905511811,1640022
-302.281921387,-234.119033813,0.32421875,0.181102362205,0.55905511811,1640026
-300.143005371,-231.232955933,0.34130859375,0.165354330709,0.55905511811,1640031
-297.606872559,-227.96206665,0.35888671875,0.165354330709,0.55905511811,1640036
-294.826293945,-224.416305542,0.37255859375,0.165354330709,0.55905511811,1640042
-291.740142822,-220.760604858,0.3837890625,0.165354330709,0.55905511811,1640046
-288.562316895,-217.022445679,0.396484375,0.149606299213,0.55905511811,1640051
-285.323394775,-213.229309082,0.4091796875,0.149606299213,0.543307086614,1640056
-281.93170166,-209.353713989,0.4228515625,0.149606299213,0.543307086614,1640062
-278.44833374,-205.340682983,0.4384765625,0.133858267717,0.543307086614,1640066
-274.659423828,-201.190216064,0.4521484375,0.133858267717,0.527559055118,1640072
-270.656585693,-196.957305908,0.4658203125,0.133858267717,0.511811023622,1640076
-266.37878418,-192.641921997,0.4716796875,0.11811023622,0.496062992126,1640081
-261.948181152,-188.354034424,0.47509765625,0.11811023622,0.496062992126,1640086
-257.456451416,-184.176086426,0.47607421875,0.102362204724,0.48031496063,1640092
-253.056427002,-180.218032837,0.47705078125,0.102362204724,0.464566929134,1640096
-248.870269775,-176.534835815,0.48046875,0.102362204724,0.464566929134,1640102
-244.898010254,-173.12651062,0.47998046875,0.0866141732283,0.448818897638,1640106
-241.231292725,-170.102996826,0.47998046875,0.0866141732283,0.433070866142,1640112
-237.900695801,-167.354354858,0.48095703125,0.0866141732283,0.433070866142,1640117
-234.967346191,-164.963027954,0.4814453125,0.0866141732283,0.417322834646,1640122
-232.431213379,-162.929031372,0.48095703125,0.0708661417323,0.417322834646,1640126
-230.292297363,-161.197387695,0.48095703125,0.0708661417323,0.417322834646,1640132
-228.520050049,-159.795562744,0.47900390625,0.0708661417323,0.40157480315,1640137
-227.08392334,-158.668624878,0.46923828125,0.0708661417323,0.40157480315,1640142
-226.014465332,-157.761566162,0.451171875,0.0708661417323,0.40157480315,1640147
-225.128356934,-157.046920776,0.4228515625,0.0708661417323,0.40157480315,1640152
-224.486694336,-156.579650879,0.3837890625,0.0708661417323,0.385826771654,1640157
-223.967224121,-156.194839478,0.33056640625,0.0708661417323,0.385826771654,1640163
-223.60055542,-156.002426147,0.26416015625,0.0708661417323,0.385826771654,1640167
-223.325561523,-155.974945068,0.1796875,0.0708661417323,0.385826771654,1640172
-223.111663818,-156.029922485,0.07666015625,0.0708661417323,0.385826771654,1640177
-222.867218018,-156.469711304,0.07666015625,0.0708661417323,0.385826771654,1640182
0,0,0,0,0,0
-41.579284668,-252.562469482,0.26220703125,0.181102362205,0.574803149606,1640644
-41.579284668,-252.562469482,0.25830078125,0.165354330709,0.574803149606,1640650
-41.5487060547,-252.452529907,0.25537109375,0.165354330709,0.590551181102,1640655
-41.5487060547,-252.177658081,0.25146484375,0.165354330709,0.590551181102,1640660
-41.4876098633,-251.682907104,0.251953125,0.165354330709,0.590551181102,1640665
-41.579284668,-250.830825806,0.25244140625,0.149606299213,0.590551181102,1640670
-41.8237304688,-249.648910522,0.25537109375,0.149606299213,0.606299212598,1640675
-42.282043457,-248.0546875,0.26025390625,0.149606299213,0.606299212598,1640680
-43.0459594727,-246.075653076,0.26416015625,0.149606299213,0.606299212598,1640685
-44.1459350586,-243.51940918,0.26611328125,0.149606299213,0.606299212598,1640690
-45.5820922852,-240.385955811,0.271484375,0.149606299213,0.590551181102,1640695
-47.4154052734,-236.785232544,0.27978515625,0.149606299213,0.590551181102,1640700
-49.5848999023,-232.689743042,0.28662109375,0.149606299213,0.590551181102,1640705
-52.0293579102,-228.319381714,0.29931640625,0.149606299213,0.574803149606,1640710
-54.6877441406,-223.811599731,0.31494140625,0.149606299213,0.574803149606,1640715
-57.3766479492,-219.303817749,0.328125,0.149606299213,0.574803149606,1640720
-60.0044555664,-214.796035767,0.3359375,0.149606299213,0.55905511811,1640725
-62.5405883789,-210.17829895,0.34326171875,0.149606299213,0.543307086614,1640730
-64.8628540039,-205.505599976,0.3466796875,0.149606299213,0.527559055118,1640735
-66.9711914062,-200.613006592,0.3544921875,0.149606299213,0.511811023622,1640740
-68.8656616211,-195.610458374,0.36083984375,0.149606299213,0.496062992126,1640745
-70.5462036133,-190.772842407,0.36474609375,0.165354330709,0.496062992126,1640750
-72.0740356445,-186.017684937,0.36767578125,0.165354330709,0.48031496063,1640755
-73.4796142578,-181.647323608,0.3681640625,0.165354330709,0.464566929134,1640760
-74.6712646484,-177.606811523,0.3681640625,0.165354330709,0.448818897638,1640765
-75.710144043,-173.95111084,0.36865234375,0.165354330709,0.448818897638,1640770
-76.4434814453,-170.762680054,0.369140625,0.165354330709,0.433070866142,1640775
-77.0240478516,-168.014022827,0.36865234375,0.165354330709,0.417322834646,1640780
-77.3907470703,-165.787628174,0.369140625,0.165354330709,0.417322834646,1640785
-77.6657714844,-163.946029663,0.36767578125,0.165354330709,0.417322834646,1640791
-77.8490600586,-162.57170105,0.35986328125,0.165354330709,0.40157480315,1640795
-77.9713134766,-161.582183838,0.345703125,0.165354330709,0.40157480315,1640801
-78.0935058594,-160.922515869,0.31884765625,0.165354330709,0.40157480315,1640805
-78.2157592773,-160.592681885,0.279296875,0.165354330709,0.40157480315,1640811
-78.3991088867,-160.592681885,0.2197265625,0.149606299213,0.40157480315,1640815
-78.6435546875,-160.840057373,0.1015625,0.149606299213,0.40157480315,1640821
-79.0101928711,-161.472244263,0.1015625,0.149606299213,0.40157480315,1640825
0,0,0,0,0,0
-82.4935913086,-245.333526611,0.20166015625,0.181102362205,0.606299212598,1640986
-82.3713378906,-244.701339722,0.2041015625,0.181102362205,0.606299212598,1640992
-82.2796630859,-243.931716919,0.20556640625,0.165354330709,0.590551181102,1640996
-82.1268920898,-242.914718628,0.20751953125,0.165354330709,0.590551181102,1641001
-81.8213500977,-241.622848511,0.20849609375,0.165354330709,0.590551181102,1641006
-81.3324584961,-240.001144409,0.2158203125,0.165354330709,0.590551181102,1641011
-80.5991210938,-238.077087402,0.2392578125,0.165354330709,0.574803149606,1641016
-79.5601806641,-235.768218994,0.26806640625,0.149606299213,0.574803149606,1641022
-78.1546630859,-233.157012939,0.29248046875,0.149606299213,0.574803149606,1641027
-76.3518676758,-230.353393555,0.310546875,0.149606299213,0.574803149606,1641031
-74.1823730469,-227.329879761,0.330078125,0.149606299213,0.574803149606,1641037
-71.6462402344,-224.196411133,0.3544921875,0.149606299213,0.55905511811,1641042
-68.7434082031,-220.980499268,0.373046875,0.149606299213,0.55905511811,1641047
-65.6267089844,-217.819549561,0.39013671875,0.149606299213,0.55905511811,1641052
-62.2655639648,-214.631118774,0.40234375,0.149606299213,0.543307086614,1641057
-58.7516479492,-211.525146484,0.416015625,0.149606299213,0.543307086614,1641062
-55.1155395508,-208.336715698,0.423828125,0.133858267717,0.543307086614,1641067
-51.3876953125,-205.038330078,0.43603515625,0.133858267717,0.527559055118,1641072
-47.5987548828,-201.712463379,0.44970703125,0.133858267717,0.527559055118,1641077
-43.657043457,-198.304138184,0.46533203125,0.133858267717,0.511811023622,1641082
-39.6848144531,-194.895812988,0.4765625,0.11811023622,0.496062992126,1641086
-35.6514282227,-191.54246521,0.4833984375,0.11811023622,0.496062992126,1641092
-31.6791381836,-188.24407959,0.48779296875,0.11811023622,0.48031496063,1641097
-27.8291015625,-185.055648804,0.48876953125,0.102362204724,0.48031496063,1641102
-24.1929931641,-182.03213501,0.48828125,0.102362204724,0.464566929134,1641107
-20.7401733398,-179.146057129,0.48876953125,0.102362204724,0.464566929134,1641112
-17.5623779297,-176.42489624,0.48876953125,0.0866141732283,0.448818897638,1641117
-14.598449707,-173.813674927,0.48876953125,0.0866141732283,0.448818897638,1641122
-11.8789672852,-171.367385864,0.4892578125,0.0866141732283,0.433070866142,1641127
-9.34283447266,-169.085998535,0.48876953125,0.0708661417323,0.433070866142,1641133
-7.02056884766,-166.969543457,0.4833984375,0.0708661417323,0.433070866142,1641137
-4.97332763672,-165.018005371,0.462890625,0.0708661417323,0.433070866142,1641142
-3.20111083984,-163.203887939,0.4345703125,0.0708661417323,0.417322834646,1641147
-1.73443603516,-161.692138672,0.396484375,0.0708661417323,0.417322834646,1641152
-0.542724609375,-160.400268555,0.33935546875,0.0708661417323,0.417322834646,1641157
0.404479980469,-159.410751343,0.2548828125,0.0708661417323,0.417322834646,1641162
1.07672119141,-158.696105957,0.12158203125,0.0708661417323,0.40157480315,1641168
1.53503417969,-158.256332397,0.12158203125,0.0708661417323,0.40157480315,1641172
0,0,0,0,0,0
184.106384277,-239.286499023,0.21923828125,0.0551181102362,0.606299212598,1641575
184.136901855,-239.423934937,0.21923828125,0.0551181102362,0.590551181102,1641580
184.045227051,-239.506393433,0.22119140625,0.0551181102362,0.590551181102,1641585
184.045227051,-239.588851929,0.21875,0.0551181102362,0.574803149606,1641591
183.984130859,-239.671310425,0.208984375,0.0393700787402,0.574803149606,1641595
183.984130859,-239.671310425,0.2119140625,0.0393700787402,0.55905511811,1641601
183.770263672,-239.451416016,0.21337890625,0.0393700787402,0.55905511811,1641605
183.525817871,-239.066604614,0.21435546875,0.0393700787402,0.55905511811,1641610
183.098022461,-238.324462891,0.21484375,0.0393700787402,0.55905511811,1641615
182.364685059,-237.225006104,0.21728515625,0.0393700787402,0.55905511811,1641620
181.356323242,-235.713256836,0.22509765625,0.0393700787402,0.55905511811,1641625
180.042419434,-233.789199829,0.2373046875,0.0393700787402,0.55905511811,1641630
178.514648438,-231.5078125,0.25146484375,0.0393700787402,0.55905511811,1641635
176.864624023,-229.034042358,0.26513671875,0.0393700787402,0.55905511811,1641640
175.122924805,-226.312866211,0.2763671875,0.0393700787402,0.55905511811,1641645
173.350708008,-223.481765747,0.2900390625,0.0393700787402,0.55905511811,1641650
171.609008789,-220.595687866,0.302734375,0.0393700787402,0.55905511811,1641655
169.86730957,-217.572174072,0.31884765625,0.0393700787402,0.543307086614,1641660
168.033996582,-214.356246948,0.3349609375,0.0393700787402,0.543307086614,1641665
166.108947754,-210.920440674,0.3525390625,0.0393700787402,0.543307086614,1641671
164.000610352,-207.099822998,0.365234375,0.0393700787402,0.527559055118,1641675
161.739440918,-203.004333496,0.375,0.0393700787402,0.527559055118,1641680
159.233886719,-198.57901001,0.38623046875,0.0393700787402,0.511811023622,1641685
156.667175293,-193.906295776,0.39599609375,0.0551181102362,0.496062992126,1641691
154.008850098,-189.178619385,0.4033203125,0.0551181102362,0.496062992126,1641695
151.350463867,-184.341003418,0.40869140625,0.0551181102362,0.48031496063,1641700
148.783752441,-179.585845947,0.41015625,0.0551181102362,0.48031496063,1641705
146.308776855,-175.023086548,0.41015625,0.0708661417323,0.464566929134,1641711
144.078186035,-170.680221558,0.41064453125,0.0708661417323,0.448818897638,1641715
142.092041016,-166.639709473,0.41064453125,0.0708661417323,0.448818897638,1641721
140.442016602,-163.066467285,0.4111328125,0.0708661417323,0.433070866142,1641725
139.097595215,-159.987976074,0.4111328125,0.0866141732283,0.433070866142,1641731
137.997558594,-157.321792603,0.40771484375,0.0866141732283,0.417322834646,1641734
137.111450195,-155.09538269,0.39453125,0.0866141732283,0.417322834646,1641741
136.439208984,-153.198806763,0.38037109375,0.0866141732283,0.40157480315,1641746
135.828125,-151.632080078,0.35546875,0.0866141732283,0.40157480315,1641751
135.339172363,-150.450164795,0.3193359375,0.0866141732283,0.385826771654,1641756
134.97253418,-149.543106079,0.2724609375,0.0866141732283,0.385826771654,1641761
134.636413574,-149.048355103,0.2236328125,0.0866141732283,0.385826771654,1641766
134.391967773,-148.828460693,0.17626953125,0.0866141732283,0.385826771654,1641771
134.116943359,-148.855941772,0.10205078125,0.0866141732283,0.385826771654,1641776
133.903076172,-149.213272095,0.10205078125,0.0866141732283,0.385826771654,1641781
0,0,0,0,0,0
136.683654785,-237.3074646,0.17822265625,0.0866141732283,0.590551181102,1641952
136.77532959,-237.08757019,0.17138671875,0.0866141732283,0.590551181102,1641957
136.897521973,-236.67527771,0.169921875,0.0866141732283,0.574803149606,1641962
137.080871582,-236.04309082,0.1689453125,0.0708661417323,0.574803149606,1641967
137.447570801,-235.081069946,0.173828125,0.0708661417323,0.55905511811,1641972
138.028137207,-233.706741333,0.1923828125,0.0708661417323,0.55905511811,1641977
138.853149414,-231.947601318,0.21630859375,0.0708661417323,0.55905511811,1641982
140.044799805,-229.776168823,0.2431640625,0.0551181102362,0.55905511811,1641987
141.603149414,-227.302383423,0.27294921875,0.0551181102362,0.55905511811,1641993
143.680969238,-224.526245117,0.30419921875,0.0551181102362,0.55905511811,1641997
146.339294434,-221.585189819,0.3359375,0.0551181102362,0.55905511811,1642002
149.57824707,-218.561676025,0.35888671875,0.0551181102362,0.55905511811,1642007
153.45880127,-215.455703735,0.384765625,0.0551181102362,0.543307086614,1642012
157.767211914,-212.184814453,0.408203125,0.0393700787402,0.543307086614,1642017
162.503356934,-208.7215271,0.42529296875,0.0393700787402,0.543307086614,1642022
167.575622559,-204.900894165,0.44140625,0.0393700787402,0.527559055118,1642027
172.70904541,-200.750442505,0.45849609375,0.0236220472441,0.527559055118,1642032
177.750732422,-196.407577515,0.470703125,0.0236220472441,0.511811023622,1642037
182.578552246,-191.95475769,0.47998046875,0.00787401574803,0.511811023622,1642041
186.978637695,-187.501953125,0.48779296875,0.00787401574803,0.496062992126,1642046
191.103637695,-183.159088135,0.49169921875,0.00787401574803,0.496062992126,1642052
194.98425293,-178.953659058,0.494140625,0.00787401574803,0.48031496063,1642057
198.58984375,-174.885650635,0.49560546875,0.00787401574803,0.464566929134,1642063
202.103759766,-170.872619629,0.49658203125,0.00787401574803,0.464566929134,1642067
205.495483398,-166.942062378,0.49658203125,-0.00787401574803,0.448818897638,1642072
208.795532227,-163.258865356,0.49755859375,-0.00787401574803,0.448818897638,1642077
212.034423828,-159.823059082,0.49609375,-0.00787401574803,0.433070866142,1642083
215.151123047,-156.689590454,0.49072265625,-0.00787401574803,0.433070866142,1642088
218.053955078,-153.885971069,0.48291015625,-0.00787401574803,0.433070866142,1642092
220.773376465,-151.412185669,0.4716796875,-0.00787401574803,0.417322834646,1642098
223.309570312,-149.268249512,0.45263671875,-0.00787401574803,0.417322834646,1642102
225.631774902,-147.564086914,0.427734375,-0.00787401574803,0.417322834646,1642108
227.862365723,-146.244735718,0.3984375,-0.00787401574803,0.40157480315,1642112
229.940185547,-145.337677002,0.3583984375,-0.00787401574803,0.40157480315,1642118
231.86517334,-144.732971191,0.31396484375,-0.00787401574803,0.40157480315,1642123
233.790222168,-144.34815979,0.24951171875,-0.00787401574803,0.385826771654,1642128
235.776306152,-144.183242798,0.14501953125,-0.0236220472441,0.385826771654,1642133
237.854125977,-144.320678711,0.05126953125,-0.0236220472441,0.385826771654,1642138
240.11529541,-144.732971191,0.05126953125,-0.0236220472441,0.385826771654,1642143
0,0,0,0,0,0
424.3671875,-222.134933472,0.197265625,-0.0551181102362,0.653543307087,1642440
423.878295898,-221.475250244,0.18408203125,-0.0551181102362,0.653543307087,1642444
423.236572266,-220.705627441,0.1611328125,-0.0551181102362,0.637795275591,1642450
422.350463867,-219.716110229,0.15673828125,-0.0551181102362,0.622047244094,1642454
421.158813477,-218.424255371,0.15673828125,-0.0551181102362,0.606299212598,1642460
419.661499023,-216.720092773,0.15771484375,-0.0551181102362,0.606299212598,1642465
417.858764648,-214.713577271,0.1640625,-0.0551181102362,0.590551181102,1642470
415.780883789,-212.349731445,0.177734375,-0.0551181102362,0.590551181102,1642474
413.550415039,-209.76600647,0.19580078125,-0.0551181102362,0.574803149606,1642480
411.228149414,-207.017364502,0.21435546875,-0.0551181102362,0.574803149606,1642485
408.967041016,-204.076309204,0.23876953125,-0.0393700787402,0.574803149606,1642490
406.705810547,-200.915359497,0.26513671875,-0.0393700787402,0.55905511811,1642495
404.444702148,-197.534515381,0.294921875,-0.0393700787402,0.55905511811,1642501
402.18359375,-193.878814697,0.3232421875,-0.0236220472441,0.543307086614,1642505
399.800170898,-190.195632935,0.35009765625,-0.0236220472441,0.543307086614,1642510
397.325195312,-186.429977417,0.37255859375,-0.0236220472441,0.527559055118,1642515
394.697387695,-182.554382324,0.38525390625,-0.00787401574803,0.527559055118,1642521
391.825195312,-178.541351318,0.4013671875,-0.00787401574803,0.511811023622,1642525
388.800170898,-174.253463745,0.40869140625,-0.00787401574803,0.511811023622,1642530
385.622314453,-169.800643921,0.41455078125,-0.00787401574803,0.496062992126,1642535
382.383422852,-165.292861938,0.41748046875,-0.00787401574803,0.496062992126,1642541
379.205566406,-160.922515869,0.41845703125,0.00787401574803,0.48031496063,1642545
376.119384766,-156.662109375,0.41943359375,0.00787401574803,0.48031496063,1642550
373.338867188,-152.704055786,0.419921875,0.00787401574803,0.464566929134,1642555
370.863769531,-148.993377686,0.42138671875,0.00787401574803,0.464566929134,1642561
368.786010742,-145.640029907,0.42236328125,0.00787401574803,0.448818897638,1642565
367.044311523,-142.753936768,0.42236328125,0.00787401574803,0.433070866142,1642571
365.669311523,-140.280151367,0.4208984375,0.00787401574803,0.433070866142,1642575
364.599853516,-138.246154785,0.41259765625,0.00787401574803,0.417322834646,1642581
363.744262695,-136.624450684,0.404296875,0.00787401574803,0.40157480315,1642585
363.194335938,-135.4425354,0.3935546875,0.00787401574803,0.40157480315,1642592
362.827636719,-134.700408936,0.3779296875,0.00787401574803,0.385826771654,1642595
362.674804688,-134.315582275,0.3671875,0.00787401574803,0.385826771654,1642601
362.644287109,-134.205657959,0.35107421875,0.00787401574803,0.370078740157,1642605
362.644287109,-134.343078613,0.32177734375,0.00787401574803,0.370078740157,1642611
362.705444336,-134.727905273,0.27392578125,0.00787401574803,0.370078740157,1642615
362.888793945,-135.415039062,0.18701171875,0.00787401574803,0.370078740157,1642621
363.163696289,-136.541992188,0.0830078125,0.00787401574803,0.370078740157,1642625
363.530395508,-138.026275635,0.0830078125,0.00787401574803,0.370078740157,1642631
0,0,0,0,0,0
376.944458008,-213.614120483,0.20751953125,0.00787401574803,0.590551181102,1642782
378.10559082,-212.652084351,0.21142578125,0.00787401574803,0.590551181102,1642786
379.266723633,-211.497650146,0.2119140625,-0.00787401574803,0.574803149606,1642791
380.458374023,-210.068359375,0.21435546875,-0.00787401574803,0.574803149606,1642797
381.802856445,-208.364196777,0.22998046875,-0.00787401574803,0.55905511811,1642802
383.422241211,-206.357681274,0.259765625,-0.00787401574803,0.55905511811,1642806
385.316772461,-203.938873291,0.28759765625,-0.00787401574803,0.543307086614,1642811
387.516723633,-201.190216064,0.314453125,-0.0236220472441,0.543307086614,1642816
390.083496094,-198.056762695,0.3408203125,-0.0236220472441,0.527559055118,1642822
392.986206055,-194.620956421,0.36376953125,-0.0236220472441,0.527559055118,1642826
396.225219727,-190.992736816,0.38427734375,-0.0236220472441,0.527559055118,1642832
399.861328125,-187.117141724,0.4033203125,-0.0236220472441,0.511811023622,1642837
403.741943359,-183.049133301,0.42236328125,-0.0236220472441,0.511811023622,1642842
407.622558594,-178.788726807,0.439453125,-0.0393700787402,0.496062992126,1642846
411.564208984,-174.445861816,0.45263671875,-0.0393700787402,0.496062992126,1642852
415.383666992,-170.102996826,0.46533203125,-0.0393700787402,0.48031496063,1642857
419.080932617,-165.952545166,0.47412109375,-0.0393700787402,0.48031496063,1642862
422.747680664,-162.159408569,0.48046875,-0.0393700787402,0.48031496063,1642867
426.322753906,-158.696105957,0.482421875,-0.0551181102362,0.464566929134,1642872
429.775512695,-155.397735596,0.48486328125,-0.0551181102362,0.464566929134,1642877
433.075561523,-152.319244385,0.4853515625,-0.0551181102362,0.464566929134,1642882
436.253417969,-149.32321167,0.486328125,-0.0708661417323,0.464566929134,1642887
439.186767578,-146.464614868,0.4853515625,-0.0708661417323,0.448818897638,1642892
441.90625,-143.853393555,0.474609375,-0.0708661417323,0.448818897638,1642896
444.320068359,-141.379608154,0.455078125,-0.0708661417323,0.448818897638,1642902
446.397949219,-139.15322876,0.42529296875,-0.0866141732283,0.433070866142,1642907
448.139648438,-137.11920166,0.38720703125,-0.0866141732283,0.433070866142,1642912
449.422973633,-135.360076904,0.3291015625,-0.0866141732283,0.417322834646,1642917
450.309082031,-133.765869141,0.26123046875,-0.0866141732283,0.417322834646,1642922
450.797973633,-132.391540527,0.15869140625,-0.0866141732283,0.40157480315,1642927
450.706298828,-131.09967041,0.0390625,-0.0866141732283,0.40157480315,1642931
449.972900391,-129.917755127,0.0390625,-0.0866141732283,0.40157480315,1642937
0,0,0,0,0,0
-517.761886597,-36.1063537598,0.13134765625,0.291338582677,0.574803149606,1643777
-518.097991943,-35.9689331055,0.1318359375,0.291338582677,0.574803149606,1643782
-518.342437744,-35.8864746094,0.1318359375,0.275590551181,0.55905511811,1643787
-518.556335449,-35.666595459,0.13232421875,0.275590551181,0.55905511811,1643792
-518.80078125,-35.3092651367,0.13330078125,0.275590551181,0.543307086614,1643797
-519.106338501,-34.6221008301,0.138671875,0.259842519685,0.543307086614,1643802
-519.564682007,-33.6051025391,0.150390625,0.259842519685,0.543307086614,1643807
-520.145248413,-32.1758117676,0.16455078125,0.259842519685,0.527559055118,1643812
-520.848022461,-30.334197998,0.1875,0.259842519685,0.527559055118,1643817
-521.642471313,-28.0803222656,0.21435546875,0.259842519685,0.527559055118,1643822
-522.436935425,-25.3866271973,0.23876953125,0.259842519685,0.527559055118,1643827
-523.170272827,-22.2256774902,0.25927734375,0.244094488189,0.527559055118,1643832
-523.750839233,-18.6524353027,0.28857421875,0.244094488189,0.527559055118,1643837
-524.300842285,-14.6394042969,0.30517578125,0.244094488189,0.527559055118,1643842
-524.881393433,-10.3240356445,0.3212890625,0.244094488189,0.511811023622,1643847
-525.523071289,-5.62384033203,0.3388671875,0.244094488189,0.511811023622,1643852
-526.348083496,-0.593811035156,0.35302734375,0.244094488189,0.511811023622,1643857
-527.295318604,4.62860107422,0.365234375,0.228346456693,0.511811023622,1643862
-528.456436157,9.76858520508,0.37744140625,0.228346456693,0.496062992126,1643867
-529.770339966,14.688659668,0.38134765625,0.228346456693,0.496062992126,1643872
-531.267578125,19.3338928223,0.38671875,0.228346456693,0.496062992126,1643878
-532.887039185,23.7042236328,0.3896484375,0.228346456693,0.48031496063,1643882
-534.53704834,27.8821716309,0.39111328125,0.228346456693,0.48031496063,1643887
-536.187072754,31.8402404785,0.392578125,0.228346456693,0.464566929134,1643893
-537.745422363,35.4959411621,0.392578125,0.212598425197,0.464566929134,1643898
-539.212097168,38.7943115234,0.3916015625,0.212598425197,0.448818897638,1643903
-540.434341431,41.6803894043,0.3857421875,0.212598425197,0.433070866142,1643908
-541.381561279,44.2091674805,0.36572265625,0.212598425197,0.433070866142,1643913
-542.05380249,46.4080810547,0.32861328125,0.212598425197,0.417322834646,1643918
-542.512130737,48.2496643066,0.27978515625,0.228346456693,0.417322834646,1643922
-542.939910889,49.9538269043,0.2099609375,0.228346456693,0.40157480315,1643928
-543.337142944,51.4930725098,0.12548828125,0.228346456693,0.40157480315,1643933
-543.8565979,52.9223632812,0.0361328125,0.244094488189,0.40157480315,1643937
-544.498260498,54.1592712402,0.0361328125,0.244094488189,0.40157480315,1643943
0,0,0,0,0,0
-571.081863403,-12.0556945801,0.2919921875,0.244094488189,0.574803149606,1644104
-571.540206909,-11.973236084,0.2822265625,0.259842519685,0.55905511811,1644109
-571.815216064,-11.973236084,0.275390625,0.275590551181,0.543307086614,1644114
-571.815216064,-11.973236084,0.259765625,0.291338582677,0.543307086614,1644119
-571.815216064,-11.973236084,0.24365234375,0.307086614173,0.527559055118,1644124
-571.540206909,-11.9457397461,0.24462890625,0.307086614173,0.527559055118,1644129
-571.142974854,-11.5334472656,0.2470703125,0.322834645669,0.511811023622,1644133
-570.562423706,-10.7638244629,0.2509765625,0.322834645669,0.511811023622,1644139
-569.492965698,-9.69186401367,0.2626953125,0.322834645669,0.511811023622,1644144
-567.904052734,-8.37249755859,0.271484375,0.322834645669,0.511811023622,1644149
-565.765151978,-6.83325195312,0.2822265625,0.322834645669,0.511811023622,1644154
-563.045684814,-5.07412719727,0.2919921875,0.322834645669,0.511811023622,1644159
-559.776199341,-2.95767211914,0.30419921875,0.322834645669,0.511811023622,1644164
-555.98727417,-0.538848876953,0.3193359375,0.322834645669,0.511811023622,1644169
-551.831680298,2.20980834961,0.3369140625,0.322834645669,0.496062992126,1644174
-547.492736816,5.26080322266,0.34716796875,0.307086614173,0.496062992126,1644179
-543.184356689,8.53167724609,0.35205078125,0.307086614173,0.496062992126,1644184
-538.937103271,11.8025817871,0.353515625,0.291338582677,0.48031496063,1644189
-534.812057495,14.881072998,0.35986328125,0.291338582677,0.48031496063,1644194
-530.717575073,17.849609375,0.37353515625,0.275590551181,0.48031496063,1644199
-526.470306396,20.5707702637,0.3896484375,0.259842519685,0.464566929134,1644204
-522.100814819,23.3469238281,0.39990234375,0.259842519685,0.464566929134,1644209
-517.670211792,26.1505432129,0.40869140625,0.244094488189,0.448818897638,1644214
-513.239608765,29.0091247559,0.4169921875,0.244094488189,0.448818897638,1644219
-508.870132446,31.9226989746,0.42333984375,0.228346456693,0.433070866142,1644224
-504.531188965,34.8362731934,0.42822265625,0.212598425197,0.417322834646,1644230
-500.314483643,37.6398925781,0.43310546875,0.212598425197,0.417322834646,1644234
-496.220001221,40.1136779785,0.43603515625,0.196850393701,0.40157480315,1644239
-492.43107605,42.2026367188,0.43798828125,0.196850393701,0.385826771654,1644245
-488.978256226,43.9342956543,0.439453125,0.196850393701,0.385826771654,1644250
-486.014343262,45.2261657715,0.43994140625,0.181102362205,0.370078740157,1644254
-483.508758545,46.2156677246,0.43994140625,0.181102362205,0.370078740157,1644259
-481.400405884,46.9852905273,0.43896484375,0.165354330709,0.354330708661,1644264
-479.75038147,47.5075378418,0.4326171875,0.165354330709,0.354330708661,1644270
-478.344818115,47.8373718262,0.42431640625,0.165354330709,0.338582677165,1644274
-477.092025757,48.1397094727,0.4091796875,0.149606299213,0.338582677165,1644280
-476.022567749,48.3046569824,0.3818359375,0.149606299213,0.338582677165,1644285
-474.983673096,48.3596191406,0.33837890625,0.149606299213,0.338582677165,1644290
-474.067001343,48.4145812988,0.2802734375,0.149606299213,0.338582677165,1644295
-473.303100586,48.2771606445,0.16943359375,0.149606299213,0.338582677165,1644300
-472.661422729,48.0297851562,0.00048828125,0.149606299213,0.338582677165,1644305
0,0,0,0,0,0
-317.009857178,-38.6625976562,0.20166015625,0.149606299213,0.511811023622,1644596
-317.284851074,-38.717590332,0.20263671875,0.149606299213,0.511811023622,1644602
-317.590393066,-38.7450561523,0.20263671875,0.149606299213,0.511811023622,1644606
-317.895965576,-38.8000488281,0.2001953125,0.149606299213,0.496062992126,1644611
-318.293182373,-38.6900939941,0.20068359375,0.133858267717,0.496062992126,1644616
-318.873748779,-38.3327636719,0.2001953125,0.133858267717,0.496062992126,1644622
-319.668212891,-37.6181335449,0.20263671875,0.133858267717,0.496062992126,1644626
-320.737670898,-36.4911804199,0.2099609375,0.133858267717,0.496062992126,1644632
-322.112670898,-34.8419799805,0.2265625,0.133858267717,0.496062992126,1644637
-323.762695312,-32.7530212402,0.24462890625,0.133858267717,0.496062992126,1644642
-325.596038818,-30.2792358398,0.2578125,0.133858267717,0.496062992126,1644647
-327.521057129,-27.3656616211,0.26953125,0.133858267717,0.496062992126,1644652
-329.476623535,-24.0947570801,0.279296875,0.133858267717,0.48031496063,1644657
-331.309997559,-20.5490112305,0.29638671875,0.133858267717,0.48031496063,1644662
-332.929443359,-16.6459350586,0.31396484375,0.133858267717,0.48031496063,1644667
-334.426696777,-12.5504455566,0.3310546875,0.133858267717,0.48031496063,1644672
-335.710021973,-8.20758056641,0.34912109375,0.133858267717,0.464566929134,1644677
-336.840606689,-3.58984375,0.3623046875,0.133858267717,0.464566929134,1644682
-337.940612793,1.302734375,0.37255859375,0.133858267717,0.464566929134,1644687
-338.979522705,6.27780151367,0.38037109375,0.133858267717,0.448818897638,1644692
-339.987854004,11.2253723145,0.38671875,0.133858267717,0.448818897638,1644697
-340.996185303,16.2004089355,0.3916015625,0.133858267717,0.433070866142,1644702
-341.94342041,21.0380554199,0.39794921875,0.133858267717,0.433070866142,1644707
-342.829559326,25.8481750488,0.400390625,0.133858267717,0.433070866142,1644712
-343.62399292,30.5483703613,0.40185546875,0.11811023622,0.417322834646,1644717
-344.265686035,34.8912353516,0.40234375,0.11811023622,0.40157480315,1644723
-344.785125732,38.7118530273,0.40234375,0.11811023622,0.40157480315,1644727
-345.212921143,41.9002990723,0.4013671875,0.11811023622,0.385826771654,1644733
-345.579589844,44.511505127,0.39501953125,0.11811023622,0.370078740157,1644736
-345.976806641,46.6004943848,0.38623046875,0.11811023622,0.370078740157,1644743
-346.465698242,48.2771606445,0.37451171875,0.11811023622,0.354330708661,1644747
-346.985137939,49.6514892578,0.357421875,0.11811023622,0.354330708661,1644752
-347.565704346,50.7784118652,0.34033203125,0.11811023622,0.338582677165,1644757
-348.176818848,51.657989502,0.3173828125,0.11811023622,0.338582677165,1644763
-348.696289062,52.2351989746,0.2880859375,0.11811023622,0.338582677165,1644767
-349.246276855,52.5925292969,0.24609375,0.11811023622,0.338582677165,1644771
-349.826843262,52.565032959,0.15380859375,0.11811023622,0.338582677165,1644777
-350.407409668,52.2901916504,0.0302734375,0.11811023622,0.338582677165,1644783
-351.14074707,51.7129516602,0.0302734375,0.11811023622,0.338582677165,1644788
0,0,0,0,0,0
-367.824249268,-10.956237793,0.296875,0.212598425197,0.48031496063,1644908
-368.007568359,-11.8083190918,0.2958984375,0.212598425197,0.464566929134,1644913
-368.068695068,-12.5779418945,0.28125,0.212598425197,0.464566929134,1644918
-367.885345459,-13.3750305176,0.26171875,0.196850393701,0.448818897638,1644923
-367.549255371,-14.0347290039,0.26416015625,0.196850393701,0.448818897638,1644928
-367.213134766,-14.4744873047,0.2685546875,0.196850393701,0.448818897638,1644933
-366.846466064,-14.7218933105,0.2763671875,0.196850393701,0.433070866142,1644937
-366.357574463,-14.8043518066,0.279296875,0.196850393701,0.433070866142,1644943
-365.807556152,-14.6669006348,0.2822265625,0.196850393701,0.433070866142,1644948
-364.860321045,-14.3095703125,0.28955078125,0.196850393701,0.433070866142,1644953
-363.638092041,-13.6773986816,0.2978515625,0.196850393701,0.433070866142,1644959
-362.01864624,-12.7153625488,0.31103515625,0.196850393701,0.433070866142,1644963
-359.849151611,-11.5334472656,0.32861328125,0.196850393701,0.448818897638,1644969
-357.282470703,-10.1866149902,0.34375,0.196850393701,0.448818897638,1644973
-354.287994385,-8.61987304688,0.3583984375,0.181102362205,0.448818897638,1644978
-350.89630127,-6.91571044922,0.3701171875,0.181102362205,0.448818897638,1644983
-347.137939453,-5.04663085938,0.38623046875,0.181102362205,0.433070866142,1644989
-342.982330322,-2.95767211914,0.40185546875,0.165354330709,0.433070866142,1644994
-338.46005249,-0.758728027344,0.41796875,0.165354330709,0.433070866142,1644999
-333.540557861,1.66006469727,0.4306640625,0.165354330709,0.433070866142,1645004
-328.31552124,4.35375976562,0.44287109375,0.149606299213,0.433070866142,1645008
-322.90713501,7.1848449707,0.45361328125,0.149606299213,0.433070866142,1645014
-317.43762207,10.1808776855,0.46142578125,0.133858267717,0.417322834646,1645019
-312.02923584,13.2318725586,0.466796875,0.133858267717,0.417322834646,1645024
-306.74307251,16.2554016113,0.4697265625,0.11811023622,0.417322834646,1645029
-301.548583984,19.2789001465,0.47265625,0.11811023622,0.40157480315,1645034
-296.41519165,22.2474365234,0.47265625,0.102362204724,0.40157480315,1645039
-291.495697021,25.106048584,0.4755859375,0.102362204724,0.385826771654,1645044
-286.759521484,27.7997131348,0.47607421875,0.102362204724,0.385826771654,1645049
-282.298370361,30.2734985352,0.4755859375,0.0866141732283,0.385826771654,1645054
-278.142791748,32.5274047852,0.47607421875,0.0866141732283,0.370078740157,1645058
-274.201080322,34.4789428711,0.4755859375,0.0708661417323,0.370078740157,1645063
-270.534362793,36.1006469727,0.47509765625,0.0708661417323,0.354330708661,1645069
-267.112121582,37.4199829102,0.46923828125,0.0551181102362,0.354330708661,1645074
-263.903747559,38.4369812012,0.4580078125,0.0551181102362,0.338582677165,1645079
-260.939819336,39.0691833496,0.43896484375,0.0551181102362,0.338582677165,1645084
-258.159240723,39.508972168,0.41259765625,0.0551181102362,0.322834645669,1645090
-255.62310791,39.7563476562,0.38037109375,0.0551181102362,0.322834645669,1645093
-253.331420898,39.7563476562,0.32763671875,0.0551181102362,0.322834645669,1645099
-251.253631592,39.6188964844,0.244140625,0.0551181102362,0.307086614173,1645104
-249.328613281,39.2615966797,0.1044921875,0.0551181102362,0.307086614173,1645109
-247.525787354,38.7118530273,0.1044921875,0.0551181102362,0.307086614173,1645113
0,0,0,0,0,0
-105.50213623,-27.4206237793,0.1767578125,0.133858267717,0.496062992126,1645416
-105.777160645,-27.4481201172,0.169921875,0.133858267717,0.496062992126,1645421
-105.960449219,-27.4756164551,0.142578125,0.11811023622,0.48031496063,1645426
-106.082702637,-27.4206237793,0.12841796875,0.11811023622,0.48031496063,1645431
-106.296569824,-27.1457824707,0.12890625,0.11811023622,0.464566929134,1645436
-106.63269043,-26.5135803223,0.1337890625,0.11811023622,0.464566929134,1645441
-107.121582031,-25.6065368652,0.15185546875,0.102362204724,0.464566929134,1645446
-107.854919434,-24.2871704102,0.16650390625,0.102362204724,0.464566929134,1645451
-108.741027832,-22.5555419922,0.17578125,0.102362204724,0.464566929134,1645456
-109.871643066,-20.4665527344,0.18603515625,0.102362204724,0.448818897638,1645461
-111.09387207,-18.0752258301,0.20068359375,0.102362204724,0.448818897638,1645466
-112.499450684,-15.4365234375,0.2177734375,0.102362204724,0.448818897638,1645471
-113.996643066,-12.5504455566,0.23876953125,0.102362204724,0.448818897638,1645476
-115.585571289,-9.36199951172,0.26220703125,0.102362204724,0.448818897638,1645481
-117.20501709,-5.76129150391,0.2822265625,0.102362204724,0.448818897638,1645486
-118.916137695,-1.80322265625,0.29931640625,0.102362204724,0.433070866142,1645492
-120.688415527,2.56713867188,0.31591796875,0.102362204724,0.433070866142,1645496
-122.552307129,7.10238647461,0.326171875,0.102362204724,0.433070866142,1645501
-124.507873535,11.6926269531,0.333984375,0.0866141732283,0.433070866142,1645506
-126.555114746,16.3378601074,0.34130859375,0.0866141732283,0.417322834646,1645512
-128.63293457,20.9830627441,0.34814453125,0.0866141732283,0.417322834646,1645516
-130.680175781,25.6832580566,0.3544921875,0.0866141732283,0.417322834646,1645522
-132.727416992,30.3834533691,0.359375,0.0866141732283,0.40157480315,1645526
-134.591308594,34.8912353516,0.361328125,0.0866141732283,0.40157480315,1645532
-136.363586426,38.9592285156,0.36279296875,0.0866141732283,0.385826771654,1645536
-137.891357422,42.5324707031,0.36279296875,0.0708661417323,0.385826771654,1645542
-139.20526123,45.4735412598,0.365234375,0.0708661417323,0.370078740157,1645547
-140.305297852,47.7274169922,0.3662109375,0.0708661417323,0.354330708661,1645551
-141.160827637,49.5140380859,0.36572265625,0.0708661417323,0.354330708661,1645557
-141.833068848,50.8608703613,0.365234375,0.0708661417323,0.338582677165,1645562
-142.383056641,51.8778991699,0.36279296875,0.0708661417323,0.338582677165,1645567
-142.841430664,52.6475219727,0.35205078125,0.0708661417323,0.338582677165,1645572
-143.238647461,53.0872802734,0.3291015625,0.0708661417323,0.322834645669,1645577
-143.483093262,53.2796936035,0.30517578125,0.0708661417323,0.322834645669,1645582
-143.635864258,53.2521972656,0.267578125,0.0708661417323,0.322834645669,1645586
-143.880310059,52.977355957,0.1708984375,0.0708661417323,0.322834645669,1645592
-144.185852051,52.4276123047,0.083984375,0.0708661417323,0.322834645669,1645597
-144.644226074,51.548034668,0.083984375,0.0708661417323,0.322834645669,1645602
0,0,0,0,0,0
-150.144287109,-17.4430541992,0.22119140625,0.11811023622,0.464566929134,1645738
-150.38873291,-17.992767334,0.22265625,0.11811023622,0.448818897638,1645743
-150.449829102,-18.4050598145,0.2041015625,0.11811023622,0.448818897638,1645748
-150.419250488,-18.6524353027,0.18505859375,0.102362204724,0.433070866142,1645753
-150.174804688,-18.6799316406,0.1796875,0.102362204724,0.433070866142,1645758
-149.869262695,-18.4325561523,0.18212890625,0.102362204724,0.433070866142,1645763
-149.53314209,-17.9652709961,0.1962890625,0.102362204724,0.433070866142,1645768
-148.983154297,-17.1956481934,0.2138671875,0.102362204724,0.433070866142,1645773
-148.280334473,-16.1786499023,0.23583984375,0.102362204724,0.433070866142,1645778
-147.272033691,-14.9967346191,0.25537109375,0.102362204724,0.433070866142,1645783
-146.019226074,-13.5399475098,0.27783203125,0.102362204724,0.433070866142,1645788
-144.460876465,-11.8907775879,0.306640625,0.102362204724,0.433070866142,1645793
-142.627502441,-9.96670532227,0.33154296875,0.102362204724,0.433070866142,1645798
-140.488586426,-7.79528808594,0.35498046875,0.0866141732283,0.433070866142,1645803
-137.921936035,-5.37646484375,0.37841796875,0.0866141732283,0.433070866142,1645808
-134.988525391,-2.68280029297,0.40234375,0.0866141732283,0.433070866142,1645813
-131.535705566,0.285736083984,0.4248046875,0.0866141732283,0.433070866142,1645818
-127.532897949,3.5016784668,0.44580078125,0.0866141732283,0.433070866142,1645823
-123.163452148,6.93746948242,0.46240234375,0.0866141732283,0.417322834646,1645828
-118.366149902,10.4282531738,0.4775390625,0.0708661417323,0.417322834646,1645833
-113.324462891,14.0014953613,0.49072265625,0.0708661417323,0.417322834646,1645839
-108.160522461,17.6022338867,0.5009765625,0.0708661417323,0.40157480315,1645843
-102.935424805,21.2579345703,0.51123046875,0.0551181102362,0.40157480315,1645848
-97.893737793,24.9136352539,0.5166015625,0.0551181102362,0.385826771654,1645853
-93.0047607422,28.5143737793,0.51904296875,0.0551181102362,0.385826771654,1645858
-88.3602905273,32.0326538086,0.52001953125,0.0393700787402,0.385826771654,1645863
-83.9602661133,35.3310241699,0.52001953125,0.0393700787402,0.370078740157,1645868
-79.7435302734,38.3545227051,0.52099609375,0.0236220472441,0.354330708661,1645873
-75.8934936523,41.0756835938,0.5205078125,0.0236220472441,0.338582677165,1645879
-72.3184814453,43.3570861816,0.5205078125,0.00787401574803,0.338582677165,1645882
-69.0795288086,45.2261657715,0.5205078125,0.00787401574803,0.322834645669,1645889
-66.3295288086,46.6829528809,0.50634765625,0.00787401574803,0.322834645669,1645893
-63.9766845703,47.8098754883,0.47021484375,0.00787401574803,0.307086614173,1645899
-61.9906005859,48.6344909668,0.41845703125,0.00787401574803,0.307086614173,1645904
-60.2794799805,49.2941589355,0.349609375,0.00787401574803,0.307086614173,1645909
-58.6599731445,49.7339477539,0.2724609375,0.00787401574803,0.307086614173,1645914
-57.0405273438,50.0087890625,0.169921875,0.00787401574803,0.307086614173,1645918
-55.3294067383,50.0637817383,0.05712890625,0.00787401574803,0.307086614173,1645924
-53.4655151367,49.81640625,0.05712890625,0.00787401574803,0.307086614173,1645929
0,0,0,0,0,0
144.750427246,-28.4651184082,0.158203125,0.0708661417323,0.527559055118,1646316
144.16986084,-27.3381652832,0.11572265625,0.0708661417323,0.511811023622,1646321
143.497619629,-25.9913330078,0.07275390625,0.0708661417323,0.511811023622,1646326
142.703186035,-24.2871704102,0.0517578125,0.0708661417323,0.496062992126,1646331
141.694824219,-22.2531738281,0.06787109375,0.0708661417323,0.48031496063,1646336
140.442016602,-20.026763916,0.09326171875,0.0708661417323,0.48031496063,1646341
139.128112793,-17.7178955078,0.1162109375,0.0708661417323,0.464566929134,1646346
137.63092041,-15.3540649414,0.1376953125,0.0708661417323,0.464566929134,1646351
136.133666992,-12.7978210449,0.166015625,0.0708661417323,0.448818897638,1646356
134.605834961,-10.0766601562,0.19189453125,0.0708661417323,0.448818897638,1646361
133.078063965,-6.99816894531,0.21826171875,0.0708661417323,0.448818897638,1646366
131.61138916,-3.5348815918,0.244140625,0.0708661417323,0.433070866142,1646370
130.114135742,0.395690917969,0.27197265625,0.0708661417323,0.433070866142,1646376
128.525268555,4.71105957031,0.29150390625,0.0708661417323,0.433070866142,1646381
126.783569336,9.21884155273,0.30615234375,0.0708661417323,0.433070866142,1646386
124.889099121,13.8091125488,0.31494140625,0.0708661417323,0.417322834646,1646392
122.811279297,18.3993530273,0.3251953125,0.0708661417323,0.417322834646,1646397
120.61126709,23.0170593262,0.3369140625,0.0708661417323,0.417322834646,1646402
118.319580078,27.6347961426,0.34912109375,0.0708661417323,0.40157480315,1646406
116.05847168,32.2250366211,0.35986328125,0.0551181102362,0.385826771654,1646412
113.858398438,36.540435791,0.36865234375,0.0551181102362,0.385826771654,1646416
111.811157227,40.525970459,0.3779296875,0.0551181102362,0.370078740157,1646421
109.947265625,44.1816711426,0.3828125,0.0551181102362,0.354330708661,1646426
108.23614502,47.5075378418,0.38623046875,0.0551181102362,0.338582677165,1646432
106.769470215,50.5035705566,0.38818359375,0.0551181102362,0.338582677165,1646436
105.48614502,53.1422729492,0.38916015625,0.0551181102362,0.322834645669,1646441
104.386108398,55.5061035156,0.390625,0.0551181102362,0.307086614173,1646446
103.408325195,57.5401000977,0.39013671875,0.0393700787402,0.307086614173,1646452
102.522216797,59.3267211914,0.38623046875,0.0393700787402,0.291338582677,1646456
101.788879395,60.7835083008,0.37255859375,0.0393700787402,0.291338582677,1646462
101.116638184,61.965423584,0.35498046875,0.0393700787402,0.291338582677,1646467
100.597167969,62.7625427246,0.32958984375,0.0393700787402,0.291338582677,1646472
100.169372559,63.2297973633,0.29150390625,0.0393700787402,0.291338582677,1646477
99.7721557617,63.3947143555,0.25439453125,0.0393700787402,0.291338582677,1646482
99.4055175781,63.2572937012,0.18798828125,0.0393700787402,0.275590551181,1646487
98.977722168,62.872467041,0.1123046875,0.0393700787402,0.275590551181,1646492
98.5194091797,62.267791748,0.02001953125,0.0393700787402,0.275590551181,1646497
98.0305175781,61.3607177734,0.02001953125,0.0393700787402,0.275590551181,1646502
0,0,0,0,0,0
97.2360229492,-16.6734313965,0.2734375,0.102362204724,0.464566929134,1646638
97.5110473633,-17.8278503418,0.27978515625,0.0866141732283,0.448818897638,1646643
97.7554931641,-18.8448486328,0.27197265625,0.0866141732283,0.448818897638,1646648
98.1527099609,-19.7793884277,0.25634765625,0.0866141732283,0.433070866142,1646653
98.5805053711,-20.5490112305,0.25146484375,0.0866141732283,0.433070866142,1646658
98.9471435547,-21.0162963867,0.24853515625,0.0708661417323,0.433070866142,1646663
99.252746582,-21.1262207031,0.24658203125,0.0708661417323,0.433070866142,1646668
99.5582885742,-20.9613037109,0.24462890625,0.0708661417323,0.433070866142,1646673
99.9555053711,-20.4390563965,0.24560546875,0.0708661417323,0.433070866142,1646678
100.505493164,-19.6144714355,0.2568359375,0.0708661417323,0.433070866142,1646683
101.238830566,-18.5150146484,0.27294921875,0.0708661417323,0.433070866142,1646687
102.21661377,-17.085723877,0.2958984375,0.0708661417323,0.433070866142,1646693
103.408325195,-15.3540649414,0.3134765625,0.0708661417323,0.433070866142,1646698
104.905578613,-13.2925720215,0.32470703125,0.0708661417323,0.433070866142,1646702
106.800048828,-10.9012451172,0.33837890625,0.0708661417323,0.433070866142,1646708
109.030578613,-8.20758056641,0.35009765625,0.0551181102362,0.417322834646,1646713
111.688964844,-5.15658569336,0.3642578125,0.0551181102362,0.417322834646,1646718
114.866760254,-1.91317749023,0.380859375,0.0551181102362,0.417322834646,1646723
118.533447266,1.63256835938,0.39697265625,0.0551181102362,0.417322834646,1646728
122.750183105,5.34326171875,0.40478515625,0.0551181102362,0.417322834646,1646733
127.486328125,9.13638305664,0.4169921875,0.0393700787402,0.40157480315,1646738
132.650268555,13.0669555664,0.42724609375,0.0393700787402,0.40157480315,1646743
138.211425781,17.0250244141,0.43798828125,0.0393700787402,0.40157480315,1646747
144.078186035,21.0655212402,0.451171875,0.0236220472441,0.385826771654,1646752
150.128234863,25.1610107422,0.46240234375,0.0236220472441,0.385826771654,1646758
156.056091309,29.2015380859,0.46728515625,0.00787401574803,0.370078740157,1646763
161.800598145,33.1870727539,0.46923828125,0.00787401574803,0.370078740157,1646769
167.208984375,36.8977355957,0.47021484375,0.00787401574803,0.354330708661,1646772
172.097900391,40.306060791,0.4697265625,0.00787401574803,0.338582677165,1646779
176.620178223,43.384552002,0.46826171875,-0.00787401574803,0.338582677165,1646783
180.531311035,46.0232543945,0.46826171875,-0.0236220472441,0.322834645669,1646789
183.861938477,48.3596191406,0.46240234375,-0.0236220472441,0.322834645669,1646793
186.64251709,50.3111572266,0.4423828125,-0.0236220472441,0.307086614173,1646799
189.025878906,51.9878234863,0.4111328125,-0.0393700787402,0.307086614173,1646803
191.103637695,53.3071899414,0.3701171875,-0.0393700787402,0.291338582677,1646809
192.906433105,54.3791503906,0.30908203125,-0.0393700787402,0.291338582677,1646814
194.495361328,55.2037658691,0.232421875,-0.0393700787402,0.291338582677,1646819
195.900939941,55.8084411621,0.11328125,-0.0393700787402,0.275590551181,1646823
197.245361328,56.1932678223,0.11328125,-0.0393700787402,0.275590551181,1646829
0,0,0,0,0,0
382.780639648,-23.6275024414,0.16064453125,-0.0393700787402,0.511811023622,1647176
382.841674805,-23.8748779297,0.16015625,-0.0393700787402,0.511811023622,1647181
382.780639648,-24.122253418,0.15576171875,-0.0393700787402,0.496062992126,1647186
382.658325195,-24.3971252441,0.15576171875,-0.0393700787402,0.496062992126,1647191
382.475097656,-24.6994628906,0.16357421875,-0.0393700787402,0.496062992126,1647196
382.291748047,-24.8643798828,0.17529296875,-0.0551181102362,0.496062992126,1647201
382.016723633,-25.0018310547,0.1845703125,-0.0551181102362,0.496062992126,1647206
381.772216797,-25.1117858887,0.189453125,-0.0551181102362,0.496062992126,1647211
381.527832031,-25.1667480469,0.193359375,-0.0551181102362,0.496062992126,1647216
381.191650391,-25.1942443848,0.19482421875,-0.0551181102362,0.496062992126,1647221
380.763916016,-25.2217102051,0.19580078125,-0.0551181102362,0.496062992126,1647226
380.244506836,-25.139251709,0.19970703125,-0.0708661417323,0.496062992126,1647231
379.511108398,-24.7819213867,0.20263671875,-0.0708661417323,0.496062992126,1647236
378.502807617,-24.1772155762,0.20751953125,-0.0708661417323,0.496062992126,1647241
377.25,-23.1602172852,0.2109375,-0.0708661417323,0.496062992126,1647246
375.569458008,-21.6484680176,0.22900390625,-0.0708661417323,0.496062992126,1647251
373.552734375,-19.6969299316,0.24072265625,-0.0708661417323,0.496062992126,1647256
371.23046875,-17.3605957031,0.25830078125,-0.0708661417323,0.496062992126,1647261
368.633300781,-14.5844421387,0.28369140625,-0.0708661417323,0.496062992126,1647266
365.822143555,-11.3685302734,0.3056640625,-0.0708661417323,0.48031496063,1647270
362.735961914,-7.68533325195,0.322265625,-0.0708661417323,0.48031496063,1647276
359.435913086,-3.4524230957,0.34033203125,-0.0708661417323,0.48031496063,1647281
355.952514648,1.33023071289,0.35302734375,-0.0708661417323,0.48031496063,1647286
352.377563477,6.33276367188,0.36376953125,-0.0551181102362,0.464566929134,1647291
348.771972656,11.5277099609,0.37353515625,-0.0551181102362,0.464566929134,1647296
345.258056641,16.6951904297,0.3828125,-0.0551181102362,0.464566929134,1647301
341.927368164,21.7801818848,0.39111328125,-0.0551181102362,0.448818897638,1647306
338.841308594,26.7827148438,0.39501953125,-0.0393700787402,0.448818897638,1647311
336.060668945,31.6753234863,0.39794921875,-0.0393700787402,0.433070866142,1647316
333.585693359,36.3480224609,0.39990234375,-0.0393700787402,0.417322834646,1647321
331.416137695,40.6084289551,0.39990234375,-0.0393700787402,0.417322834646,1647326
329.491210938,44.4565429688,0.400390625,-0.0236220472441,0.40157480315,1647331
327.841186523,47.782409668,0.39990234375,-0.0236220472441,0.385826771654,1647336
326.435546875,50.6409912109,0.39990234375,-0.0236220472441,0.370078740157,1647342
325.213378906,53.0048217773,0.39599609375,-0.0236220472441,0.370078740157,1647346
324.174438477,54.928894043,0.38671875,-0.0236220472441,0.354330708661,1647351
323.318847656,56.3856811523,0.375,-0.0236220472441,0.338582677165,1647357
322.585571289,57.4851379395,0.361328125,-0.0236220472441,0.338582677165,1647362
322.005004883,58.2272644043,0.33984375,-0.0236220472441,0.338582677165,1647367
321.607788086,58.6670532227,0.3134765625,-0.0236220472441,0.322834645669,1647371
321.302246094,58.8594665527,0.2919921875,-0.0236220472441,0.322834645669,1647377
321.118896484,58.8594665527,0.271484375,-0.0393700787402,0.322834645669,1647382
320.966064453,58.6670532227,0.2314453125,-0.0393700787402,0.322834645669,1647386
320.782714844,58.3372192383,0.17333984375,-0.0393700787402,0.322834645669,1647393
320.660522461,57.8149719238,0.111328125,-0.0393700787402,0.322834645669,1647397
320.50769043,56.962890625,0.02490234375,-0.0393700787402,0.322834645669,1647402
320.416137695,55.8084411621,0.02490234375,-0.0393700787402,0.322834645669,1647406
0,0,0,0,0,0
333.127319336,-33.302734375,0.17626953125,-0.0236220472441,0.543307086614,1647583
333.494018555,-32.4231872559,0.1787109375,-0.0236220472441,0.543307086614,1647588
333.830078125,-31.4061889648,0.1796875,-0.0236220472441,0.527559055118,1647592
334.25793457,-30.251739502,0.1796875,-0.0236220472441,0.527559055118,1647597
334.838500977,-28.9598693848,0.1806640625,-0.0236220472441,0.511811023622,1647602
335.724609375,-27.393157959,0.19384765625,-0.0236220472441,0.511811023622,1647607
336.794067383,-25.6340026855,0.2119140625,-0.0236220472441,0.496062992126,1647613
338.107910156,-23.6000061035,0.23291015625,-0.0236220472441,0.496062992126,1647618
339.727416992,-21.3461303711,0.25341796875,-0.0393700787402,0.496062992126,1647622
341.65246582,-18.7898864746,0.2724609375,-0.0393700787402,0.48031496063,1647627
343.944091797,-15.9862670898,0.2919921875,-0.0393700787402,0.48031496063,1647633
346.541381836,-12.8527832031,0.30859375,-0.0393700787402,0.48031496063,1647638
349.444213867,-9.4169921875,0.32177734375,-0.0393700787402,0.464566929134,1647642
352.621948242,-5.62384033203,0.33984375,-0.0393700787402,0.464566929134,1647647
355.983154297,-1.39093017578,0.35400390625,-0.0551181102362,0.464566929134,1647653
359.558105469,3.08935546875,0.3701171875,-0.0551181102362,0.464566929134,1647659
363.255371094,7.70709228516,0.38232421875,-0.0708661417323,0.448818897638,1647662
367.044311523,12.3523254395,0.39501953125,-0.0708661417323,0.448818897638,1647668
370.924926758,16.9975280762,0.40283203125,-0.0866141732283,0.448818897638,1647673
374.775024414,21.6152648926,0.41064453125,-0.0866141732283,0.433070866142,1647678
378.563842773,26.3979187012,0.416015625,-0.0866141732283,0.433070866142,1647682
382.261108398,31.2080383301,0.42041015625,-0.102362204724,0.417322834646,1647689
385.805664062,35.8532714844,0.42529296875,-0.102362204724,0.40157480315,1647693
389.227905273,40.2785949707,0.42724609375,-0.102362204724,0.40157480315,1647698
392.436279297,44.3465881348,0.4287109375,-0.11811023622,0.385826771654,1647703
395.430786133,48.1122436523,0.42919921875,-0.11811023622,0.370078740157,1647709
398.089111328,51.6030273438,0.4296875,-0.11811023622,0.370078740157,1647712
400.533569336,54.818939209,0.43017578125,-0.133858267717,0.354330708661,1647719
402.733642578,57.8424682617,0.43017578125,-0.133858267717,0.354330708661,1647724
404.719726562,60.5910949707,0.4296875,-0.133858267717,0.338582677165,1647729
406.491943359,63.0648803711,0.427734375,-0.133858267717,0.338582677165,1647734
408.050292969,65.2912902832,0.41455078125,-0.133858267717,0.338582677165,1647739
409.394775391,67.2153320312,0.3935546875,-0.133858267717,0.322834645669,1647744
410.464233398,68.8645324707,0.35791015625,-0.133858267717,0.322834645669,1647749
411.319824219,70.348815918,0.3076171875,-0.133858267717,0.322834645669,1647754
411.900390625,71.6131896973,0.24609375,-0.133858267717,0.322834645669,1647759
412.114257812,72.7401428223,0.1650390625,-0.133858267717,0.322834645669,1647763
411.99206543,73.7296447754,0.0859375,-0.133858267717,0.322834645669,1647769
411.411499023,74.4443054199,0.0859375,-0.133858267717,0.322834645669,1647774
0,0,0,0,0,0
-514.492401123,164.51751709,0.10498046875,0.244094488189,0.511811023622,1648579
-515.164642334,166.304138184,0.12060546875,0.228346456693,0.511811023622,1648583
-515.714645386,168.228210449,0.13330078125,0.228346456693,0.511811023622,1648589
-516.172973633,170.289672852,0.15576171875,0.228346456693,0.496062992126,1648593
-516.539642334,172.681030273,0.17333984375,0.228346456693,0.496062992126,1648599
-516.906326294,175.429626465,0.19677734375,0.228346456693,0.496062992126,1648603
-517.334106445,178.700561523,0.21435546875,0.228346456693,0.496062992126,1648609
-517.914657593,182.356262207,0.2333984375,0.228346456693,0.496062992126,1648614
-518.586898804,186.396789551,0.251953125,0.212598425197,0.48031496063,1648619
-519.473007202,190.767089844,0.27490234375,0.212598425197,0.48031496063,1648623
-520.450805664,195.35736084,0.29541015625,0.212598425197,0.48031496063,1648629
-521.489700317,200.112548828,0.3212890625,0.212598425197,0.464566929134,1648634
-522.528594971,204.922668457,0.34521484375,0.212598425197,0.464566929134,1648639
-523.506393433,209.732788086,0.36474609375,0.196850393701,0.448818897638,1648643
-524.392501831,214.515441895,0.38134765625,0.196850393701,0.433070866142,1648649
-525.125854492,219.188171387,0.39501953125,0.196850393701,0.417322834646,1648653
-525.76751709,223.668457031,0.4033203125,0.196850393701,0.40157480315,1648658
-526.286972046,227.763916016,0.4072265625,0.196850393701,0.385826771654,1648663
-526.623077393,231.337158203,0.40966796875,0.181102362205,0.370078740157,1648668
-526.836975098,234.525634766,0.40966796875,0.181102362205,0.354330708661,1648673
-526.898086548,237.274230957,0.41064453125,0.181102362205,0.322834645669,1648678
-526.867538452,239.665588379,0.4111328125,0.181102362205,0.307086614173,1648684
-526.989761353,241.919494629,0.4091796875,0.165354330709,0.307086614173,1648688
-527.234207153,244.090881348,0.4013671875,0.165354330709,0.291338582677,1648693
-527.6925354,246.262329102,0.38623046875,0.165354330709,0.275590551181,1648699
-528.273101807,248.571228027,0.37158203125,0.165354330709,0.275590551181,1648704
-528.914779663,250.797607422,0.3486328125,0.165354330709,0.259842519685,1648709
-529.587005615,252.859069824,0.31982421875,0.165354330709,0.259842519685,1648713
-530.259231567,254.75567627,0.28564453125,0.165354330709,0.259842519685,1648718
-530.870346069,256.349853516,0.2421875,0.165354330709,0.259842519685,1648724
-531.450912476,257.586791992,0.17626953125,0.165354330709,0.244094488189,1648728
-531.878692627,258.493835449,0.1044921875,0.165354330709,0.244094488189,1648733
-532.245361328,258.93359375,0.02734375,0.165354330709,0.244094488189,1648740
-532.520370483,258.93359375,0.02734375,0.165354330709,0.244094488189,1648743
0,0,0,0,0,0
-557.453948975,174.632568359,0.2802734375,0.291338582677,0.527559055118,1648895
-558.217849731,173.643005371,0.28076171875,0.291338582677,0.527559055118,1648901
-558.737304688,173.010864258,0.28173828125,0.291338582677,0.527559055118,1648905
-559.073410034,172.681030273,0.28369140625,0.307086614173,0.527559055118,1648910
-559.226196289,172.378662109,0.28662109375,0.307086614173,0.527559055118,1648915
-559.195632935,172.241210938,0.28076171875,0.307086614173,0.527559055118,1648921
-559.195632935,172.241210938,0.27783203125,0.322834645669,0.527559055118,1648925
-558.951187134,172.433654785,0.27685546875,0.322834645669,0.511811023622,1648930
-558.523406982,172.955871582,0.27783203125,0.322834645669,0.511811023622,1648934
-557.881729126,173.835449219,0.28369140625,0.322834645669,0.511811023622,1648939
-556.720611572,175.154785156,0.2958984375,0.322834645669,0.511811023622,1648944
-555.070602417,176.831481934,0.30517578125,0.322834645669,0.511811023622,1648949
-552.931686401,178.755493164,0.314453125,0.338582677165,0.527559055118,1648955
-550.334442139,180.954467773,0.3212890625,0.338582677165,0.527559055118,1648960
-547.370513916,183.263305664,0.333984375,0.338582677165,0.511811023622,1648964
-544.162155151,185.62713623,0.34375,0.322834645669,0.511811023622,1648970
-540.770446777,188.045959473,0.3544921875,0.322834645669,0.511811023622,1648975
-537.103744507,190.519714355,0.36181640625,0.307086614173,0.496062992126,1648980
-533.284255981,193.130981445,0.3681640625,0.307086614173,0.496062992126,1648985
-529.220336914,195.879577637,0.3759765625,0.291338582677,0.496062992126,1648990
-524.911956787,198.848144531,0.38330078125,0.275590551181,0.48031496063,1648995
-520.48135376,202.009094238,0.388671875,0.259842519685,0.464566929134,1649000
-515.836868286,205.279968262,0.396484375,0.244094488189,0.464566929134,1649005
-511.161819458,208.578369141,0.400390625,0.228346456693,0.448818897638,1649010
-506.456207275,211.93170166,0.4033203125,0.212598425197,0.433070866142,1649015
-501.842269897,215.257568359,0.4091796875,0.196850393701,0.417322834646,1649020
-497.289459229,218.583435059,0.4111328125,0.196850393701,0.40157480315,1649026
-492.828292847,221.909301758,0.41455078125,0.181102362205,0.370078740157,1649030
-488.45880127,225.070251465,0.4169921875,0.181102362205,0.354330708661,1649035
-484.272659302,228.011291504,0.419921875,0.165354330709,0.338582677165,1649040
-480.392059326,230.814941406,0.4208984375,0.149606299213,0.322834645669,1649045
-476.817016602,233.288696289,0.41943359375,0.149606299213,0.307086614173,1649050
-473.516983032,235.460144043,0.4189453125,0.133858267717,0.291338582677,1649055
-470.583633423,237.439147949,0.41845703125,0.133858267717,0.275590551181,1649061
-467.833602905,239.03338623,0.416015625,0.11811023622,0.275590551181,1649065
-465.328018188,240.352722168,0.408203125,0.11811023622,0.259842519685,1649070
-463.066879272,241.369750977,0.39697265625,0.102362204724,0.259842519685,1649075
-460.897415161,242.084411621,0.37939453125,0.102362204724,0.244094488189,1649080
-458.9112854,242.524169922,0.345703125,0.102362204724,0.244094488189,1649085
-457.077941895,242.77154541,0.29052734375,0.102362204724,0.244094488189,1649090
-455.336242676,242.854003906,0.20947265625,0.102362204724,0.244094488189,1649096
-453.716796875,242.689086914,0.107421875,0.102362204724,0.244094488189,1649100
-452.127868652,242.331787109,0.107421875,0.102362204724,0.244094488189,1649105
0,0,0,0,0,0
-268.18157959,162.456054688,0.203125,0.149606299213,0.511811023622,1649443
-268.792694092,162.6484375,0.203125,0.149606299213,0.511811023622,1649448
-269.464904785,162.868347168,0.19677734375,0.133858267717,0.496062992126,1649453
-270.167694092,163.143188477,0.18994140625,0.133858267717,0.496062992126,1649458
-270.839935303,163.473022461,0.189453125,0.11811023622,0.48031496063,1649463
-271.573272705,163.967773438,0.19091796875,0.11811023622,0.48031496063,1649468
-272.306610107,164.654968262,0.19677734375,0.11811023622,0.48031496063,1649473
-273.03994751,165.617004395,0.20703125,0.11811023622,0.48031496063,1649478
-273.834411621,166.82635498,0.21875,0.102362204724,0.48031496063,1649483
-274.567749023,168.25567627,0.236328125,0.102362204724,0.48031496063,1649489
-275.362182617,169.932373047,0.251953125,0.102362204724,0.48031496063,1649493
-276.126098633,171.911376953,0.271484375,0.102362204724,0.48031496063,1649499
-276.95111084,174.27520752,0.2919921875,0.102362204724,0.48031496063,1649503
-277.776123047,177.023864746,0.3115234375,0.102362204724,0.48031496063,1649509
-278.662231445,180.102355957,0.3271484375,0.102362204724,0.48031496063,1649513
-279.609466553,183.483215332,0.33740234375,0.102362204724,0.48031496063,1649519
-280.678924561,187.248840332,0.34521484375,0.102362204724,0.464566929134,1649524
-281.80947876,191.344360352,0.353515625,0.102362204724,0.464566929134,1649529
-282.909484863,195.934570312,0.35888671875,0.102362204724,0.464566929134,1649532
-284.04006958,200.854675293,0.36865234375,0.102362204724,0.448818897638,1649539
-285.048400879,205.994628906,0.37744140625,0.102362204724,0.448818897638,1649544
-286.087310791,211.381958008,0.3876953125,0.102362204724,0.433070866142,1649548
-287.187316895,216.906738281,0.3984375,0.0866141732283,0.417322834646,1649553
-288.348449707,222.404052734,0.4052734375,0.0866141732283,0.40157480315,1649559
-289.631774902,227.736450195,0.41357421875,0.0866141732283,0.385826771654,1649564
-290.976257324,232.62902832,0.42041015625,0.0866141732283,0.354330708661,1649569
-292.351257324,236.807006836,0.4267578125,0.0866141732283,0.338582677165,1649573
-293.695709229,240.270263672,0.42919921875,0.0866141732283,0.322834645669,1649579
-295.040161133,243.073913574,0.4296875,0.0866141732283,0.291338582677,1649584
-296.231842041,245.300292969,0.43017578125,0.0866141732283,0.275590551181,1649589
-297.240203857,247.114440918,0.42626953125,0.0866141732283,0.259842519685,1649594
-298.187438965,248.598693848,0.41357421875,0.0866141732283,0.244094488189,1649599
-298.920776367,249.808105469,0.39208984375,0.0866141732283,0.244094488189,1649603
-299.531890869,250.742614746,0.36767578125,0.0866141732283,0.228346456693,1649609
-299.990234375,251.347351074,0.3427734375,0.0866141732283,0.228346456693,1649613
-300.295776367,251.704650879,0.3134765625,0.0866141732283,0.212598425197,1649618
-300.448577881,251.842102051,0.279296875,0.0866141732283,0.212598425197,1649623
-300.601348877,251.869567871,0.23193359375,0.0866141732283,0.212598425197,1649629
-300.723571777,251.787109375,0.13818359375,0.0866141732283,0.212598425197,1649633
-300.937469482,251.512268066,0.04833984375,0.0866141732283,0.212598425197,1649640
-301.243011475,251.01751709,0.04833984375,0.0866141732283,0.212598425197,1649643
0,0,0,0,0,0
-321.379333496,177.518615723,0.2412109375,0.181102362205,0.48031496063,1649780
-322.173797607,176.94140625,0.2431640625,0.181102362205,0.48031496063,1649784
-322.632110596,176.611572266,0.24169921875,0.181102362205,0.48031496063,1649790
-322.784912109,176.391662598,0.2314453125,0.165354330709,0.48031496063,1649795
-322.632110596,176.199279785,0.216796875,0.165354330709,0.464566929134,1649800
-322.509887695,176.171813965,0.21435546875,0.165354330709,0.464566929134,1649804
-322.296020508,176.364196777,0.21484375,0.165354330709,0.464566929134,1649809
-322.082122803,176.776489258,0.21728515625,0.165354330709,0.464566929134,1649814
-321.593231201,177.463684082,0.22314453125,0.165354330709,0.464566929134,1649820
-320.676544189,178.398193359,0.22998046875,0.149606299213,0.464566929134,1649824
-319.270965576,179.525146484,0.24560546875,0.149606299213,0.464566929134,1649829
-317.43762207,180.844482422,0.26416015625,0.149606299213,0.464566929134,1649834
-315.237609863,182.301269531,0.2841796875,0.149606299213,0.464566929134,1649840
-312.762573242,183.895507812,0.30029296875,0.149606299213,0.464566929134,1649844
-310.073669434,185.59967041,0.31298828125,0.149606299213,0.464566929134,1649850
-307.231964111,187.49621582,0.322265625,0.149606299213,0.464566929134,1649854
-304.237487793,189.585205078,0.33349609375,0.149606299213,0.448818897638,1649860
-301.15133667,191.894042969,0.3486328125,0.133858267717,0.448818897638,1649864
-297.912414551,194.450317383,0.36083984375,0.133858267717,0.448818897638,1649870
-294.520721436,197.22644043,0.37353515625,0.133858267717,0.433070866142,1649874
-290.915130615,200.222473145,0.388671875,0.133858267717,0.433070866142,1649880
-287.187316895,203.438415527,0.3984375,0.11811023622,0.433070866142,1649885
-283.306732178,206.709289551,0.40966796875,0.11811023622,0.417322834646,1649890
-279.212249756,210.090148926,0.4189453125,0.11811023622,0.40157480315,1649895
-274.96496582,213.525939941,0.4287109375,0.102362204724,0.385826771654,1649901
-270.473266602,216.961730957,0.43603515625,0.102362204724,0.370078740157,1649905
-265.981536865,220.452514648,0.44287109375,0.0866141732283,0.354330708661,1649910
-261.550933838,223.805847168,0.4501953125,0.0866141732283,0.338582677165,1649915
-257.273132324,226.966796875,0.45556640625,0.0708661417323,0.322834645669,1649920
-253.239746094,229.93536377,0.4619140625,0.0708661417323,0.307086614173,1649925
-249.450836182,232.62902832,0.46533203125,0.0551181102362,0.291338582677,1649930
-245.936889648,235.020385742,0.46875,0.0551181102362,0.275590551181,1649935
-242.697967529,237.081848145,0.4697265625,0.0393700787402,0.259842519685,1649940
-239.795166016,238.786010742,0.4716796875,0.0393700787402,0.244094488189,1649945
-237.136810303,240.10534668,0.47216796875,0.0236220472441,0.244094488189,1649952
-234.814575195,241.204833984,0.4716796875,0.0236220472441,0.228346456693,1649955
-232.828430176,242.029418945,0.4609375,0.0236220472441,0.228346456693,1649960
-231.086761475,242.661621094,0.4462890625,0.0236220472441,0.212598425197,1649965
-229.620056152,243.15637207,0.427734375,0.0236220472441,0.212598425197,1649970
-228.428375244,243.486206055,0.40234375,0.0236220472441,0.212598425197,1649975
-227.38949585,243.706115723,0.37255859375,0.0236220472441,0.212598425197,1649980
-226.533935547,243.816040039,0.3369140625,0.0236220472441,0.212598425197,1649985
-225.739471436,243.788574219,0.2978515625,0.0236220472441,0.196850393701,1649991
-225.036682129,243.623657227,0.251953125,0.0236220472441,0.196850393701,1649995
-224.303344727,243.293823242,0.1943359375,0.0236220472441,0.196850393701,1650000
-223.570007324,242.689086914,0.11474609375,0.0393700787402,0.196850393701,1650005
-222.806121826,241.864501953,0.11474609375,0.0393700787402,0.196850393701,1650010
0,0,0,0,0,0
-87.4741821289,157.563415527,0.21435546875,0.102362204724,0.464566929134,1650342
-87.2297363281,157.233581543,0.20166015625,0.0866141732283,0.464566929134,1650348
-87.1686401367,157.151123047,0.1767578125,0.0866141732283,0.464566929134,1650352
-87.2602539062,157.261108398,0.1455078125,0.0866141732283,0.464566929134,1650357
-87.2908325195,157.508483887,0.140625,0.0866141732283,0.464566929134,1650362
-87.4130859375,157.893249512,0.142578125,0.0866141732283,0.448818897638,1650367
-87.5352783203,158.52545166,0.14208984375,0.0866141732283,0.448818897638,1650372
-87.7797241211,159.377563477,0.1484375,0.0866141732283,0.448818897638,1650377
-88.1464233398,160.504516602,0.1650390625,0.0866141732283,0.448818897638,1650382
-88.5436401367,161.878845215,0.18603515625,0.0866141732283,0.448818897638,1650388
-89.0936279297,163.500549316,0.21044921875,0.0866141732283,0.448818897638,1650392
-89.6741943359,165.397094727,0.2333984375,0.0866141732283,0.448818897638,1650398
-90.2241821289,167.458557129,0.25341796875,0.0866141732283,0.448818897638,1650402
-90.8047485352,169.767456055,0.27099609375,0.0866141732283,0.448818897638,1650407
-91.4464111328,172.268737793,0.2861328125,0.0866141732283,0.448818897638,1650412
-92.149230957,174.989868164,0.298828125,0.0708661417323,0.448818897638,1650418
-92.9436645508,177.958435059,0.3134765625,0.0708661417323,0.433070866142,1650422
-93.8603515625,181.119384766,0.3212890625,0.0708661417323,0.433070866142,1650428
-94.9298095703,184.527709961,0.333984375,0.0708661417323,0.433070866142,1650433
-96.0909423828,188.210876465,0.34423828125,0.0708661417323,0.433070866142,1650438
-97.4048461914,192.223876953,0.35791015625,0.0708661417323,0.417322834646,1650443
-98.7798461914,196.621765137,0.369140625,0.0708661417323,0.417322834646,1650448
-100.277099609,201.294433594,0.38232421875,0.0708661417323,0.417322834646,1650453
-101.774291992,206.104553223,0.3974609375,0.0708661417323,0.40157480315,1650458
-103.302124023,210.997192383,0.4091796875,0.0708661417323,0.385826771654,1650463
-104.738220215,215.862304688,0.419921875,0.0708661417323,0.370078740157,1650468
-106.143798828,220.58996582,0.4296875,0.0708661417323,0.354330708661,1650473
-107.518798828,225.125244141,0.4404296875,0.0708661417323,0.338582677165,1650478
-108.832702637,229.193237305,0.44580078125,0.0708661417323,0.307086614173,1650483
-110.024414062,232.62902832,0.4482421875,0.0708661417323,0.291338582677,1650488
-111.063293457,235.487609863,0.44921875,0.0708661417323,0.275590551181,1650493
-111.949401855,237.769042969,0.4501953125,0.0551181102362,0.244094488189,1650499
-112.65222168,239.528137207,0.44970703125,0.0551181102362,0.228346456693,1650503
-113.293884277,240.957458496,0.447265625,0.0551181102362,0.212598425197,1650508
-113.905029297,242.056884766,0.4345703125,0.0551181102362,0.212598425197,1650513
-114.485534668,242.908996582,0.4208984375,0.0551181102362,0.196850393701,1650518
-115.035583496,243.596130371,0.40625,0.0551181102362,0.196850393701,1650523
-115.554992676,244.035949707,0.390625,0.0551181102362,0.181102362205,1650528
-116.013366699,244.283325195,0.365234375,0.0551181102362,0.181102362205,1650533
-116.410583496,244.420715332,0.32373046875,0.0551181102362,0.181102362205,1650539
-116.899475098,244.420715332,0.271484375,0.0551181102362,0.181102362205,1650543
-117.418945312,244.338256836,0.2080078125,0.0551181102362,0.181102362205,1650549
-118.030029297,244.090881348,0.12744140625,0.0551181102362,0.181102362205,1650553
-118.702270508,243.651123047,0.0361328125,0.0551181102362,0.181102362205,1650559
-119.313415527,242.908996582,0.0361328125,0.0551181102362,0.181102362205,1650563
0,0,0,0,0,0
-123.835632324,167.596008301,0.1865234375,0.133858267717,0.48031496063,1650730
-123.316223145,168.832885742,0.18896484375,0.11811023622,0.48031496063,1650735
-122.552307129,170.15222168,0.1884765625,0.11811023622,0.464566929134,1650739
-121.66619873,171.664001465,0.18994140625,0.11811023622,0.464566929134,1650744
-120.535644531,173.340698242,0.1923828125,0.11811023622,0.464566929134,1650750
-119.130065918,175.182250977,0.20849609375,0.102362204724,0.464566929134,1650754
-117.418945312,177.106323242,0.23193359375,0.102362204724,0.448818897638,1650760
-115.493896484,179.16784668,0.2548828125,0.102362204724,0.448818897638,1650764
-113.385559082,181.229309082,0.2744140625,0.102362204724,0.448818897638,1650769
-111.063293457,183.290771484,0.29833984375,0.0866141732283,0.448818897638,1650774
-108.466064453,185.462219238,0.3173828125,0.0866141732283,0.433070866142,1650780
-105.471557617,187.606140137,0.33251953125,0.0866141732283,0.433070866142,1650784
-102.049316406,189.915039062,0.3515625,0.0708661417323,0.433070866142,1650790
-98.2603759766,192.526245117,0.365234375,0.0708661417323,0.433070866142,1650796
-94.1658935547,195.247436523,0.373046875,0.0708661417323,0.417322834646,1650800
-89.9797363281,198.188476562,0.380859375,0.0551181102362,0.417322834646,1650805
-85.701965332,201.239440918,0.38671875,0.0551181102362,0.417322834646,1650810
-81.3935546875,204.263000488,0.39404296875,0.0551181102362,0.40157480315,1650815
-77.2379760742,207.149047852,0.400390625,0.0393700787402,0.40157480315,1650820
-73.0823364258,210.007629395,0.40234375,0.0393700787402,0.385826771654,1650825
-69.140625,212.673828125,0.40380859375,0.0236220472441,0.370078740157,1650830
-65.3211669922,215.230102539,0.4072265625,0.0236220472441,0.354330708661,1650835
-61.6544799805,217.648925781,0.41015625,0.00787401574803,0.338582677165,1650840
-58.171081543,219.902770996,0.412109375,0.00787401574803,0.322834645669,1650845
-54.8405151367,221.964294434,0.41162109375,0.00787401574803,0.307086614173,1650850
-51.723815918,223.888305664,0.4111328125,0.00787401574803,0.291338582677,1650855
-48.8515625,225.729919434,0.40771484375,0.00787401574803,0.291338582677,1650860
-46.1931762695,227.489074707,0.3974609375,0.00787401574803,0.275590551181,1650865
-43.7487182617,229.193237305,0.380859375,0.00787401574803,0.259842519685,1650870
-41.5181274414,230.842407227,0.36083984375,0.00787401574803,0.259842519685,1650875
-39.4708862305,232.299194336,0.32275390625,0.00787401574803,0.244094488189,1650880
-37.5458984375,233.618530273,0.2734375,0.00787401574803,0.244094488189,1650885
-35.7736206055,234.745483398,0.2080078125,0.00787401574803,0.228346456693,1650890
-34.0319824219,235.734985352,0.1240234375,0.00787401574803,0.228346456693,1650895
-32.2597045898,236.394714355,0.0234375,0.00787401574803,0.228346456693,1650900
-30.4263916016,236.834472656,0.0234375,0.00787401574803,0.228346456693,1650905
0,0,0,0,0,0
133.658630371,166.908813477,0.2734375,0.0393700787402,0.511811023622,1651288
133.658630371,166.716430664,0.27880859375,0.0393700787402,0.511811023622,1651293
133.658630371,166.633972168,0.27783203125,0.0393700787402,0.511811023622,1651298
133.780822754,166.633972168,0.27734375,0.0393700787402,0.496062992126,1651303
133.903076172,166.578979492,0.27587890625,0.0393700787402,0.496062992126,1651308
134.02532959,166.578979492,0.2705078125,0.0393700787402,0.48031496063,1651313
134.02532959,166.578979492,0.2578125,0.0393700787402,0.48031496063,1651318
134.02532959,166.881347656,0.24609375,0.0393700787402,0.48031496063,1651322
134.02532959,167.431091309,0.2451171875,0.0393700787402,0.48031496063,1651329
133.872497559,168.420593262,0.24609375,0.0393700787402,0.48031496063,1651334
133.628051758,169.877380371,0.24658203125,0.0393700787402,0.48031496063,1651339
133.291931152,171.773925781,0.2568359375,0.0236220472441,0.48031496063,1651343
132.772521973,174.137817383,0.27001953125,0.0236220472441,0.48031496063,1651349
132.222473145,176.858947754,0.2861328125,0.0236220472441,0.48031496063,1651354
131.519714355,179.799987793,0.30419921875,0.0236220472441,0.48031496063,1651359
130.725280762,182.93347168,0.31787109375,0.0236220472441,0.48031496063,1651364
129.778015137,186.259338379,0.330078125,0.0236220472441,0.464566929134,1651369
128.678039551,189.805114746,0.3427734375,0.0236220472441,0.464566929134,1651374
127.57800293,193.735656738,0.35400390625,0.00787401574803,0.464566929134,1651378
126.325195312,198.188476562,0.36328125,0.00787401574803,0.448818897638,1651383
124.980773926,202.916137695,0.373046875,0.00787401574803,0.448818897638,1651388
123.605773926,207.918701172,0.380859375,0.00787401574803,0.448818897638,1651393
122.108520508,213.113647461,0.39453125,0.00787401574803,0.433070866142,1651398
120.550170898,218.391052246,0.3994140625,0.00787401574803,0.417322834646,1651403
118.930725098,223.723388672,0.4052734375,0.00787401574803,0.385826771654,1651408
117.158447266,228.945861816,0.41064453125,0.00787401574803,0.370078740157,1651413
115.355651855,233.783447266,0.41650390625,-0.00787401574803,0.354330708661,1651419
113.583435059,238.043884277,0.41943359375,-0.00787401574803,0.338582677165,1651423
111.811157227,241.672119141,0.421875,-0.00787401574803,0.322834645669,1651429
110.222290039,244.750610352,0.42236328125,-0.0236220472441,0.291338582677,1651433
108.755615234,247.27935791,0.4228515625,-0.0236220472441,0.275590551181,1651439
107.441711426,249.423278809,0.423828125,-0.0236220472441,0.259842519685,1651443
106.280578613,251.264892578,0.42138671875,-0.0236220472441,0.244094488189,1651449
105.180541992,252.749145508,0.4130859375,-0.0236220472441,0.228346456693,1651453
104.172241211,254.013549805,0.40380859375,-0.0393700787402,0.228346456693,1651459
103.255554199,255.030517578,0.38818359375,-0.0393700787402,0.212598425197,1651463
102.491638184,255.800170898,0.36572265625,-0.0393700787402,0.212598425197,1651469
101.880554199,256.377380371,0.333984375,-0.0393700787402,0.212598425197,1651473
101.422180176,256.734680176,0.28662109375,-0.0393700787402,0.212598425197,1651479
101.055541992,256.899597168,0.2275390625,-0.0393700787402,0.212598425197,1651483
100.688842773,257.00958252,0.140625,-0.0236220472441,0.212598425197,1651489
100.291625977,256.954589844,0.0576171875,-0.0236220472441,0.212598425197,1651493
99.8638305664,256.707214355,0.0576171875,-0.0236220472441,0.212598425197,1651499
0,0,0,0,0,0
95.9526977539,177.820983887,0.17578125,0.0393700787402,0.48031496063,1651654
95.8916015625,177.106323242,0.18359375,0.0393700787402,0.48031496063,1651659
96.0137939453,176.666564941,0.181640625,0.0393700787402,0.48031496063,1651664
96.3499145508,176.474121094,0.18212890625,0.0393700787402,0.48031496063,1651669
96.8388061523,176.52911377,0.1826171875,0.0393700787402,0.464566929134,1651674
97.48046875,176.831481934,0.18994140625,0.0393700787402,0.464566929134,1651679
98.2443847656,177.463684082,0.20458984375,0.0393700787402,0.464566929134,1651685
99.1915893555,178.315734863,0.22314453125,0.0236220472441,0.464566929134,1651690
100.352722168,179.525146484,0.24658203125,0.0236220472441,0.464566929134,1651694
101.849975586,181.06439209,0.27099609375,0.0236220472441,0.464566929134,1651700
103.622192383,182.906005859,0.29150390625,0.0236220472441,0.464566929134,1651705
105.700012207,185.159851074,0.3095703125,0.00787401574803,0.464566929134,1651710
107.930603027,187.85357666,0.326171875,0.00787401574803,0.464566929134,1651715
110.375061035,190.959533691,0.341796875,0.00787401574803,0.464566929134,1651721
112.941772461,194.560241699,0.35546875,0.00787401574803,0.464566929134,1651725
115.63067627,198.40838623,0.36962890625,0.00787401574803,0.448818897638,1651730
118.441833496,202.476379395,0.38330078125,0.00787401574803,0.448818897638,1651735
121.405700684,206.599304199,0.39501953125,0.00787401574803,0.448818897638,1651740
124.552978516,210.749816895,0.404296875,-0.00787401574803,0.433070866142,1651745
127.914123535,215.037658691,0.40966796875,-0.00787401574803,0.417322834646,1651750
131.428039551,219.380554199,0.41650390625,-0.00787401574803,0.40157480315,1651755
135.094726562,223.668457031,0.42431640625,-0.0236220472441,0.385826771654,1651760
138.944763184,227.901367188,0.43359375,-0.0236220472441,0.370078740157,1651765
142.855957031,231.941894531,0.4423828125,-0.0393700787402,0.338582677165,1651770
146.767089844,235.625061035,0.45556640625,-0.0393700787402,0.322834645669,1651775
150.678222656,238.895935059,0.46435546875,-0.0393700787402,0.307086614173,1651780
154.375488281,241.754577637,0.474609375,-0.0551181102362,0.291338582677,1651785
157.828308105,244.173339844,0.47900390625,-0.0551181102362,0.275590551181,1651792
161.006103516,246.262329102,0.4794921875,-0.0708661417323,0.259842519685,1651795
163.878356934,248.076477051,0.47998046875,-0.0708661417323,0.244094488189,1651800
166.445068359,249.533203125,0.4794921875,-0.0708661417323,0.244094488189,1651805
168.67565918,250.715148926,0.4697265625,-0.0866141732283,0.228346456693,1651810
170.661804199,251.649719238,0.44677734375,-0.0866141732283,0.228346456693,1651815
172.342346191,252.336853027,0.404296875,-0.0866141732283,0.212598425197,1651820
173.839599609,252.831604004,0.3330078125,-0.0866141732283,0.212598425197,1651825
175.184020996,253.161437988,0.2431640625,-0.102362204724,0.212598425197,1651830
176.436828613,253.32635498,0.115234375,-0.0866141732283,0.212598425197,1651835
177.628540039,253.32635498,0.115234375,-0.0866141732283,0.212598425197,1651840
0,0,0,0,0,0
414.283691406,172.571044922,0.18408203125,-0.0551181102362,0.55905511811,1652329
414.283691406,172.571044922,0.1806640625,-0.0551181102362,0.543307086614,1652334
414.069824219,172.873413086,0.15625,-0.0551181102362,0.543307086614,1652339
413.764282227,173.423156738,0.146484375,-0.0708661417323,0.527559055118,1652344
413.397583008,174.330200195,0.1435546875,-0.0708661417323,0.527559055118,1652350
412.817016602,175.677062988,0.14794921875,-0.0708661417323,0.511811023622,1652354
411.961425781,177.381225586,0.15966796875,-0.0708661417323,0.511811023622,1652358
410.891967773,179.360229492,0.18017578125,-0.0708661417323,0.496062992126,1652363
409.608642578,181.614135742,0.20361328125,-0.0708661417323,0.496062992126,1652369
408.111450195,184.005432129,0.2255859375,-0.0708661417323,0.496062992126,1652374
406.522460938,186.644165039,0.2490234375,-0.0708661417323,0.48031496063,1652378
404.841918945,189.585205078,0.2646484375,-0.0708661417323,0.48031496063,1652384
403.03918457,192.883605957,0.28515625,-0.0708661417323,0.48031496063,1652390
401.052978516,196.539306641,0.30224609375,-0.0708661417323,0.464566929134,1652394
398.9140625,200.524841309,0.3232421875,-0.0708661417323,0.464566929134,1652399
396.561279297,204.757751465,0.3408203125,-0.0708661417323,0.464566929134,1652404
394.147338867,209.155578613,0.35400390625,-0.0866141732283,0.448818897638,1652409
391.702880859,213.828308105,0.36962890625,-0.0866141732283,0.433070866142,1652414
389.227905273,218.72088623,0.38232421875,-0.0866141732283,0.417322834646,1652420
386.813964844,223.695922852,0.39599609375,-0.0866141732283,0.40157480315,1652425
384.369506836,228.808410645,0.4091796875,-0.102362204724,0.385826771654,1652429
382.047241211,233.70098877,0.4228515625,-0.102362204724,0.370078740157,1652434
379.786132812,238.20880127,0.4384765625,-0.102362204724,0.338582677165,1652440
377.555541992,242.221801758,0.45166015625,-0.102362204724,0.322834645669,1652444
375.386108398,245.740112305,0.4638671875,-0.11811023622,0.291338582677,1652449
373.277709961,248.76361084,0.47607421875,-0.11811023622,0.275590551181,1652455
371.291625977,251.402282715,0.484375,-0.11811023622,0.259842519685,1652460
369.366577148,253.656188965,0.48779296875,-0.11811023622,0.228346456693,1652464
367.563842773,255.607727051,0.490234375,-0.11811023622,0.212598425197,1652470
365.883178711,257.284423828,0.4912109375,-0.11811023622,0.212598425197,1652475
364.294311523,258.713745117,0.49169921875,-0.11811023622,0.196850393701,1652479
362.919311523,260.005554199,0.4921875,-0.11811023622,0.196850393701,1652485
361.727661133,261.132507324,0.4921875,-0.11811023622,0.181102362205,1652490
360.719238281,262.122070312,0.4892578125,-0.11811023622,0.181102362205,1652494
359.894287109,262.919128418,0.48193359375,-0.11811023622,0.181102362205,1652499
359.222045898,263.523864746,0.46533203125,-0.11811023622,0.181102362205,1652504
358.733154297,263.908691406,0.44189453125,-0.11811023622,0.181102362205,1652509
358.427612305,264.128540039,0.4150390625,-0.11811023622,0.181102362205,1652514
358.274780273,264.183532715,0.3876953125,-0.102362204724,0.181102362205,1652519
358.152587891,264.156066895,0.3544921875,-0.102362204724,0.181102362205,1652524
358.030395508,263.963623047,0.29833984375,-0.102362204724,0.181102362205,1652529
357.81640625,263.578796387,0.23828125,-0.102362204724,0.181102362205,1652534
357.602539062,262.864196777,0.154296875,-0.102362204724,0.181102362205,1652539
357.388671875,261.792175293,0.07666015625,-0.102362204724,0.181102362205,1652544
357.174804688,260.335449219,0.07666015625,-0.0866141732283,0.181102362205,1652549
0,0,0,0,0,0
357.510864258,168.695495605,0.20751953125,-0.0551181102362,0.543307086614,1652695
357.510864258,168.695495605,0.19482421875,-0.0551181102362,0.543307086614,1652700
357.663696289,168.64050293,0.18798828125,-0.0551181102362,0.527559055118,1652705
357.724853516,168.805419922,0.16748046875,-0.0551181102362,0.511811023622,1652710
357.938720703,169.135253906,0.16162109375,-0.0708661417323,0.511811023622,1652715
358.366455078,169.657470703,0.16162109375,-0.0708661417323,0.496062992126,1652720
358.947021484,170.482116699,0.16259765625,-0.0708661417323,0.496062992126,1652725
359.741455078,171.609008789,0.17138671875,-0.0708661417323,0.496062992126,1652730
360.780395508,173.148254395,0.17822265625,-0.0708661417323,0.496062992126,1652735
362.12487793,175.182250977,0.19140625,-0.0708661417323,0.496062992126,1652740
363.744262695,177.683532715,0.20361328125,-0.0708661417323,0.496062992126,1652746
365.669311523,180.404724121,0.22412109375,-0.0708661417323,0.48031496063,1652750
367.96105957,183.400756836,0.24560546875,-0.0866141732283,0.48031496063,1652755
370.619384766,186.671630859,0.26904296875,-0.0866141732283,0.48031496063,1652760
373.766601562,190.244873047,0.279296875,-0.0866141732283,0.464566929134,1652765
377.463867188,194.312866211,0.28564453125,-0.0866141732283,0.464566929134,1652770
381.650024414,198.875610352,0.29150390625,-0.102362204724,0.464566929134,1652776
386.141723633,203.823181152,0.302734375,-0.102362204724,0.448818897638,1652780
390.786254883,209.155578613,0.3095703125,-0.11811023622,0.433070866142,1652786
395.339111328,214.817810059,0.3212890625,-0.11811023622,0.417322834646,1652791
399.76965332,220.754882812,0.3388671875,-0.133858267717,0.40157480315,1652796
404.047485352,226.829406738,0.35546875,-0.133858267717,0.385826771654,1652801
408.111450195,232.821472168,0.36962890625,-0.149606299213,0.370078740157,1652806
412.083740234,238.318725586,0.3818359375,-0.149606299213,0.338582677165,1652811
415.903198242,243.266296387,0.3935546875,-0.165354330709,0.322834645669,1652816
419.478149414,247.609191895,0.40283203125,-0.181102362205,0.291338582677,1652821
422.839355469,251.374816895,0.4072265625,-0.181102362205,0.275590551181,1652826
425.864379883,254.673217773,0.4091796875,-0.196850393701,0.244094488189,1652831
428.431030273,257.559265137,0.40966796875,-0.196850393701,0.228346456693,1652836
430.569946289,259.978088379,0.4091796875,-0.196850393701,0.212598425197,1652841
432.311645508,261.984619141,0.3994140625,-0.212598425197,0.196850393701,1652846
433.686645508,263.688781738,0.37841796875,-0.212598425197,0.196850393701,1652851
434.725585938,265.035583496,0.34375,-0.212598425197,0.181102362205,1652856
435.520019531,266.135070801,0.2841796875,-0.212598425197,0.181102362205,1652861
435.978393555,267.014648438,0.2236328125,-0.228346456693,0.165354330709,1652866
436.131103516,267.729309082,0.12744140625,-0.212598425197,0.165354330709,1652871
435.947753906,268.196533203,0.025390625,-0.212598425197,0.165354330709,1652876
435.550537109,268.443908691,0.025390625,-0.212598425197,0.165354330709,1652881
0,0,0,0,0,0
