x,y,p,xt,yt,time
0,0,0,0,0,0
-614.310073853,-305.594406128,0.146484375,0.527559055118,0.622047244094,582620
-614.096191406,-303.670349121,0.09716796875,0.527559055118,0.622047244094,582626
-613.912857056,-301.773773193,0.09716796875,0.527559055118,0.622047244094,582631
0,0,0,0,0,0
-590.354278564,-294.050079346,0.2265625,0.448818897638,0.574803149606,582907
-590.323730469,-294.489852905,0.2470703125,0.448818897638,0.574803149606,582912
-590.384841919,-294.984619141,0.26171875,0.448818897638,0.574803149606,582917
-590.354278564,-295.506851196,0.2958984375,0.448818897638,0.574803149606,582922
-590.262619019,-296.029098511,0.3310546875,0.448818897638,0.590551181102,582927
-590.109832764,-296.551345825,0.35009765625,0.448818897638,0.590551181102,582932
-589.926498413,-296.991134644,0.37255859375,0.448818897638,0.590551181102,582937
-589.804275513,-297.320968628,0.3974609375,0.464566929134,0.590551181102,582942
-589.773727417,-297.568344116,0.41943359375,0.464566929134,0.606299212598,582947
-589.712615967,-297.733261108,0.43994140625,0.464566929134,0.606299212598,582952
-589.682052612,-297.925674438,0.45556640625,0.464566929134,0.606299212598,582957
-589.682052612,-297.925674438,0.466796875,0.464566929134,0.622047244094,582962
-589.682052612,-297.925674438,0.474609375,0.464566929134,0.622047244094,582967
-589.682052612,-298.008132935,0.47802734375,0.48031496063,0.622047244094,582972
-589.682052612,-297.925674438,0.4794921875,0.48031496063,0.622047244094,582977
-589.682052612,-297.925674438,0.48095703125,0.48031496063,0.622047244094,582983
-589.712615967,-297.815719604,0.482421875,0.48031496063,0.637795275591,582993
-589.834838867,-297.650802612,0.48388671875,0.48031496063,0.637795275591,582997
-590.018173218,-297.375946045,0.484375,0.48031496063,0.637795275591,583002
-590.354278564,-296.908660889,0.48583984375,0.48031496063,0.637795275591,583007
-590.81262207,-296.276473999,0.48681640625,0.48031496063,0.637795275591,583012
-591.270950317,-295.61680603,0.48828125,0.464566929134,0.637795275591,583017
-591.759857178,-294.847183228,0.49072265625,0.464566929134,0.637795275591,583023
-592.157073975,-294.105041504,0.49169921875,0.464566929134,0.637795275591,583028
-592.55430603,-293.307937622,0.49365234375,0.464566929134,0.637795275591,583033
-592.829299927,-292.400878906,0.49560546875,0.464566929134,0.637795275591,583037
-593.104309082,-291.27394104,0.49853515625,0.464566929134,0.622047244094,583043
-593.348754883,-289.899612427,0.505859375,0.464566929134,0.622047244094,583047
-593.532089233,-288.16796875,0.51220703125,0.464566929134,0.622047244094,583053
-593.807098389,-285.996536255,0.51904296875,0.464566929134,0.622047244094,583058
-594.051544189,-283.247879028,0.52587890625,0.464566929134,0.622047244094,583063
-594.35710144,-279.949508667,0.53564453125,0.448818897638,0.637795275591,583068
-594.632110596,-276.211349487,0.5458984375,0.448818897638,0.637795275591,583073
-594.845993042,-272.088363647,0.5595703125,0.448818897638,0.622047244094,583078
-594.907104492,-267.69052124,0.57373046875,0.448818897638,0.622047244094,583083
-594.815444946,-262.93536377,0.58544921875,0.448818897638,0.622047244094,583088
-594.540435791,-257.76789856,0.6025390625,0.448818897638,0.606299212598,583093
-594.020980835,-252.298095703,0.61279296875,0.433070866142,0.622047244094,583098
-593.165420532,-246.77331543,0.62255859375,0.433070866142,0.622047244094,583103
-591.973739624,-241.330978394,0.62548828125,0.433070866142,0.606299212598,583108
-590.384841919,-236.108551025,0.62939453125,0.433070866142,0.606299212598,583113
-588.368148804,-231.46333313,0.630859375,0.417322834646,0.590551181102,583118
-585.954238892,-227.395339966,0.6298828125,0.417322834646,0.590551181102,583123
-583.112533569,-224.179412842,0.6318359375,0.417322834646,0.574803149606,583128
-579.965286255,-221.925521851,0.630859375,0.417322834646,0.574803149606,583134
-576.634689331,-220.496231079,0.63134765625,0.417322834646,0.55905511811,583138
-573.242996216,-219.864028931,0.63134765625,0.417322834646,0.55905511811,583143
-570.004074097,-219.919006348,0.63134765625,0.417322834646,0.543307086614,583148
-566.887374878,-220.523712158,0.63330078125,0.417322834646,0.543307086614,583153
-563.89289856,-221.650650024,0.62939453125,0.417322834646,0.527559055118,583158
-561.020645142,-223.162414551,0.62548828125,0.417322834646,0.527559055118,583163
-558.148391724,-225.004013062,0.6240234375,0.40157480315,0.527559055118,583168
-555.30670166,-227.12046814,0.62255859375,0.40157480315,0.511811023622,583173
-552.434448242,-229.319381714,0.62109375,0.40157480315,0.511811023622,583178
-549.439971924,-231.545791626,0.623046875,0.40157480315,0.511811023622,583183
-546.323272705,-233.579788208,0.625,0.40157480315,0.511811023622,583188
-543.023239136,-235.39390564,0.6240234375,0.40157480315,0.511811023622,583193
-539.539871216,-236.850692749,0.6220703125,0.385826771654,0.511811023622,583198
-535.903717041,-237.950149536,0.61962890625,0.385826771654,0.511811023622,583203
-532.237014771,-238.637313843,0.60986328125,0.385826771654,0.511811023622,583208
-528.63142395,-238.884689331,0.583984375,0.370078740157,0.511811023622,583213
-525.423065186,-238.774734497,0.54052734375,0.370078740157,0.496062992126,583218
-522.825820923,-238.279983521,0.50048828125,0.354330708661,0.496062992126,583224
-521.023010254,-237.537841797,0.4619140625,0.354330708661,0.496062992126,583228
-520.045227051,-236.575820923,0.4306640625,0.338582677165,0.496062992126,583234
-519.92300415,-235.476364136,0.38916015625,0.322834645669,0.496062992126,583238
-520.686904907,-234.294448853,0.28515625,0.322834645669,0.496062992126,583243
-522.184143066,-233.140014648,0.04443359375,0.307086614173,0.496062992126,583248
-524.659164429,-232.315414429,0.04443359375,0.307086614173,0.48031496063,583254
0,0,0,0,0,0
-395.98840332,-240.726287842,0.02880859375,0.48031496063,0.637795275591,590901
-396.324523926,-240.423934937,0.02880859375,0.48031496063,0.637795275591,590906
-396.752319336,-240.176544189,0.02734375,0.48031496063,0.637795275591,590911
-397.057861328,-239.956665039,0.02685546875,0.48031496063,0.622047244094,590916
-397.241210938,-239.819229126,0.02685546875,0.48031496063,0.622047244094,590922
-397.363433838,-239.764251709,0.0263671875,0.48031496063,0.622047244094,590926
-397.485656738,-239.819229126,0.03955078125,0.48031496063,0.622047244094,590936
-397.485656738,-239.929168701,0.0517578125,0.48031496063,0.622047244094,590942
-397.455108643,-240.094085693,0.068359375,0.48031496063,0.622047244094,590947
-397.332885742,-240.34147644,0.078125,0.48031496063,0.622047244094,590952
-397.180084229,-240.616333008,0.0888671875,0.48031496063,0.622047244094,590957
-396.996765137,-240.97366333,0.099609375,0.48031496063,0.622047244094,590962
-396.843963623,-241.385955811,0.11376953125,0.48031496063,0.622047244094,590967
-396.782867432,-241.853225708,0.1240234375,0.48031496063,0.622047244094,590972
-396.691192627,-242.347976685,0.14111328125,0.48031496063,0.622047244094,590977
-396.660644531,-242.870223999,0.15625,0.48031496063,0.606299212598,590982
-396.660644531,-243.419952393,0.1640625,0.48031496063,0.606299212598,590987
-396.721740723,-243.942199707,0.17578125,0.48031496063,0.590551181102,590992
-396.782867432,-244.546905518,0.18359375,0.48031496063,0.590551181102,590997
-396.905090332,-245.151611328,0.19970703125,0.48031496063,0.590551181102,591002
-397.027313232,-245.838760376,0.20458984375,0.48031496063,0.590551181102,591007
-397.149536133,-246.5809021,0.21630859375,0.48031496063,0.590551181102,591013
-397.271759033,-247.295547485,0.2275390625,0.48031496063,0.590551181102,591017
-397.424530029,-248.092666626,0.25146484375,0.48031496063,0.590551181102,591022
-397.638427734,-248.834793091,0.25390625,0.48031496063,0.590551181102,591028
-397.760650635,-249.521957397,0.2734375,0.48031496063,0.590551181102,591033
-397.97454834,-250.126663208,0.28564453125,0.48031496063,0.606299212598,591037
-398.218994141,-250.648910522,0.3115234375,0.48031496063,0.606299212598,591042
-398.432891846,-251.033706665,0.32568359375,0.48031496063,0.622047244094,591047
-398.707885742,-251.308578491,0.330078125,0.48031496063,0.622047244094,591052
-398.952331543,-251.583450317,0.3310546875,0.48031496063,0.622047244094,591057
-399.196777344,-251.720870972,0.3291015625,0.48031496063,0.622047244094,591063
-399.532897949,-251.858306885,0.330078125,0.48031496063,0.622047244094,591067
-399.838439941,-251.830825806,0.33154296875,0.48031496063,0.622047244094,591073
-400.266235352,-251.555953979,0.33154296875,0.48031496063,0.622047244094,591077
-400.816253662,-250.978744507,0.3310546875,0.48031496063,0.622047244094,591083
-401.45791626,-249.989227295,0.33447265625,0.48031496063,0.637795275591,591087
-402.344024658,-248.449981689,0.33837890625,0.464566929134,0.637795275591,591093
-403.291259766,-246.388504028,0.35400390625,0.464566929134,0.637795275591,591097
-404.146820068,-243.777282715,0.37060546875,0.464566929134,0.637795275591,591103
-404.75793457,-240.561355591,0.39013671875,0.464566929134,0.637795275591,591107
-404.910736084,-236.933151245,0.41552734375,0.464566929134,0.637795275591,591113
-404.544067383,-233.030059814,0.4404296875,0.464566929134,0.637795275591,591117
-403.566253662,-228.989547729,0.46142578125,0.464566929134,0.637795275591,591123
-402.130126953,-224.894058228,0.48095703125,0.464566929134,0.653543307087,591128
-400.296783447,-220.936004639,0.494140625,0.464566929134,0.637795275591,591133
-398.035644531,-217.17036438,0.50341796875,0.464566929134,0.637795275591,591138
-395.438415527,-213.597122192,0.5146484375,0.464566929134,0.637795275591,591143
-392.443939209,-210.353713989,0.5234375,0.448818897638,0.637795275591,591148
-389.052246094,-207.302703857,0.529296875,0.448818897638,0.622047244094,591153
-385.29385376,-204.55406189,0.53515625,0.448818897638,0.622047244094,591158
-381.413269043,-202.272674561,0.54052734375,0.433070866142,0.622047244094,591163
-377.288208008,-200.431091309,0.54638671875,0.433070866142,0.606299212598,591168
-372.888183594,-199.111740112,0.55029296875,0.433070866142,0.606299212598,591173
-368.213134766,-198.314620972,0.55224609375,0.417322834646,0.590551181102,591178
-363.01864624,-197.957305908,0.55517578125,0.417322834646,0.590551181102,591183
-357.335235596,-198.094741821,0.5546875,0.417322834646,0.574803149606,591188
-351.437957764,-198.726928711,0.55517578125,0.40157480315,0.574803149606,591194
-345.204559326,-199.771408081,0.5556640625,0.40157480315,0.574803149606,591198
-338.696166992,-201.25567627,0.53955078125,0.385826771654,0.574803149606,591203
-332.004425049,-203.152252197,0.5126953125,0.385826771654,0.574803149606,591208
-325.221038818,-205.296188354,0.455078125,0.370078740157,0.574803149606,591214
-318.74319458,-207.632553101,0.33544921875,0.370078740157,0.574803149606,591218
-312.876464844,-209.968902588,0.10302734375,0.370078740157,0.574803149606,591224
-307.987518311,-212.277770996,0.10302734375,0.354330708661,0.574803149606,591228
0,0,0,0,0,0
-220.536621094,-270.659072876,0.255859375,0.385826771654,0.574803149606,591646
-220.719970703,-270.933929443,0.2646484375,0.385826771654,0.590551181102,591651
-221.1171875,-271.126342773,0.2763671875,0.370078740157,0.606299212598,591655
-221.575531006,-271.318740845,0.296875,0.370078740157,0.606299212598,591661
-222.125549316,-271.346221924,0.31884765625,0.370078740157,0.622047244094,591665
-222.767211914,-271.263763428,0.32958984375,0.370078740157,0.622047244094,591671
-223.622772217,-270.98890686,0.34228515625,0.370078740157,0.622047244094,591676
-224.692230225,-270.38420105,0.35498046875,0.370078740157,0.637795275591,591681
-226.067230225,-269.532119751,0.3720703125,0.370078740157,0.637795275591,591686
-227.625579834,-268.32270813,0.39111328125,0.370078740157,0.637795275591,591691
-229.275604248,-266.755981445,0.40478515625,0.370078740157,0.637795275591,591696
-230.833953857,-264.914398193,0.416015625,0.370078740157,0.637795275591,591701
-232.300628662,-262.770446777,0.42724609375,0.370078740157,0.637795275591,591706
-233.645080566,-260.379119873,0.439453125,0.370078740157,0.637795275591,591711
-234.806213379,-257.712936401,0.45068359375,0.370078740157,0.637795275591,591716
-235.753448486,-254.716903687,0.462890625,0.370078740157,0.622047244094,591721
-236.395111084,-251.446014404,0.47705078125,0.370078740157,0.622047244094,591726
-236.639556885,-247.927734375,0.4951171875,0.370078740157,0.622047244094,591731
-236.395111084,-244.244552612,0.50830078125,0.370078740157,0.622047244094,591736
-235.661773682,-240.34147644,0.521484375,0.370078740157,0.622047244094,591741
-234.439544678,-236.191009521,0.53369140625,0.370078740157,0.606299212598,591746
-232.606201172,-231.903121948,0.541015625,0.370078740157,0.606299212598,591751
-230.253387451,-227.505279541,0.54443359375,0.370078740157,0.606299212598,591756
-227.411712646,-223.272354126,0.54736328125,0.354330708661,0.590551181102,591761
-224.019989014,-219.396759033,0.55029296875,0.354330708661,0.590551181102,591766
-220.292175293,-215.878494263,0.55029296875,0.354330708661,0.590551181102,591771
-216.289367676,-212.854980469,0.54931640625,0.338582677165,0.590551181102,591776
-211.980987549,-210.271255493,0.548828125,0.338582677165,0.574803149606,591781
-207.550384521,-208.017364502,0.5458984375,0.338582677165,0.574803149606,591786
-202.96697998,-206.093307495,0.52880859375,0.322834645669,0.574803149606,591791
-198.291931152,-204.444107056,0.4990234375,0.322834645669,0.55905511811,591796
-193.708557129,-203.014816284,0.4462890625,0.307086614173,0.55905511811,591802
-189.277954102,-201.750442505,0.36181640625,0.307086614173,0.55905511811,591806
-185.030700684,-200.678466797,0.23583984375,0.307086614173,0.543307086614,591811
-180.997314453,-199.881362915,0.05908203125,0.291338582677,0.543307086614,591817
-177.116760254,-199.414093018,0.05908203125,0.291338582677,0.543307086614,591821
0,0,0,0,0,0
-85.6630249023,-293.335418701,0.26318359375,0.338582677165,0.590551181102,592168
-86.0602416992,-293.197998047,0.265625,0.322834645669,0.590551181102,592173
-86.3963623047,-292.978103638,0.27587890625,0.322834645669,0.606299212598,592178
-86.7324829102,-292.593292236,0.30224609375,0.307086614173,0.606299212598,592183
-87.251953125,-291.851150513,0.32470703125,0.307086614173,0.622047244094,592188
-87.9241943359,-290.531799316,0.357421875,0.291338582677,0.622047244094,592193
-88.7186279297,-288.58026123,0.38671875,0.291338582677,0.637795275591,592198
-89.5741577148,-285.941558838,0.41259765625,0.291338582677,0.637795275591,592204
-90.3686523438,-282.58821106,0.43603515625,0.291338582677,0.637795275591,592209
-91.0714111328,-278.905014038,0.45849609375,0.291338582677,0.653543307087,592214
-91.5603027344,-274.946960449,0.48193359375,0.291338582677,0.653543307087,592219
-91.774230957,-270.933929443,0.498046875,0.275590551181,0.653543307087,592224
-91.5908813477,-266.893417358,0.51611328125,0.275590551181,0.653543307087,592229
-91.0103149414,-262.633010864,0.53271484375,0.275590551181,0.653543307087,592234
-90.0631103516,-258.125228882,0.544921875,0.275590551181,0.653543307087,592239
-88.749206543,-253.507492065,0.5556640625,0.259842519685,0.653543307087,592244
-87.129699707,-248.889770508,0.564453125,0.259842519685,0.653543307087,592249
-85.3269042969,-244.299530029,0.568359375,0.259842519685,0.637795275591,592254
-83.2185668945,-239.819229126,0.57373046875,0.259842519685,0.637795275591,592259
-80.8352050781,-235.448867798,0.58056640625,0.244094488189,0.637795275591,592264
-78.1768188477,-231.325897217,0.58740234375,0.244094488189,0.622047244094,592269
-75.1823730469,-227.450302124,0.59033203125,0.244094488189,0.622047244094,592274
-71.8518066406,-223.959518433,0.59423828125,0.244094488189,0.622047244094,592279
-68.1850585938,-220.90852356,0.5966796875,0.228346456693,0.606299212598,592284
-64.2128295898,-218.187362671,0.5986328125,0.228346456693,0.606299212598,592289
-59.9655761719,-215.796035767,0.5986328125,0.228346456693,0.606299212598,592294
-55.4432983398,-213.707061768,0.599609375,0.212598425197,0.590551181102,592299
-50.6459960938,-211.837982178,0.5810546875,0.212598425197,0.590551181102,592304
-45.4515380859,-210.216278076,0.54345703125,0.212598425197,0.574803149606,592309
-39.9819946289,-208.951904297,0.47509765625,0.212598425197,0.574803149606,592315
-34.4514160156,-208.044845581,0.37451171875,0.196850393701,0.574803149606,592319
-28.7985839844,-207.522598267,0.21484375,0.196850393701,0.574803149606,592325
-23.1762695312,-207.577575684,0.21484375,0.196850393701,0.55905511811,592329
0,0,0,0,0,0
58.4384155273,-295.836700439,0.23681640625,0.259842519685,0.622047244094,592701
58.2245483398,-295.754241943,0.25732421875,0.259842519685,0.622047244094,592706
57.9495239258,-295.781723022,0.2646484375,0.244094488189,0.637795275591,592712
57.705078125,-295.781723022,0.2724609375,0.244094488189,0.637795275591,592716
57.4912109375,-295.644287109,0.29150390625,0.228346456693,0.653543307087,592722
57.2772827148,-295.4243927,0.31494140625,0.228346456693,0.653543307087,592727
56.9411621094,-294.902160645,0.3447265625,0.228346456693,0.653543307087,592732
56.330078125,-294.022583008,0.369140625,0.212598425197,0.669291338583,592736
55.3217163086,-292.620773315,0.39892578125,0.212598425197,0.669291338583,592741
54.0689697266,-290.669235229,0.4208984375,0.212598425197,0.669291338583,592746
52.6022338867,-288.058013916,0.4423828125,0.212598425197,0.669291338583,592752
51.0133666992,-284.732147217,0.45849609375,0.212598425197,0.669291338583,592757
49.5772094727,-280.966506958,0.47998046875,0.212598425197,0.685039370079,592762
48.2938842773,-276.898498535,0.49560546875,0.212598425197,0.685039370079,592767
47.3161010742,-272.610610962,0.51513671875,0.212598425197,0.685039370079,592772
46.7049560547,-268.240249634,0.5302734375,0.212598425197,0.685039370079,592777
46.4910888672,-263.595046997,0.548828125,0.196850393701,0.669291338583,592782
46.8577270508,-258.619979858,0.564453125,0.196850393701,0.669291338583,592787
47.8049926758,-253.507492065,0.57470703125,0.196850393701,0.669291338583,592793
49.3939208984,-248.147628784,0.57958984375,0.196850393701,0.653543307087,592797
51.6550292969,-242.567871094,0.58349609375,0.196850393701,0.653543307087,592802
54.5272827148,-236.850692749,0.5869140625,0.196850393701,0.653543307087,592807
57.9801025391,-231.051040649,0.587890625,0.181102362205,0.637795275591,592813
61.9829101562,-225.718658447,0.58984375,0.181102362205,0.637795275591,592817
66.5662841797,-221.183380127,0.59228515625,0.181102362205,0.622047244094,592822
71.7913208008,-217.362762451,0.59521484375,0.165354330709,0.622047244094,592828
77.6580810547,-214.339248657,0.59521484375,0.165354330709,0.622047244094,592834
84.2886962891,-211.947921753,0.58935546875,0.165354330709,0.606299212598,592837
91.3776245117,-210.051361084,0.56005859375,0.149606299213,0.606299212598,592842
98.8333129883,-208.759490967,0.50537109375,0.149606299213,0.590551181102,592847
106.472229004,-208.127304077,0.4140625,0.149606299213,0.590551181102,592852
114.01953125,-208.127304077,0.26708984375,0.133858267717,0.590551181102,592857
121.505737305,-208.814468384,0.00341796875,0.133858267717,0.574803149606,592862
0,0,0,0,0,0
224.998474121,-272.748046875,0.28369140625,0.133858267717,0.685039370079,593229
224.906799316,-272.44569397,0.29345703125,0.133858267717,0.685039370079,593235
224.692871094,-271.868469238,0.3349609375,0.133858267717,0.700787401575,593239
224.448425293,-270.823989868,0.3818359375,0.11811023622,0.700787401575,593244
223.8984375,-269.037368774,0.42529296875,0.11811023622,0.700787401575,593250
223.134521484,-266.508605957,0.45166015625,0.11811023622,0.716535433071,593255
222.217895508,-263.292694092,0.47705078125,0.102362204724,0.716535433071,593260
221.270629883,-259.499557495,0.50048828125,0.102362204724,0.700787401575,593264
220.567871094,-255.376571655,0.51904296875,0.102362204724,0.700787401575,593270
220.10949707,-251.006225586,0.53662109375,0.102362204724,0.700787401575,593275
220.078979492,-246.415985107,0.55029296875,0.102362204724,0.685039370079,593280
220.53729248,-241.688308716,0.55908203125,0.102362204724,0.685039370079,593285
221.331726074,-236.713256836,0.57275390625,0.102362204724,0.669291338583,593290
222.554016113,-231.710708618,0.58056640625,0.102362204724,0.669291338583,593295
224.234558105,-226.90057373,0.58642578125,0.0866141732283,0.653543307087,593300
226.465148926,-222.640167236,0.59375,0.0866141732283,0.653543307087,593305
229.30682373,-218.956985474,0.60009765625,0.0866141732283,0.637795275591,593310
232.790222168,-215.686080933,0.603515625,0.0708661417323,0.637795275591,593315
236.88470459,-212.772521973,0.6044921875,0.0708661417323,0.622047244094,593320
241.498596191,-209.94140625,0.60498046875,0.0708661417323,0.622047244094,593325
246.509765625,-207.192764282,0.60498046875,0.0708661417323,0.606299212598,593330
251.765380859,-204.499084473,0.58154296875,0.0551181102362,0.606299212598,593335
257.082092285,-201.942840576,0.53662109375,0.0551181102362,0.606299212598,593340
262.459960938,-199.524032593,0.466796875,0.0551181102362,0.590551181102,593345
267.776672363,-197.297622681,0.359375,0.0551181102362,0.590551181102,593350
273.123962402,-195.23614502,0.20458984375,0.0551181102362,0.590551181102,593355
278.562866211,-193.504486084,0.20458984375,0.0393700787402,0.574803149606,593360
0,0,0,0,0,0
392.964111328,-273.270294189,0.27978515625,0.0551181102362,0.716535433071,593702
392.475219727,-272.665588379,0.283203125,0.0551181102362,0.716535433071,593707
392.200195312,-272.03338623,0.28662109375,0.0551181102362,0.732283464567,593712
391.986206055,-271.126342773,0.30517578125,0.0393700787402,0.732283464567,593717
391.802978516,-269.724533081,0.34912109375,0.0393700787402,0.732283464567,593722
391.55847168,-267.745498657,0.375,0.0393700787402,0.748031496063,593727
391.37512207,-265.21673584,0.3994140625,0.0393700787402,0.748031496063,593732
391.436279297,-262.248199463,0.42138671875,0.0393700787402,0.748031496063,593737
391.833496094,-258.922332764,0.44384765625,0.0236220472441,0.748031496063,593742
392.719604492,-255.26663208,0.46630859375,0.0236220472441,0.732283464567,593747
394.064086914,-251.5284729,0.482421875,0.0236220472441,0.732283464567,593752
395.927978516,-247.515441895,0.49609375,0.0236220472441,0.732283464567,593757
398.280761719,-243.392471313,0.5068359375,0.0236220472441,0.716535433071,593763
401.153076172,-239.022125244,0.52001953125,0.00787401574803,0.700787401575,593767
404.514160156,-234.486846924,0.53125,0.00787401574803,0.700787401575,593773
408.241943359,-229.924087524,0.53759765625,0.00787401574803,0.685039370079,593777
412.36706543,-225.443786621,0.5400390625,0.00787401574803,0.685039370079,593782
416.736572266,-221.32081604,0.5419921875,0.00787401574803,0.669291338583,593787
421.319946289,-217.445220947,0.54248046875,-0.00787401574803,0.669291338583,593793
426.147705078,-213.762039185,0.5419921875,-0.00787401574803,0.669291338583,593797
431.158935547,-210.161300659,0.54248046875,-0.0236220472441,0.653543307087,593803
436.383911133,-206.450622559,0.5380859375,-0.0236220472441,0.653543307087,593807
441.731201172,-202.822418213,0.50732421875,-0.0393700787402,0.637795275591,593813
447.200683594,-199.331634521,0.443359375,-0.0393700787402,0.637795275591,593817
452.731323242,-196.06072998,0.3251953125,-0.0551181102362,0.622047244094,593822
458.261962891,-193.1746521,0.134765625,-0.0551181102362,0.622047244094,593828
463.700927734,-190.865783691,0.134765625,-0.0551181102362,0.622047244094,593833
0,0,0,0,0,0
561.999145508,-267.113311768,0.35205078125,0.00787401574803,0.842519685039,594175
561.44909668,-265.793960571,0.35498046875,-0.00787401574803,0.858267716535,594180
561.021362305,-264.447128296,0.37646484375,-0.0393700787402,0.874015748031,594185
560.715698242,-262.633010864,0.41552734375,-0.0551181102362,0.874015748031,594190
560.440795898,-259.966827393,0.45458984375,-0.0708661417323,0.874015748031,594195
559.982421875,-256.585983276,0.48486328125,-0.0866141732283,0.889763779528,594200
559.676879883,-252.572952271,0.5146484375,-0.102362204724,0.889763779528,594205
559.615722656,-247.927734375,0.53662109375,-0.11811023622,0.889763779528,594210
559.829589844,-242.732788086,0.5595703125,-0.133858267717,0.889763779528,594215
560.287963867,-237.015609741,0.57568359375,-0.133858267717,0.889763779528,594220
561.051879883,-230.886123657,0.58935546875,-0.133858267717,0.889763779528,594225
562.121337891,-224.701660156,0.599609375,-0.149606299213,0.874015748031,594230
563.496337891,-218.682113647,0.603515625,-0.149606299213,0.858267716535,594235
565.176879883,-212.800003052,0.60693359375,-0.165354330709,0.842519685039,594240
567.224121094,-206.890411377,0.60888671875,-0.165354330709,0.826771653543,594245
569.576904297,-200.733444214,0.61181640625,-0.181102362205,0.811023622047,594250
572.265869141,-194.521484375,0.61279296875,-0.181102362205,0.779527559055,594255
575.352050781,-188.584411621,0.60107421875,-0.196850393701,0.763779527559,594260
578.80480957,-183.087112427,0.5625,-0.196850393701,0.732283464567,594265
582.59375,-178.139541626,0.494140625,-0.212598425197,0.716535433071,594270
586.71875,-173.71421814,0.36669921875,-0.212598425197,0.716535433071,594275
591.02722168,-169.673706055,0.14892578125,-0.212598425197,0.716535433071,594280
595.396606445,-166.375320435,0.14892578125,-0.212598425197,0.716535433071,594285
0,0,0,0,0,0
-545.131591797,-90.5675964355,0.333984375,0.496062992126,0.653543307087,595552
-546.567718506,-89.2207641602,0.33203125,0.496062992126,0.637795275591,595557
-548.33996582,-87.3241882324,0.33056640625,0.496062992126,0.622047244094,595563
-550.295532227,-84.7954406738,0.33251953125,0.496062992126,0.622047244094,595567
-552.403884888,-81.3321228027,0.3505859375,0.496062992126,0.606299212598,595573
-554.665023804,-77.0442504883,0.37109375,0.496062992126,0.606299212598,595577
-557.04838562,-72.0142211914,0.39453125,0.496062992126,0.590551181102,595583
-559.370635986,-66.4069519043,0.423828125,0.496062992126,0.590551181102,595587
-561.692871094,-60.3599243164,0.45703125,0.496062992126,0.590551181102,595592
-563.89289856,-53.8731384277,0.49169921875,0.496062992126,0.590551181102,595597
-565.81791687,-47.4687805176,0.5205078125,0.496062992126,0.590551181102,595603
-567.376266479,-41.0919189453,0.55517578125,0.496062992126,0.574803149606,595608
-568.323501587,-34.8799743652,0.5859375,0.496062992126,0.574803149606,595613
-568.415161133,-29.1077880859,0.6083984375,0.496062992126,0.574803149606,595617
-567.651275635,-23.4455871582,0.6318359375,0.496062992126,0.55905511811,595624
-565.940139771,-18.3330993652,0.64453125,0.511811023622,0.55905511811,595628
-563.465118408,-13.6329040527,0.65771484375,0.511811023622,0.55905511811,595633
-560.378967285,-9.4274597168,0.66162109375,0.511811023622,0.543307086614,595638
-556.712265015,-5.63433837891,0.6650390625,0.511811023622,0.543307086614,595643
-552.617782593,-2.11605834961,0.66943359375,0.496062992126,0.527559055118,595648
-548.003845215,0.989898681641,0.669921875,0.496062992126,0.527559055118,595653
-542.839904785,3.79351806641,0.66845703125,0.496062992126,0.511811023622,595657
-537.003738403,6.04742431641,0.6611328125,0.496062992126,0.511811023622,595663
-530.525894165,7.75158691406,0.61474609375,0.496062992126,0.511811023622,595668
-523.559158325,8.93350219727,0.52294921875,0.48031496063,0.496062992126,595673
-516.31741333,9.59317016602,0.3720703125,0.48031496063,0.496062992126,595678
-509.28956604,9.95050048828,0.09521484375,0.464566929134,0.496062992126,595683
-502.689498901,9.95050048828,0.09521484375,0.464566929134,0.48031496063,595688
0,0,0,0,0,0
-391.832824707,-94.8005065918,0.30419921875,0.48031496063,0.55905511811,596186
-392.932830811,-94.9104614258,0.30517578125,0.48031496063,0.55905511811,596191
-394.155059814,-94.9104614258,0.30810546875,0.464566929134,0.55905511811,596196
-395.438415527,-94.7180480957,0.32958984375,0.464566929134,0.55905511811,596201
-396.782867432,-94.140838623,0.3564453125,0.464566929134,0.55905511811,596206
-398.341217041,-93.013885498,0.380859375,0.448818897638,0.55905511811,596211
-400.082885742,-91.08984375,0.40625,0.448818897638,0.55905511811,596216
-402.038482666,-88.3411865234,0.43310546875,0.448818897638,0.55905511811,596221
-404.024597168,-84.7679443359,0.4599609375,0.448818897638,0.55905511811,596226
-405.949615479,-80.3151245117,0.4921875,0.448818897638,0.55905511811,596231
-407.691314697,-75.3125915527,0.5185546875,0.448818897638,0.55905511811,596236
-409.157989502,-69.8977355957,0.54052734375,0.448818897638,0.55905511811,596241
-410.288543701,-64.125579834,0.56201171875,0.448818897638,0.543307086614,596246
-411.021911621,-58.1610107422,0.57861328125,0.433070866142,0.543307086614,596251
-411.358001709,-52.1139831543,0.595703125,0.433070866142,0.543307086614,596256
-411.174682617,-46.3418273926,0.60888671875,0.433070866142,0.543307086614,596261
-410.380218506,-40.9819641113,0.6171875,0.433070866142,0.543307086614,596266
-408.97467041,-36.1718139648,0.62353515625,0.433070866142,0.527559055118,596271
-406.774627686,-31.7464904785,0.62646484375,0.433070866142,0.527559055118,596276
-403.810699463,-27.5685424805,0.626953125,0.433070866142,0.527559055118,596281
-400.113464355,-23.7204589844,0.6298828125,0.433070866142,0.511811023622,596286
-395.621734619,-20.3121337891,0.63037109375,0.433070866142,0.511811023622,596292
-390.335571289,-17.5085144043,0.630859375,0.417322834646,0.511811023622,596296
-384.591064453,-15.3645629883,0.619140625,0.417322834646,0.496062992126,596301
-378.479888916,-13.9077758789,0.5947265625,0.417322834646,0.496062992126,596306
-372.032623291,-13.1656494141,0.55517578125,0.417322834646,0.48031496063,596312
-365.401977539,-12.9182434082,0.4990234375,0.40157480315,0.48031496063,596316
-358.496368408,-13.1381530762,0.41552734375,0.40157480315,0.464566929134,596321
-351.407409668,-13.6329040527,0.29443359375,0.40157480315,0.464566929134,596326
-344.471221924,-14.2651062012,0.11669921875,0.385826771654,0.464566929134,596332
-337.96282959,-15.0621948242,0.11669921875,0.385826771654,0.464566929134,596336
0,0,0,0,0,0
-247.30355835,-104.063446045,0.2392578125,0.448818897638,0.590551181102,596708
-248.617462158,-103.816070557,0.24072265625,0.433070866142,0.590551181102,596713
-249.961914062,-103.403778076,0.2421875,0.433070866142,0.590551181102,596719
-251.275817871,-102.854034424,0.2607421875,0.433070866142,0.590551181102,596723
-252.620300293,-101.864532471,0.28759765625,0.433070866142,0.574803149606,596729
-254.148071289,-100.435241699,0.3193359375,0.417322834646,0.574803149606,596734
-255.950866699,-98.4287109375,0.35009765625,0.417322834646,0.574803149606,596739
-257.87588501,-95.7625427246,0.38232421875,0.417322834646,0.574803149606,596744
-259.67868042,-92.5191345215,0.4150390625,0.417322834646,0.574803149606,596749
-261.175933838,-88.6985168457,0.451171875,0.417322834646,0.574803149606,596754
-262.153717041,-84.4381103516,0.48388671875,0.417322834646,0.574803149606,596759
-262.612060547,-79.765411377,0.5126953125,0.433070866142,0.55905511811,596764
-262.459289551,-75.0102233887,0.5400390625,0.433070866142,0.55905511811,596769
-261.695373535,-70.2001037598,0.55908203125,0.433070866142,0.55905511811,596774
-260.41204834,-65.4174499512,0.5693359375,0.433070866142,0.55905511811,596779
-258.639801025,-60.6622924805,0.578125,0.433070866142,0.543307086614,596784
-256.592559814,-55.962097168,0.58642578125,0.433070866142,0.543307086614,596789
-254.300872803,-51.4268188477,0.5947265625,0.433070866142,0.543307086614,596794
-251.642486572,-47.3038635254,0.6005859375,0.417322834646,0.543307086614,596799
-248.678588867,-43.6206665039,0.6044921875,0.417322834646,0.527559055118,596804
-245.256317139,-40.3772583008,0.611328125,0.417322834646,0.527559055118,596809
-241.161834717,-37.4362182617,0.61279296875,0.40157480315,0.527559055118,596814
-236.364562988,-34.6600646973,0.61376953125,0.40157480315,0.511811023622,596819
-230.711730957,-32.2412719727,0.6171875,0.40157480315,0.511811023622,596824
-224.386657715,-30.124786377,0.61669921875,0.385826771654,0.511811023622,596829
-217.358825684,-28.5305786133,0.6142578125,0.385826771654,0.511811023622,596834
-209.719848633,-27.4311218262,0.58984375,0.370078740157,0.496062992126,596839
-201.744750977,-26.7439575195,0.53271484375,0.370078740157,0.496062992126,596844
-193.647460938,-26.359161377,0.43798828125,0.354330708661,0.496062992126,596849
-185.61126709,-26.3041687012,0.27685546875,0.354330708661,0.496062992126,596854
-177.758422852,-26.6340026855,0.00634765625,0.338582677165,0.496062992126,596859
-170.272216797,-27.5135803223,0.00634765625,0.338582677165,0.496062992126,596864
0,0,0,0,0,0
-87.251953125,-121.187530518,0.31005859375,0.385826771654,0.606299212598,597186
-87.8630371094,-121.35244751,0.30810546875,0.385826771654,0.606299212598,597191
-88.5352783203,-121.54486084,0.30908203125,0.370078740157,0.590551181102,597196
-89.2075195312,-121.709777832,0.31640625,0.370078740157,0.590551181102,597201
-89.7575073242,-121.709777832,0.33544921875,0.354330708661,0.590551181102,597206
-90.3075561523,-121.517364502,0.3525390625,0.354330708661,0.590551181102,597211
-91.0714111328,-120.940155029,0.36669921875,0.354330708661,0.590551181102,597216
-92.1408691406,-119.730743408,0.384765625,0.354330708661,0.590551181102,597221
-93.6075439453,-117.669281006,0.41259765625,0.354330708661,0.590551181102,597227
-95.4409179688,-114.645751953,0.44189453125,0.354330708661,0.590551181102,597231
-97.5492553711,-110.632720947,0.4716796875,0.354330708661,0.590551181102,597236
-99.71875,-106.014984131,0.49755859375,0.354330708661,0.590551181102,597241
-101.765991211,-100.820037842,0.52685546875,0.354330708661,0.590551181102,597246
-103.599304199,-95.185333252,0.55419921875,0.370078740157,0.590551181102,597252
-105.004882812,-89.2757263184,0.58203125,0.370078740157,0.574803149606,597256
-105.952148438,-82.81640625,0.60888671875,0.370078740157,0.574803149606,597261
-106.288269043,-76.384552002,0.6298828125,0.370078740157,0.574803149606,597267
-105.982666016,-70.0626525879,0.63916015625,0.370078740157,0.55905511811,597272
-105.004882812,-64.0706176758,0.6484375,0.370078740157,0.55905511811,597277
-103.263244629,-58.5458374023,0.64990234375,0.370078740157,0.55905511811,597282
-100.940979004,-53.3508911133,0.65185546875,0.370078740157,0.543307086614,597287
-98.1298217773,-48.7606506348,0.65576171875,0.370078740157,0.543307086614,597292
-94.8909301758,-44.720123291,0.6533203125,0.354330708661,0.527559055118,597297
-91.2853393555,-41.3117980957,0.6533203125,0.354330708661,0.527559055118,597302
-87.2824707031,-38.4257202148,0.654296875,0.354330708661,0.511811023622,597307
-82.8518676758,-35.8694763184,0.654296875,0.338582677165,0.511811023622,597312
-77.9629516602,-33.7530212402,0.63818359375,0.338582677165,0.511811023622,597317
-72.6768188477,-31.9664001465,0.607421875,0.338582677165,0.496062992126,597322
-67.2989501953,-30.4546508789,0.5390625,0.338582677165,0.496062992126,597327
-61.9516601562,-29.2452392578,0.435546875,0.322834645669,0.496062992126,597332
-56.7266235352,-28.173248291,0.26806640625,0.322834645669,0.48031496063,597337
-51.9293823242,-27.3486633301,0.26806640625,0.322834645669,0.48031496063,597343
0,0,0,0,0,0
51.1661376953,-131.467498779,0.33935546875,0.370078740157,0.622047244094,597684
49.7299804688,-131.440002441,0.34326171875,0.354330708661,0.606299212598,597689
48.2327880859,-131.30255127,0.34423828125,0.354330708661,0.606299212598,597694
46.6744384766,-130.917755127,0.36767578125,0.338582677165,0.606299212598,597699
45.0549316406,-129.955718994,0.40771484375,0.338582677165,0.606299212598,597704
43.038269043,-128.224090576,0.4375,0.322834645669,0.606299212598,597709
40.6854858398,-125.530395508,0.46337890625,0.322834645669,0.606299212598,597714
38.1798706055,-121.819732666,0.494140625,0.322834645669,0.606299212598,597719
35.6132202148,-116.982116699,0.52685546875,0.322834645669,0.606299212598,597724
33.1381835938,-111.20993042,0.5595703125,0.322834645669,0.606299212598,597729
30.9381713867,-105.025482178,0.58642578125,0.322834645669,0.606299212598,597734
29.2575683594,-98.5386657715,0.60546875,0.322834645669,0.606299212598,597739
28.3408813477,-92.0518493652,0.62353515625,0.322834645669,0.606299212598,597744
28.3103637695,-85.6475219727,0.6357421875,0.322834645669,0.606299212598,597749
29.2881469727,-79.3256225586,0.64453125,0.322834645669,0.590551181102,597754
31.1214599609,-73.1961364746,0.64599609375,0.322834645669,0.590551181102,597759
33.7798461914,-67.396484375,0.64990234375,0.322834645669,0.590551181102,597764
37.2632446289,-61.981628418,0.64892578125,0.322834645669,0.574803149606,597769
41.663269043,-56.979095459,0.650390625,0.322834645669,0.574803149606,597774
46.9799804688,-52.4988098145,0.650390625,0.322834645669,0.55905511811,597780
53.3355712891,-48.7881164551,0.65234375,0.307086614173,0.55905511811,597785
60.3939819336,-45.8195800781,0.650390625,0.307086614173,0.543307086614,597790
67.971862793,-43.5382080078,0.6513671875,0.307086614173,0.543307086614,597794
75.9163818359,-41.779083252,0.6474609375,0.291338582677,0.543307086614,597800
84.0748291016,-40.3222961426,0.62939453125,0.291338582677,0.527559055118,597804
92.2026367188,-39.1678466797,0.5947265625,0.275590551181,0.527559055118,597810
100.238830566,-38.2882995605,0.5322265625,0.275590551181,0.527559055118,597815
107.938903809,-37.6560974121,0.4306640625,0.259842519685,0.527559055118,597820
114.966796875,-37.271270752,0.23583984375,0.259842519685,0.527559055118,597825
121.230712891,-37.1063537598,0.23583984375,0.244094488189,0.527559055118,597830
0,0,0,0,0,0
176.200744629,-128.224090576,0.25927734375,0.275590551181,0.653543307087,598131
175.589599609,-128.334014893,0.2685546875,0.275590551181,0.637795275591,598136
175.009033203,-128.443969727,0.27685546875,0.259842519685,0.637795275591,598142
174.489624023,-128.526428223,0.2978515625,0.259842519685,0.622047244094,598146
174.092407227,-128.553924561,0.3251953125,0.259842519685,0.622047244094,598152
173.695129395,-128.389007568,0.3466796875,0.244094488189,0.622047244094,598157
173.206237793,-127.976715088,0.3740234375,0.244094488189,0.622047244094,598162
172.65625,-127.234558105,0.40576171875,0.244094488189,0.622047244094,598166
171.892333984,-125.970184326,0.44287109375,0.244094488189,0.622047244094,598172
171.006225586,-124.101104736,0.47607421875,0.244094488189,0.622047244094,598177
170.059020996,-121.572357178,0.5068359375,0.244094488189,0.622047244094,598183
169.111755371,-118.191497803,0.537109375,0.244094488189,0.622047244094,598187
168.256225586,-113.903625488,0.5595703125,0.244094488189,0.622047244094,598192
167.461730957,-109.093475342,0.57763671875,0.244094488189,0.637795275591,598197
166.911743164,-103.980987549,0.5927734375,0.244094488189,0.637795275591,598202
166.575622559,-98.7310791016,0.60498046875,0.244094488189,0.622047244094,598207
166.667297363,-93.4811706543,0.6162109375,0.228346456693,0.622047244094,598212
167.278442383,-88.0938110352,0.6259765625,0.228346456693,0.622047244094,598217
168.439575195,-82.5415344238,0.6337890625,0.228346456693,0.606299212598,598222
170.242370605,-77.0992126465,0.63720703125,0.228346456693,0.606299212598,598227
172.65625,-71.8767700195,0.63720703125,0.228346456693,0.606299212598,598233
175.772949219,-66.8192749023,0.6357421875,0.228346456693,0.590551181102,598237
179.592468262,-61.981628418,0.63720703125,0.212598425197,0.590551181102,598242
184.145263672,-57.1715087891,0.63720703125,0.212598425197,0.574803149606,598247
189.400878906,-52.5812683105,0.63818359375,0.212598425197,0.574803149606,598252
195.328735352,-48.3758239746,0.638671875,0.212598425197,0.574803149606,598257
201.959350586,-44.6651611328,0.640625,0.196850393701,0.55905511811,598262
209.201049805,-41.4217529297,0.6396484375,0.196850393701,0.55905511811,598267
216.870605469,-38.480682373,0.62939453125,0.196850393701,0.55905511811,598273
224.815124512,-35.8969726562,0.60302734375,0.181102362205,0.55905511811,598277
232.729064941,-33.6430664062,0.55224609375,0.181102362205,0.55905511811,598282
240.398620605,-31.7464904785,0.47509765625,0.181102362205,0.543307086614,598287
247.670898438,-30.3721618652,0.357421875,0.165354330709,0.543307086614,598293
254.362670898,-29.4926147461,0.154296875,0.165354330709,0.543307086614,598297
260.382141113,-29.1627807617,0.154296875,0.149606299213,0.543307086614,598302
0,0,0,0,0,0
327.207885742,-121.407440186,0.26611328125,0.165354330709,0.685039370079,598674
327.085571289,-121.517364502,0.267578125,0.149606299213,0.669291338583,598684
326.932861328,-121.599822998,0.287109375,0.149606299213,0.669291338583,598690
326.932861328,-121.599822998,0.3056640625,0.149606299213,0.669291338583,598694
326.932861328,-121.599822998,0.31689453125,0.149606299213,0.653543307087,598700
326.932861328,-121.599822998,0.32470703125,0.149606299213,0.653543307087,598704
326.932861328,-121.599822998,0.330078125,0.133858267717,0.653543307087,598710
326.932861328,-121.599822998,0.33447265625,0.133858267717,0.653543307087,598714
326.810546875,-121.407440186,0.35400390625,0.133858267717,0.653543307087,598720
326.780029297,-120.912658691,0.38720703125,0.133858267717,0.653543307087,598725
326.657836914,-120.005615234,0.4130859375,0.133858267717,0.653543307087,598730
326.474487305,-118.438903809,0.44189453125,0.133858267717,0.669291338583,598735
326.291137695,-116.157501221,0.46630859375,0.133858267717,0.669291338583,598740
326.107788086,-113.106506348,0.48974609375,0.133858267717,0.669291338583,598745
325.985595703,-109.478302002,0.5126953125,0.133858267717,0.669291338583,598750
326.138427734,-105.465270996,0.53173828125,0.133858267717,0.669291338583,598755
326.443969727,-101.094909668,0.54931640625,0.133858267717,0.669291338583,598760
327.055053711,-96.4771728516,0.56201171875,0.133858267717,0.653543307087,598765
328.032836914,-91.4196777344,0.576171875,0.11811023622,0.653543307087,598770
329.316162109,-85.8948974609,0.58837890625,0.11811023622,0.653543307087,598775
330.996704102,-80.1777038574,0.59375,0.11811023622,0.637795275591,598780
333.043945312,-74.4055480957,0.60009765625,0.11811023622,0.637795275591,598785
335.457885742,-68.7158203125,0.6015625,0.11811023622,0.622047244094,598790
338.299560547,-63.218536377,0.603515625,0.11811023622,0.622047244094,598795
341.50793457,-57.8036804199,0.60400390625,0.102362204724,0.606299212598,598800
345.144165039,-52.691192627,0.6064453125,0.102362204724,0.606299212598,598805
349.299682617,-48.1009521484,0.60498046875,0.102362204724,0.590551181102,598810
353.944213867,-43.9505004883,0.60498046875,0.102362204724,0.590551181102,598815
359.199829102,-40.3497619629,0.6044921875,0.0866141732283,0.590551181102,598820
365.219360352,-37.1888122559,0.6005859375,0.0866141732283,0.574803149606,598825
371.941650391,-34.3577270508,0.58544921875,0.0866141732283,0.574803149606,598831
379.275024414,-31.9114074707,0.5625,0.0708661417323,0.574803149606,598835
387.127929688,-29.9049072266,0.53076171875,0.0708661417323,0.574803149606,598841
395.316894531,-28.2557067871,0.486328125,0.0708661417323,0.574803149606,598845
403.59753418,-27.0188293457,0.42724609375,0.0551181102362,0.55905511811,598850
411.878173828,-26.249206543,0.3427734375,0.0551181102362,0.55905511811,598855
420.036499023,-25.7544555664,0.22265625,0.0551181102362,0.55905511811,598861
427.797729492,-25.6445007324,0.052734375,0.0393700787402,0.55905511811,598865
435.161743164,-25.8918762207,0.052734375,0.0393700787402,0.55905511811,598871
0,0,0,0,0,0
534.376586914,-105.657684326,0.29443359375,0.0866141732283,0.779527559055,599192
533.093261719,-105.57522583,0.3056640625,0.0708661417323,0.779527559055,599197
531.901611328,-105.57522583,0.3134765625,0.0708661417323,0.763779527559,599202
530.862670898,-105.465270996,0.32568359375,0.0551181102362,0.748031496063,599207
530.007080078,-105.162902832,0.349609375,0.0551181102362,0.748031496063,599212
528.998779297,-104.448272705,0.3720703125,0.0393700787402,0.732283464567,599217
527.959838867,-103.266357422,0.3974609375,0.0393700787402,0.732283464567,599223
526.798706055,-101.507202148,0.43359375,0.0236220472441,0.716535433071,599227
525.545898438,-99.0059509277,0.46337890625,0.0236220472441,0.716535433071,599233
524.293212891,-95.7900085449,0.48681640625,0.0236220472441,0.716535433071,599237
523.10144043,-91.886932373,0.51220703125,0.0236220472441,0.700787401575,599242
522.06262207,-87.2142333984,0.5302734375,0.00787401574803,0.700787401575,599247
521.20703125,-82.0467834473,0.546875,0.00787401574803,0.700787401575,599253
520.626464844,-76.7143859863,0.55712890625,0.00787401574803,0.685039370079,599258
520.259765625,-71.382019043,0.5615234375,0.00787401574803,0.685039370079,599263
520.290405273,-66.3244934082,0.56396484375,-0.00787401574803,0.669291338583,599268
520.809814453,-61.6243286133,0.56494140625,-0.00787401574803,0.669291338583,599273
521.879272461,-57.2264709473,0.56591796875,-0.00787401574803,0.653543307087,599278
523.712646484,-53.1859741211,0.56689453125,-0.00787401574803,0.653543307087,599283
526.37097168,-49.7501525879,0.5703125,-0.00787401574803,0.653543307087,599288
530.190429688,-46.8365783691,0.572265625,-0.00787401574803,0.637795275591,599293
535.446044922,-44.5002441406,0.56787109375,-0.00787401574803,0.637795275591,599298
542.382202148,-42.7410888672,0.56005859375,0.00787401574803,0.637795275591,599303
550.968383789,-41.4217529297,0.53076171875,0.00787401574803,0.637795275591,599308
560.899047852,-40.4597167969,0.48388671875,0.00787401574803,0.637795275591,599313
571.807495117,-39.8275146484,0.3984375,-0.00787401574803,0.637795275591,599318
583.082641602,-39.3602600098,0.22216796875,-0.00787401574803,0.637795275591,599323
594.357788086,-39.0029296875,0.22216796875,-0.0236220472441,0.637795275591,599328
0,0,0,0,0,0
-544.031585693,83.9991149902,0.32275390625,0.496062992126,0.527559055118,600580
-544.703811646,84.0265808105,0.3232421875,0.496062992126,0.527559055118,600585
-545.681594849,84.2189941406,0.3251953125,0.511811023622,0.527559055118,600589
-546.812164307,84.658782959,0.33447265625,0.511811023622,0.527559055118,600594
-547.942733765,85.4833679199,0.35791015625,0.511811023622,0.527559055118,600600
-549.195526123,86.6652832031,0.36865234375,0.511811023622,0.527559055118,600605
-550.539978027,88.3694458008,0.37890625,0.527559055118,0.527559055118,600610
-551.945556641,90.5958557129,0.38427734375,0.527559055118,0.527559055118,600615
-553.4427948,93.3170166016,0.40283203125,0.527559055118,0.511811023622,600620
-554.909469604,96.5054626465,0.4248046875,0.527559055118,0.511811023622,600625
-556.162261963,99.9962463379,0.44287109375,0.527559055118,0.511811023622,600630
-557.292831421,103.734405518,0.45654296875,0.527559055118,0.511811023622,600635
-558.240066528,107.774932861,0.47021484375,0.527559055118,0.511811023622,600640
-558.91229248,112.117797852,0.48681640625,0.527559055118,0.511811023622,600645
-559.401184082,116.982910156,0.50732421875,0.527559055118,0.511811023622,600650
-559.553970337,122.232788086,0.52685546875,0.527559055118,0.496062992126,600655
-559.401184082,127.647644043,0.5419921875,0.527559055118,0.496062992126,600660
-558.881729126,133.254882812,0.552734375,0.527559055118,0.496062992126,600665
-557.965057373,138.807189941,0.5654296875,0.527559055118,0.48031496063,600670
-556.590042114,144.359436035,0.5732421875,0.527559055118,0.48031496063,600675
-554.634475708,149.746765137,0.5771484375,0.527559055118,0.48031496063,600680
-552.006668091,154.556945801,0.58056640625,0.543307086614,0.464566929134,600685
-548.523300171,158.679870605,0.583984375,0.543307086614,0.448818897638,600690
-544.245483398,161.895812988,0.58740234375,0.543307086614,0.448818897638,600695
-539.050979614,164.232177734,0.58740234375,0.527559055118,0.433070866142,600700
-533.153701782,165.79888916,0.58740234375,0.527559055118,0.433070866142,600705
-526.70640564,166.513549805,0.5888671875,0.527559055118,0.417322834646,600710
-519.8618927,166.403625488,0.58837890625,0.511811023622,0.417322834646,600715
-513.170166016,165.524047852,0.576171875,0.496062992126,0.40157480315,600720
-506.661758423,164.067260742,0.5400390625,0.48031496063,0.40157480315,600725
-500.489471436,162.170654297,0.46533203125,0.464566929134,0.40157480315,600731
-494.836639404,159.971740723,0.34765625,0.448818897638,0.40157480315,600736
-489.672698975,157.662902832,0.1220703125,0.433070866142,0.40157480315,600741
-485.364318848,155.106628418,0.1220703125,0.417322834646,0.40157480315,600746
0,0,0,0,0,0
-393.574493408,69.8985290527,0.2529296875,0.433070866142,0.511811023622,601147
-393.849487305,69.2938232422,0.25927734375,0.433070866142,0.511811023622,601153
-394.18560791,68.6891174316,0.26123046875,0.417322834646,0.511811023622,601158
-394.49118042,68.331817627,0.2822265625,0.417322834646,0.511811023622,601163
-394.735626221,68.221862793,0.29248046875,0.40157480315,0.511811023622,601168
-394.949523926,68.3043212891,0.31103515625,0.40157480315,0.511811023622,601173
-395.193969727,68.6341552734,0.33447265625,0.40157480315,0.511811023622,601178
-395.652313232,69.348815918,0.3603515625,0.40157480315,0.511811023622,601183
-396.355072021,70.5581970215,0.39453125,0.40157480315,0.511811023622,601188
-397.455108643,72.3723144531,0.42431640625,0.40157480315,0.511811023622,601193
-398.891235352,74.9285583496,0.453125,0.385826771654,0.511811023622,601198
-400.602355957,78.1719665527,0.48046875,0.385826771654,0.511811023622,601203
-402.527374268,82.0750427246,0.5068359375,0.385826771654,0.511811023622,601208
-404.482940674,86.5278625488,0.52978515625,0.385826771654,0.511811023622,601213
-406.407958984,91.3380126953,0.54833984375,0.385826771654,0.511811023622,601218
-408.11907959,96.2305908203,0.56591796875,0.385826771654,0.496062992126,601224
-409.555206299,101.123199463,0.58251953125,0.385826771654,0.496062992126,601228
-410.624664307,105.988311768,0.5927734375,0.385826771654,0.496062992126,601233
-411.327453613,110.880889893,0.6064453125,0.385826771654,0.496062992126,601238
-411.663574219,115.855957031,0.6181640625,0.385826771654,0.48031496063,601243
-411.388580322,120.63861084,0.6240234375,0.385826771654,0.48031496063,601248
-410.502441406,125.146362305,0.626953125,0.385826771654,0.48031496063,601254
-408.913543701,129.32434082,0.63037109375,0.385826771654,0.464566929134,601258
-406.56072998,133.227416992,0.63134765625,0.385826771654,0.464566929134,601263
-403.688476562,137.020568848,0.6337890625,0.385826771654,0.464566929134,601268
-400.205108643,140.56628418,0.634765625,0.385826771654,0.448818897638,601273
-396.202301025,143.837219238,0.634765625,0.370078740157,0.448818897638,601278
-391.680023193,146.640808105,0.63671875,0.370078740157,0.433070866142,601284
-386.821655273,148.949707031,0.638671875,0.370078740157,0.433070866142,601288
-381.688262939,150.791259766,0.63623046875,0.370078740157,0.417322834646,601293
-376.279876709,152.165588379,0.62841796875,0.370078740157,0.417322834646,601298
-370.688140869,153.127624512,0.6083984375,0.354330708661,0.40157480315,601303
-364.729766846,153.622375488,0.57861328125,0.354330708661,0.40157480315,601308
-358.649139404,153.732299805,0.52490234375,0.354330708661,0.385826771654,601313
-352.568511963,153.484924316,0.4541015625,0.338582677165,0.385826771654,601318
-346.579589844,152.797790527,0.3505859375,0.338582677165,0.385826771654,601324
-340.804504395,151.725830078,0.19970703125,0.338582677165,0.385826771654,601329
-335.029449463,150.131591797,0.19970703125,0.322834645669,0.385826771654,601334
0,0,0,0,0,0
-256.714782715,53.928894043,0.142578125,0.370078740157,0.527559055118,601726
-256.409210205,53.4341430664,0.1513671875,0.370078740157,0.511811023622,601731
-256.103668213,52.6645202637,0.15625,0.370078740157,0.511811023622,601736
-255.859222412,51.9498596191,0.158203125,0.354330708661,0.511811023622,601741
-255.675872803,51.1252746582,0.1826171875,0.354330708661,0.511811023622,601746
-255.523101807,50.3281555176,0.21435546875,0.354330708661,0.511811023622,601751
-255.370330811,49.6409912109,0.24560546875,0.354330708661,0.511811023622,601756
-255.278656006,48.9813232422,0.27685546875,0.354330708661,0.511811023622,601761
-255.217529297,48.4865722656,0.30908203125,0.354330708661,0.511811023622,601766
-255.278656006,48.1292419434,0.3408203125,0.354330708661,0.511811023622,601771
-255.339752197,47.9368286133,0.3662109375,0.354330708661,0.511811023622,601776
-255.461975098,47.8543701172,0.38427734375,0.354330708661,0.511811023622,601781
-255.584197998,47.8268737793,0.39501953125,0.354330708661,0.511811023622,601786
-255.706420898,47.8543701172,0.404296875,0.354330708661,0.511811023622,601791
-255.889770508,47.9093322754,0.41064453125,0.354330708661,0.511811023622,601796
-256.1953125,48.2117004395,0.4189453125,0.354330708661,0.511811023622,601802
-256.684204102,48.8713684082,0.43310546875,0.354330708661,0.511811023622,601806
-257.448120117,50.1632385254,0.451171875,0.338582677165,0.511811023622,601811
-258.548126221,52.2796936035,0.4677734375,0.338582677165,0.511811023622,601816
-259.98425293,55.3581848145,0.486328125,0.338582677165,0.511811023622,601823
-261.634277344,59.5086364746,0.5048828125,0.338582677165,0.511811023622,601826
-263.375946045,64.3187866211,0.5263671875,0.338582677165,0.527559055118,601832
-265.056518555,69.7611083984,0.5498046875,0.354330708661,0.527559055118,601836
-266.523193359,75.6706848145,0.5771484375,0.354330708661,0.511811023622,601842
-267.684326172,82.0200805664,0.60595703125,0.354330708661,0.511811023622,601846
-268.387115479,88.8642272949,0.6279296875,0.354330708661,0.511811023622,601851
-268.295440674,95.790802002,0.638671875,0.354330708661,0.496062992126,601856
-267.256561279,102.63494873,0.64111328125,0.354330708661,0.496062992126,601862
-265.209320068,109.039306641,0.6416015625,0.354330708661,0.496062992126,601866
-262.09262085,114.811462402,0.64208984375,0.354330708661,0.48031496063,601873
-258.273132324,119.896484375,0.642578125,0.354330708661,0.48031496063,601876
-253.781402588,124.01940918,0.642578125,0.354330708661,0.464566929134,601882
-248.678588867,127.097900391,0.64404296875,0.354330708661,0.464566929134,601887
-242.934082031,129.214355469,0.64697265625,0.354330708661,0.448818897638,601892
-236.486785889,130.42376709,0.64892578125,0.354330708661,0.448818897638,601897
-229.397827148,130.80859375,0.642578125,0.338582677165,0.448818897638,601902
-221.758850098,130.478759766,0.62451171875,0.338582677165,0.433070866142,601907
-213.72265625,129.434265137,0.5927734375,0.338582677165,0.433070866142,601912
-205.411468506,127.922485352,0.537109375,0.322834645669,0.433070866142,601917
-197.130859375,125.943481445,0.4658203125,0.322834645669,0.433070866142,601922
-189.247436523,123.744567871,0.3779296875,0.307086614173,0.433070866142,601927
-181.82232666,121.490661621,0.2529296875,0.307086614173,0.433070866142,601932
-175.161193848,119.291748047,0.08447265625,0.307086614173,0.433070866142,601937
-169.141662598,117.257751465,0.08447265625,0.291338582677,0.448818897638,601942
0,0,0,0,0,0
-134.307983398,25.0680847168,0.2978515625,0.370078740157,0.55905511811,602279
-134.919067383,24.8206787109,0.30126953125,0.370078740157,0.55905511811,602284
-135.774658203,24.5733032227,0.30224609375,0.354330708661,0.55905511811,602289
-136.752441406,24.4358825684,0.3046875,0.354330708661,0.543307086614,602294
-137.913574219,24.6007995605,0.31640625,0.338582677165,0.543307086614,602299
-139.227478027,25.1780090332,0.33349609375,0.338582677165,0.543307086614,602304
-140.969177246,26.3324584961,0.349609375,0.338582677165,0.543307086614,602309
-143.108093262,28.1190795898,0.361328125,0.338582677165,0.543307086614,602314
-145.460876465,30.5928649902,0.3740234375,0.338582677165,0.543307086614,602319
-148.149780273,33.9187316895,0.390625,0.338582677165,0.543307086614,602324
-150.9609375,37.9317626953,0.41015625,0.338582677165,0.543307086614,602329
-153.833190918,42.7143859863,0.43408203125,0.338582677165,0.543307086614,602334
-156.735961914,48.3216552734,0.45849609375,0.338582677165,0.543307086614,602339
-159.486022949,54.6985168457,0.48486328125,0.338582677165,0.543307086614,602345
-161.96105957,61.7350463867,0.517578125,0.338582677165,0.543307086614,602349
-164.099914551,69.238861084,0.54736328125,0.354330708661,0.527559055118,602354
-165.627746582,77.1824645996,0.572265625,0.354330708661,0.527559055118,602360
-166.452758789,85.4009094238,0.59130859375,0.354330708661,0.527559055118,602364
-166.26940918,93.729309082,0.60791015625,0.354330708661,0.511811023622,602369
-165.169372559,102.057739258,0.6123046875,0.370078740157,0.511811023622,602374
-163.030517578,109.91885376,0.6162109375,0.370078740157,0.496062992126,602380
-160.005432129,116.955383301,0.61669921875,0.370078740157,0.496062992126,602385
-156.216552734,123.057434082,0.61865234375,0.370078740157,0.48031496063,602390
-151.663696289,128.059936523,0.61962890625,0.370078740157,0.48031496063,602394
-146.499755859,131.963012695,0.619140625,0.370078740157,0.464566929134,602400
-140.633056641,134.766662598,0.6201171875,0.370078740157,0.464566929134,602404
-134.307983398,136.718200684,0.62109375,0.354330708661,0.448818897638,602410
-127.616210938,137.845153809,0.62255859375,0.354330708661,0.448818897638,602415
-120.527282715,138.284912109,0.6240234375,0.354330708661,0.448818897638,602420
-113.163330078,138.147460938,0.6201171875,0.338582677165,0.433070866142,602425
-105.463256836,137.570251465,0.59326171875,0.338582677165,0.433070866142,602430
-97.7937011719,136.718200684,0.54248046875,0.338582677165,0.433070866142,602435
-90.2769775391,135.618713379,0.47607421875,0.322834645669,0.433070866142,602440
-83.1879882812,134.436828613,0.392578125,0.322834645669,0.433070866142,602445
-76.6796264648,133.199951172,0.26953125,0.307086614173,0.433070866142,602450
-70.7517700195,131.908081055,0.0751953125,0.307086614173,0.433070866142,602455
-65.7711791992,130.616210938,0.0751953125,0.291338582677,0.448818897638,602460
0,0,0,0,0,0
-18.2262573242,59.4261779785,0.26416015625,0.338582677165,0.527559055118,602782
-18.6845703125,59.3162231445,0.2822265625,0.338582677165,0.511811023622,602787
-19.1429443359,59.1788024902,0.30224609375,0.338582677165,0.511811023622,602792
-19.6012573242,59.013885498,0.3408203125,0.322834645669,0.511811023622,602797
-19.9984741211,58.8764648438,0.37939453125,0.322834645669,0.511811023622,602802
-20.395690918,58.821472168,0.4052734375,0.322834645669,0.511811023622,602807
-20.8845825195,58.8764648438,0.42333984375,0.322834645669,0.511811023622,602812
-21.4346313477,59.123840332,0.43994140625,0.322834645669,0.511811023622,602817
-22.1373901367,59.6460876465,0.4599609375,0.322834645669,0.511811023622,602823
-23.0234985352,60.6905517578,0.48193359375,0.322834645669,0.511811023622,602827
-24.1846313477,62.2297973633,0.50634765625,0.322834645669,0.511811023622,602832
-25.5291137695,64.3737487793,0.52392578125,0.322834645669,0.527559055118,602837
-27.0568847656,67.0124511719,0.5400390625,0.322834645669,0.527559055118,602842
-28.5846557617,70.0634460449,0.55419921875,0.322834645669,0.527559055118,602847
-30.0819091797,73.4443054199,0.56884765625,0.322834645669,0.527559055118,602852
-31.5180664062,77.2374267578,0.57763671875,0.322834645669,0.527559055118,602857
-32.8013916016,81.4428710938,0.587890625,0.322834645669,0.511811023622,602862
-33.9014282227,86.0880737305,0.595703125,0.322834645669,0.511811023622,602867
-34.6652832031,91.1730651855,0.6015625,0.322834645669,0.511811023622,602872
-34.9708251953,96.3680114746,0.603515625,0.322834645669,0.496062992126,602877
-34.8180541992,101.64541626,0.60498046875,0.322834645669,0.496062992126,602883
-34.0847167969,106.950317383,0.607421875,0.322834645669,0.496062992126,602887
-32.6486206055,112.200256348,0.61083984375,0.322834645669,0.48031496063,602892
-30.4791259766,117.395202637,0.611328125,0.322834645669,0.48031496063,602897
-27.4846801758,122.287780762,0.6123046875,0.322834645669,0.48031496063,602902
-23.7263183594,126.768066406,0.61376953125,0.322834645669,0.48031496063,602907
-19.1734619141,130.78112793,0.6123046875,0.322834645669,0.464566929134,602912
-13.8567504883,134.299377441,0.615234375,0.322834645669,0.464566929134,602917
-7.95947265625,137.405334473,0.6142578125,0.307086614173,0.464566929134,602923
-1.57330322266,139.989074707,0.6162109375,0.307086614173,0.464566929134,602927
5.24066162109,141.913146973,0.61962890625,0.307086614173,0.448818897638,602933
12.4518432617,143.095031738,0.6171875,0.291338582677,0.448818897638,602937
20.0602416992,143.562316895,0.60888671875,0.291338582677,0.448818897638,602943
27.9131469727,143.397399902,0.59228515625,0.291338582677,0.448818897638,602947
35.8270874023,142.737731934,0.55419921875,0.275590551181,0.448818897638,602953
43.6188354492,141.693237305,0.48779296875,0.275590551181,0.448818897638,602957
51.2272338867,140.346435547,0.40771484375,0.259842519685,0.448818897638,602963
58.3467407227,138.834655762,0.28515625,0.259842519685,0.448818897638,602968
64.9162597656,137.157958984,0.08251953125,0.259842519685,0.448818897638,602973
70.721862793,135.426330566,0.08251953125,0.244094488189,0.448818897638,602978
0,0,0,0,0,0
111.850097656,70.9705200195,0.26513671875,0.275590551181,0.55905511811,603314
111.055603027,70.1184387207,0.267578125,0.259842519685,0.55905511811,603320
110.261169434,69.4862365723,0.2763671875,0.259842519685,0.55905511811,603325
109.558410645,69.0189819336,0.29833984375,0.259842519685,0.55905511811,603330
109.03894043,68.7441101074,0.3203125,0.259842519685,0.55905511811,603335
108.488952637,68.7990722656,0.32861328125,0.244094488189,0.55905511811,603340
107.847290039,69.2113647461,0.34130859375,0.244094488189,0.55905511811,603345
107.113952637,70.0359802246,0.36572265625,0.244094488189,0.55905511811,603350
106.227783203,71.492767334,0.3916015625,0.244094488189,0.55905511811,603355
105.311157227,73.5542297363,0.41943359375,0.244094488189,0.55905511811,603360
104.424987793,76.1929321289,0.44091796875,0.244094488189,0.55905511811,603365
103.661132812,79.4088745117,0.4677734375,0.244094488189,0.55905511811,603370
103.111083984,83.0370788574,0.48876953125,0.244094488189,0.55905511811,603375
103.01940918,87.0501098633,0.5126953125,0.244094488189,0.55905511811,603380
103.386108398,91.3380126953,0.52734375,0.228346456693,0.55905511811,603385
104.333312988,95.6533813477,0.54248046875,0.228346456693,0.55905511811,603390
105.891662598,100.078704834,0.548828125,0.228346456693,0.55905511811,603395
108.030578613,104.476531982,0.55712890625,0.228346456693,0.55905511811,603400
110.688964844,108.874389648,0.56298828125,0.228346456693,0.543307086614,603405
113.866760254,113.299682617,0.56982421875,0.228346456693,0.543307086614,603410
117.62512207,117.587585449,0.5751953125,0.228346456693,0.543307086614,603415
121.84185791,121.463195801,0.57861328125,0.228346456693,0.527559055118,603420
126.547485352,124.81652832,0.58203125,0.212598425197,0.527559055118,603425
131.772521973,127.592651367,0.58740234375,0.212598425197,0.527559055118,603430
137.364257812,129.764099121,0.58984375,0.212598425197,0.527559055118,603435
143.59765625,131.523254395,0.591796875,0.212598425197,0.511811023622,603440
150.228271484,132.842590332,0.59521484375,0.196850393701,0.511811023622,603445
157.256103516,133.694702148,0.5966796875,0.196850393701,0.511811023622,603451
164.681152344,134.079467773,0.595703125,0.196850393701,0.511811023622,603455
172.411804199,133.914550781,0.59521484375,0.181102362205,0.511811023622,603460
180.539672852,133.254882812,0.59326171875,0.181102362205,0.511811023622,603465
188.850891113,132.210388184,0.59521484375,0.165354330709,0.511811023622,603471
197.406494141,130.891052246,0.59228515625,0.165354330709,0.511811023622,603475
206.114929199,129.379272461,0.58154296875,0.149606299213,0.511811023622,603481
214.731689453,127.895019531,0.5634765625,0.149606299213,0.511811023622,603485
223.287353516,126.465759277,0.52392578125,0.133858267717,0.511811023622,603491
231.415161133,125.17388916,0.45361328125,0.133858267717,0.511811023622,603496
238.718017578,124.101867676,0.33056640625,0.11811023622,0.511811023622,603501
245.165344238,123.249816895,0.103515625,0.11811023622,0.527559055118,603506
250.268127441,122.480163574,0.103515625,0.102362204724,0.527559055118,603511
0,0,0,0,0,0
266.126647949,76.3028869629,0.24609375,0.149606299213,0.590551181102,603823
265.515563965,75.7256774902,0.24755859375,0.149606299213,0.590551181102,603827
264.934997559,75.1209716797,0.240234375,0.149606299213,0.574803149606,603833
264.446105957,74.4887695312,0.2421875,0.149606299213,0.574803149606,603837
264.14050293,73.9390563965,0.24951171875,0.149606299213,0.574803149606,603843
263.865539551,73.4443054199,0.26025390625,0.149606299213,0.574803149606,603847
263.590515137,73.0594787598,0.27294921875,0.133858267717,0.574803149606,603853
263.346069336,72.7296447754,0.29345703125,0.133858267717,0.574803149606,603858
263.040527344,72.509765625,0.31787109375,0.133858267717,0.574803149606,603863
262.76550293,72.4273071289,0.337890625,0.133858267717,0.574803149606,603868
262.429382324,72.3448486328,0.3486328125,0.133858267717,0.574803149606,603873
262.123840332,72.4273071289,0.353515625,0.133858267717,0.574803149606,603878
261.696044922,72.7296447754,0.369140625,0.133858267717,0.574803149606,603883
261.023803711,73.4992675781,0.39501953125,0.133858267717,0.574803149606,603888
260.076599121,74.8186035156,0.42138671875,0.133858267717,0.574803149606,603893
258.732116699,76.9350891113,0.45458984375,0.133858267717,0.574803149606,603898
257.234924316,79.9036254883,0.4833984375,0.133858267717,0.574803149606,603903
255.737670898,83.641784668,0.51025390625,0.133858267717,0.574803149606,603908
254.454284668,88.1220703125,0.53076171875,0.133858267717,0.55905511811,603913
253.690429688,92.9871826172,0.552734375,0.133858267717,0.55905511811,603918
253.56817627,98.0721740723,0.5634765625,0.133858267717,0.55905511811,603923
254.209838867,103.212158203,0.57763671875,0.133858267717,0.55905511811,603928
255.523742676,108.379608154,0.58349609375,0.133858267717,0.55905511811,603933
257.540466309,113.629516602,0.5849609375,0.133858267717,0.543307086614,603938
260.25994873,118.632080078,0.58837890625,0.133858267717,0.543307086614,603943
263.804382324,123.249816895,0.5908203125,0.133858267717,0.543307086614,603948
268.326660156,127.372802734,0.595703125,0.133858267717,0.527559055118,603953
273.704528809,130.891052246,0.595703125,0.133858267717,0.527559055118,603958
279.968444824,133.942077637,0.60009765625,0.11811023622,0.527559055118,603963
286.965759277,136.553283691,0.5986328125,0.11811023622,0.511811023622,603968
294.66583252,138.614746094,0.5966796875,0.11811023622,0.511811023622,603973
302.854797363,140.153991699,0.59716796875,0.102362204724,0.511811023622,603978
311.227050781,141.088562012,0.58984375,0.102362204724,0.511811023622,603984
319.568847656,141.610778809,0.57177734375,0.0866141732283,0.496062992126,603989
327.605102539,141.775695801,0.5458984375,0.0866141732283,0.496062992126,603993
335.121826172,141.610778809,0.50634765625,0.0708661417323,0.496062992126,603998
341.874633789,141.3359375,0.44873046875,0.0708661417323,0.496062992126,604003
347.802490234,140.896118164,0.36181640625,0.0551181102362,0.496062992126,604008
352.874755859,140.401367188,0.20263671875,0.0551181102362,0.496062992126,604014
357.183105469,139.851623535,0.20263671875,0.0393700787402,0.496062992126,604019
0,0,0,0,0,0
424.100463867,66.6001586914,0.27294921875,0.0393700787402,0.669291338583,604340
423.428222656,66.9299926758,0.29052734375,0.0236220472441,0.669291338583,604345
422.786621094,67.1773681641,0.3037109375,0.0236220472441,0.653543307087,604351
422.144897461,67.6446533203,0.32666015625,0.0236220472441,0.653543307087,604355
421.380981445,68.3592834473,0.35986328125,0.0236220472441,0.637795275591,604360
420.494873047,69.5137329102,0.3896484375,0.0236220472441,0.637795275591,604365
419.333740234,71.2178955078,0.42041015625,0.0236220472441,0.622047244094,604371
417.958740234,73.5542297363,0.44677734375,0.0236220472441,0.622047244094,604375
416.49206543,76.6052246094,0.47265625,0.0236220472441,0.622047244094,604381
415.025390625,80.3983764648,0.50341796875,0.0236220472441,0.622047244094,604385
413.680908203,84.9886169434,0.52978515625,0.0236220472441,0.622047244094,604391
412.764282227,90.2110595703,0.55712890625,0.0236220472441,0.606299212598,604396
412.36706543,95.983215332,0.5791015625,0.0236220472441,0.606299212598,604401
412.642089844,102.140197754,0.591796875,0.0236220472441,0.606299212598,604406
413.74206543,108.65447998,0.60498046875,0.0236220472441,0.606299212598,604411
415.636474609,115.251220703,0.611328125,0.0236220472441,0.590551181102,604416
418.355957031,121.628112793,0.61669921875,0.0236220472441,0.590551181102,604421
422.083740234,127.730102539,0.62158203125,0.0236220472441,0.590551181102,604426
426.789428711,133.419799805,0.62646484375,0.0236220472441,0.574803149606,604431
432.65612793,138.614746094,0.62841796875,0.00787401574803,0.574803149606,604436
439.775634766,143.452392578,0.63232421875,0.00787401574803,0.55905511811,604441
448.117431641,147.685302734,0.63671875,0.00787401574803,0.55905511811,604446
457.620239258,151.148620605,0.63720703125,0.00787401574803,0.55905511811,604451
467.917602539,153.897277832,0.6376953125,0.00787401574803,0.543307086614,604456
478.887207031,155.903747559,0.62939453125,-0.00787401574803,0.543307086614,604461
490.192871094,157.305541992,0.61181640625,-0.0236220472441,0.543307086614,604466
501.559570312,158.130187988,0.5830078125,-0.0393700787402,0.543307086614,604471
512.95690918,158.542480469,0.548828125,-0.0551181102362,0.543307086614,604476
523.895996094,158.707397461,0.5087890625,-0.0551181102362,0.543307086614,604481
534.193237305,158.707397461,0.47216796875,-0.0708661417323,0.543307086614,604486
543.757202148,158.624938965,0.43212890625,-0.0866141732283,0.543307086614,604491
552.435058594,158.542480469,0.3662109375,-0.102362204724,0.543307086614,604496
560.318481445,158.460021973,0.22705078125,-0.11811023622,0.543307086614,604501
567.407470703,158.29510498,0.22705078125,-0.11811023622,0.55905511811,604506
0,0,0,0,0,0
-454.686218262,208.842712402,0.2978515625,0.496062992126,0.606299212598,605647
-455.389007568,208.210571289,0.30322265625,0.48031496063,0.590551181102,605652
-456.397369385,207.440917969,0.3056640625,0.464566929134,0.55905511811,605657
-457.466827393,206.75378418,0.31103515625,0.448818897638,0.543307086614,605662
-458.444610596,206.231506348,0.33740234375,0.433070866142,0.543307086614,605667
-459.391845703,205.901672363,0.35888671875,0.433070866142,0.543307086614,605673
-460.339065552,205.846740723,0.3642578125,0.417322834646,0.543307086614,605678
-461.500183105,206.259033203,0.369140625,0.417322834646,0.543307086614,605683
-462.936309814,207.16607666,0.38818359375,0.40157480315,0.543307086614,605688
-464.616882324,208.870239258,0.41650390625,0.40157480315,0.543307086614,605693
-466.603027344,211.398986816,0.44677734375,0.40157480315,0.543307086614,605698
-468.772491455,214.807312012,0.47119140625,0.40157480315,0.543307086614,605703
-471.033615112,219.040222168,0.49560546875,0.40157480315,0.543307086614,605708
-473.141967773,224.015258789,0.5185546875,0.40157480315,0.527559055118,605713
-474.975326538,229.567565918,0.54248046875,0.40157480315,0.527559055118,605718
-476.289230347,235.33972168,0.55908203125,0.40157480315,0.527559055118,605723
-477.083679199,241.249328613,0.568359375,0.40157480315,0.511811023622,605728
-477.328125,247.351318359,0.57568359375,0.40157480315,0.496062992126,605733
-477.022567749,253.75567627,0.580078125,0.40157480315,0.496062992126,605738
-476.136444092,260.544799805,0.58203125,0.40157480315,0.48031496063,605743
-474.669769287,267.636352539,0.5859375,0.40157480315,0.464566929134,605748
-472.622528076,274.700378418,0.583984375,0.40157480315,0.448818897638,605753
-469.903060913,281.517028809,0.58349609375,0.40157480315,0.448818897638,605759
-466.541900635,287.921386719,0.58349609375,0.40157480315,0.433070866142,605763
-462.416870117,293.556091309,0.5830078125,0.40157480315,0.433070866142,605768
-457.55847168,298.503662109,0.58349609375,0.417322834646,0.417322834646,605773
-452.119537354,302.626647949,0.58251953125,0.417322834646,0.417322834646,605779
-446.038909912,306.034973145,0.578125,0.417322834646,0.40157480315,605783
-439.408294678,308.838562012,0.56640625,0.417322834646,0.40157480315,605788
-432.136016846,310.955078125,0.54296875,0.417322834646,0.40157480315,605793
-424.28314209,312.411804199,0.49072265625,0.40157480315,0.385826771654,605798
-416.185852051,313.18145752,0.4052734375,0.40157480315,0.385826771654,605803
-407.996856689,313.20892334,0.26611328125,0.40157480315,0.370078740157,605808
-400.144012451,312.521789551,0.0126953125,0.40157480315,0.370078740157,605813
-392.871704102,310.955078125,0.0126953125,0.385826771654,0.354330708661,605818
0,0,0,0,0,0
-236.97567749,257.686218262,0.20458984375,0.417322834646,0.511811023622,606165
-237.861816406,258.098510742,0.20458984375,0.40157480315,0.496062992126,606170
-238.717376709,258.455871582,0.205078125,0.40157480315,0.48031496063,606175
-239.542388916,258.923095703,0.20703125,0.40157480315,0.464566929134,606181
-240.367401123,259.500366211,0.2099609375,0.40157480315,0.448818897638,606185
-241.253509521,260.1875,0.216796875,0.40157480315,0.448818897638,606190
-242.231292725,261.012084961,0.22265625,0.40157480315,0.433070866142,606195
-243.209075928,261.781738281,0.23291015625,0.40157480315,0.433070866142,606201
-244.186859131,262.578796387,0.24560546875,0.40157480315,0.433070866142,606206
-245.164642334,263.348449707,0.25439453125,0.40157480315,0.433070866142,606211
-246.111877441,264.035583496,0.26123046875,0.40157480315,0.433070866142,606216
-247.028564453,264.612854004,0.271484375,0.40157480315,0.433070866142,606221
-247.85357666,265.080078125,0.28857421875,0.40157480315,0.417322834646,606226
-248.434143066,265.409912109,0.3134765625,0.40157480315,0.417322834646,606231
-248.770263672,265.492370605,0.33837890625,0.40157480315,0.417322834646,606236
-248.923034668,265.409912109,0.3486328125,0.417322834646,0.417322834646,606241
-248.923034668,265.135070801,0.34814453125,0.417322834646,0.417322834646,606246
-248.923034668,264.640319824,0.3427734375,0.417322834646,0.417322834646,606251
-248.953582764,263.953125,0.33349609375,0.417322834646,0.417322834646,606256
-248.984130859,263.073608398,0.32861328125,0.417322834646,0.417322834646,606261
-249.045257568,261.946655273,0.3232421875,0.417322834646,0.417322834646,606266
-249.014709473,260.737243652,0.3212890625,0.417322834646,0.433070866142,606271
-248.923034668,259.500366211,0.31884765625,0.433070866142,0.433070866142,606276
-248.770263672,258.373413086,0.31689453125,0.433070866142,0.433070866142,606281
-248.648040771,257.411376953,0.3173828125,0.433070866142,0.433070866142,606286
-248.556365967,256.724182129,0.3154296875,0.433070866142,0.433070866142,606291
-248.525787354,256.201965332,0.30810546875,0.433070866142,0.433070866142,606296
-248.525787354,255.872131348,0.29345703125,0.433070866142,0.433070866142,606301
-248.556365967,255.6796875,0.2734375,0.433070866142,0.433070866142,606306
-248.586914062,255.514770508,0.25048828125,0.433070866142,0.433070866142,606311
-248.586914062,255.404846191,0.22216796875,0.433070866142,0.433070866142,606316
-248.586914062,255.212463379,0.193359375,0.433070866142,0.433070866142,606321
-248.525787354,254.965087891,0.171875,0.433070866142,0.433070866142,606326
-248.464691162,254.745178223,0.15869140625,0.433070866142,0.448818897638,606331
-248.373016357,254.442810059,0.1474609375,0.433070866142,0.448818897638,606336
-248.220245361,254.14050293,0.14208984375,0.433070866142,0.448818897638,606341
-248.128570557,253.81060791,0.14111328125,0.433070866142,0.448818897638,606346
-248.036895752,253.508300781,0.1416015625,0.433070866142,0.448818897638,606351
-247.945251465,253.178466797,0.14453125,0.433070866142,0.448818897638,606356
-247.884124756,252.931091309,0.16162109375,0.433070866142,0.448818897638,606362
-247.85357666,252.628723145,0.19189453125,0.433070866142,0.433070866142,606367
-247.85357666,252.29888916,0.2197265625,0.433070866142,0.433070866142,606371
-247.884124756,252.023986816,0.24365234375,0.433070866142,0.433070866142,606376
-247.945251465,251.611694336,0.26904296875,0.433070866142,0.433070866142,606382
-248.006347656,251.281860352,0.30810546875,0.433070866142,0.433070866142,606387
-248.098022461,250.869567871,0.3408203125,0.433070866142,0.433070866142,606392
-248.250793457,250.42980957,0.36279296875,0.433070866142,0.433070866142,606397
-248.373016357,250.07244873,0.3876953125,0.433070866142,0.433070866142,606402
-248.464691162,249.770141602,0.4189453125,0.417322834646,0.448818897638,606407
-248.586914062,249.550231934,0.44140625,0.417322834646,0.448818897638,606412
-248.648040771,249.440307617,0.45751953125,0.417322834646,0.448818897638,606417
-248.648040771,249.440307617,0.46826171875,0.417322834646,0.448818897638,606422
-248.800811768,249.385314941,0.4755859375,0.417322834646,0.448818897638,606427
-248.923034668,249.385314941,0.48046875,0.417322834646,0.448818897638,606432
-249.045257568,249.412780762,0.48193359375,0.417322834646,0.448818897638,606437
-249.350799561,249.522766113,0.48193359375,0.417322834646,0.433070866142,606442
-249.778594971,249.825073242,0.4814453125,0.417322834646,0.433070866142,606447
-250.420257568,250.347351074,0.482421875,0.417322834646,0.433070866142,606452
-251.306396484,251.254394531,0.4814453125,0.417322834646,0.433070866142,606457
-252.314727783,252.546264648,0.4814453125,0.417322834646,0.433070866142,606462
-253.445281982,254.250427246,0.4833984375,0.417322834646,0.433070866142,606467
-254.484191895,256.421875,0.49169921875,0.417322834646,0.448818897638,606472
-255.309204102,259.033081055,0.505859375,0.417322834646,0.448818897638,606477
-255.798095703,262.02911377,0.52734375,0.417322834646,0.448818897638,606483
-255.767547607,265.464904785,0.54833984375,0.417322834646,0.448818897638,606487
-255.186981201,269.120605469,0.564453125,0.433070866142,0.448818897638,606492
-253.964752197,272.99621582,0.57568359375,0.433070866142,0.448818897638,606497
-251.948059082,277.064208984,0.5830078125,0.433070866142,0.448818897638,606502
-249.259155273,281.214660645,0.58984375,0.433070866142,0.433070866142,606507
-245.714660645,285.365112305,0.59228515625,0.433070866142,0.433070866142,606512
-241.375732422,289.460632324,0.59423828125,0.417322834646,0.417322834646,606517
-236.425689697,293.143798828,0.59521484375,0.417322834646,0.417322834646,606522
-230.864501953,296.194824219,0.59912109375,0.417322834646,0.40157480315,606527
-224.936676025,298.641113281,0.59765625,0.40157480315,0.385826771654,606532
-218.764373779,300.40020752,0.59814453125,0.40157480315,0.385826771654,606537
-212.255981445,301.609619141,0.59765625,0.385826771654,0.370078740157,606542
-205.503143311,302.351806641,0.6005859375,0.385826771654,0.370078740157,606547
-198.475280762,302.65411377,0.599609375,0.385826771654,0.370078740157,606552
-191.355773926,302.516723633,0.60009765625,0.370078740157,0.370078740157,606557
-184.205688477,302.021911621,0.5966796875,0.370078740157,0.354330708661,606562
-177.116760254,301.19732666,0.580078125,0.354330708661,0.354330708661,606568
-170.180541992,300.097900391,0.53955078125,0.354330708661,0.354330708661,606573
-163.611022949,298.778503418,0.46142578125,0.338582677165,0.354330708661,606577
-157.49987793,297.211791992,0.345703125,0.338582677165,0.354330708661,606583
-151.969238281,295.342712402,0.15966796875,0.338582677165,0.354330708661,606588
-146.958129883,293.088806152,0.15966796875,0.322834645669,0.370078740157,606593
0,0,0,0,0,0
-63.9378051758,213.680358887,0.2265625,0.370078740157,0.55905511811,607000
-64.7017211914,212.855773926,0.2353515625,0.354330708661,0.543307086614,607005
-65.6184082031,212.141113281,0.23974609375,0.354330708661,0.527559055118,607010
-66.7489624023,211.70135498,0.248046875,0.338582677165,0.511811023622,607015
-67.8795166016,211.508911133,0.25927734375,0.338582677165,0.496062992126,607020
-69.0712280273,211.783813477,0.27734375,0.338582677165,0.496062992126,607025
-70.3239746094,212.608398438,0.296875,0.322834645669,0.496062992126,607030
-71.6684570312,214.202575684,0.3212890625,0.322834645669,0.496062992126,607035
-73.2573242188,216.731384277,0.35693359375,0.322834645669,0.496062992126,607040
-74.9379272461,220.194641113,0.392578125,0.322834645669,0.496062992126,607045
-76.6796264648,224.565002441,0.42724609375,0.322834645669,0.496062992126,607050
-78.2073974609,229.650024414,0.45849609375,0.322834645669,0.496062992126,607055
-79.3379516602,234.95489502,0.484375,0.322834645669,0.496062992126,607060
-79.9490966797,240.397216797,0.509765625,0.322834645669,0.496062992126,607065
-79.9490966797,245.812072754,0.53759765625,0.322834645669,0.48031496063,607070
-79.307434082,251.226928711,0.55859375,0.322834645669,0.48031496063,607075
-77.9629516602,256.806640625,0.568359375,0.338582677165,0.464566929134,607081
-76.0379638672,262.413879395,0.576171875,0.338582677165,0.464566929134,607086
-73.5934448242,267.883728027,0.5791015625,0.338582677165,0.448818897638,607091
-70.7517700195,273.023681641,0.5791015625,0.338582677165,0.433070866142,607096
-67.6656494141,277.696411133,0.57958984375,0.338582677165,0.433070866142,607101
-64.4877929688,281.956787109,0.58056640625,0.338582677165,0.417322834646,607106
-61.2794799805,285.804931641,0.58154296875,0.338582677165,0.40157480315,607111
-57.9183349609,289.213256836,0.58154296875,0.322834645669,0.40157480315,607116
-54.3432617188,292.264221191,0.58203125,0.322834645669,0.385826771654,607121
-50.5543212891,294.76550293,0.58203125,0.322834645669,0.370078740157,607126
-46.4598388672,296.689575195,0.568359375,0.307086614173,0.370078740157,607131
-42.0903930664,298.173828125,0.54052734375,0.307086614173,0.354330708661,607136
-37.5681152344,299.080871582,0.4931640625,0.307086614173,0.354330708661,607141
-32.862487793,299.548156738,0.42578125,0.291338582677,0.338582677165,607146
-28.0346679688,299.548156738,0.330078125,0.291338582677,0.338582677165,607151
-23.0540771484,298.970947266,0.1845703125,0.291338582677,0.338582677165,607156
-17.6762084961,297.651611328,0.1845703125,0.291338582677,0.338582677165,607161
0,0,0,0,0,0
56.6356201172,189.13494873,0.29638671875,0.354330708661,0.606299212598,607458
56.6356201172,190.20690918,0.30126953125,0.338582677165,0.590551181102,607462
56.4522705078,191.196411133,0.31005859375,0.322834645669,0.574803149606,607467
56.0245361328,192.433288574,0.34228515625,0.307086614173,0.574803149606,607472
55.6884155273,194.109985352,0.37841796875,0.307086614173,0.55905511811,607478
55.1078491211,196.25390625,0.41015625,0.291338582677,0.55905511811,607482
54.2522583008,198.947631836,0.4228515625,0.275590551181,0.543307086614,607488
53.3050537109,202.026062012,0.44189453125,0.275590551181,0.543307086614,607493
52.2966918945,205.461914062,0.46826171875,0.259842519685,0.527559055118,607498
51.2883300781,209.172607422,0.498046875,0.259842519685,0.527559055118,607503
50.4022216797,213.240600586,0.52392578125,0.259842519685,0.511811023622,607508
49.6688842773,217.610900879,0.5478515625,0.259842519685,0.511811023622,607513
48.9966430664,222.338623047,0.5693359375,0.259842519685,0.511811023622,607518
48.5689086914,227.50604248,0.58544921875,0.259842519685,0.496062992126,607523
48.3244628906,232.838439941,0.603515625,0.259842519685,0.48031496063,607528
48.4160766602,238.225769043,0.62109375,0.259842519685,0.48031496063,607533
48.935546875,243.695617676,0.63623046875,0.259842519685,0.464566929134,607538
49.9133300781,249.24786377,0.6484375,0.259842519685,0.448818897638,607543
51.4411621094,254.965087891,0.6572265625,0.259842519685,0.448818897638,607548
53.3967285156,260.819702148,0.662109375,0.275590551181,0.433070866142,607553
56.1162109375,266.59185791,0.66259765625,0.275590551181,0.417322834646,607558
59.2940063477,272.089172363,0.66015625,0.275590551181,0.417322834646,607563
63.0829467773,277.11920166,0.66015625,0.275590551181,0.40157480315,607568
67.4523925781,281.544494629,0.66015625,0.275590551181,0.40157480315,607573
72.371887207,285.337646484,0.65625,0.259842519685,0.385826771654,607578
77.9636230469,288.333679199,0.650390625,0.259842519685,0.370078740157,607583
84.2276000977,290.532592773,0.646484375,0.259842519685,0.354330708661,607588
91.1026611328,291.851928711,0.6396484375,0.259842519685,0.338582677165,607593
98.4971923828,292.319213867,0.626953125,0.244094488189,0.338582677165,607598
106.350036621,292.016845703,0.60498046875,0.244094488189,0.338582677165,607603
114.386230469,290.972351074,0.57373046875,0.244094488189,0.338582677165,607608
122.452941895,289.350646973,0.5205078125,0.228346456693,0.338582677165,607613
130.305847168,287.316650391,0.4580078125,0.228346456693,0.338582677165,607618
137.853149414,284.897827148,0.3681640625,0.228346456693,0.338582677165,607623
145.033752441,282.36907959,0.24658203125,0.212598425197,0.338582677165,607629
151.786621094,279.647949219,0.0537109375,0.212598425197,0.338582677165,607634
157.989440918,276.789367676,0.0537109375,0.212598425197,0.338582677165,607639
0,0,0,0,0,0
186.864746094,207.303466797,0.27734375,0.259842519685,0.55905511811,607965
186.58972168,206.836242676,0.2890625,0.244094488189,0.543307086614,607970
186.192504883,206.121582031,0.29736328125,0.244094488189,0.543307086614,607975
185.764709473,205.29699707,0.3232421875,0.244094488189,0.527559055118,607981
185.428588867,204.582336426,0.36083984375,0.228346456693,0.527559055118,607985
185.123046875,203.922668457,0.4072265625,0.228346456693,0.527559055118,607990
184.78692627,203.510375977,0.43017578125,0.228346456693,0.527559055118,607995
184.328613281,203.235473633,0.439453125,0.228346456693,0.527559055118,608001
183.748046875,203.180541992,0.44580078125,0.228346456693,0.527559055118,608005
182.984130859,203.345458984,0.4580078125,0.228346456693,0.527559055118,608011
182.006347656,203.895141602,0.474609375,0.228346456693,0.527559055118,608015
180.784118652,204.994628906,0.4990234375,0.212598425197,0.527559055118,608021
179.225769043,206.698791504,0.5224609375,0.212598425197,0.527559055118,608026
177.484069824,209.172607422,0.546875,0.212598425197,0.527559055118,608031
175.681274414,212.553405762,0.56494140625,0.212598425197,0.527559055118,608036
173.939575195,216.731384277,0.58447265625,0.212598425197,0.511811023622,608041
172.503479004,221.733886719,0.6015625,0.212598425197,0.511811023622,608046
171.495117188,227.368652344,0.6220703125,0.212598425197,0.511811023622,608051
171.189575195,233.11328125,0.63818359375,0.212598425197,0.496062992126,608056
171.800720215,238.912963867,0.65380859375,0.212598425197,0.48031496063,608061
173.389587402,244.520202637,0.662109375,0.212598425197,0.48031496063,608066
175.986877441,250.04498291,0.66845703125,0.212598425197,0.464566929134,608071
179.531311035,255.597229004,0.66845703125,0.212598425197,0.448818897638,608076
183.900817871,261.122070312,0.67236328125,0.212598425197,0.433070866142,608081
189.034179688,266.344482422,0.673828125,0.212598425197,0.417322834646,608086
195.114807129,271.072143555,0.67529296875,0.212598425197,0.417322834646,608091
202.173217773,275.085205078,0.6796875,0.196850393701,0.40157480315,608096
210.362182617,278.273620605,0.681640625,0.196850393701,0.385826771654,608101
219.437316895,280.747375488,0.6826171875,0.196850393701,0.370078740157,608106
229.276306152,282.424072266,0.68115234375,0.181102362205,0.370078740157,608111
239.695800781,283.413574219,0.6796875,0.181102362205,0.354330708661,608116
250.329284668,283.770935059,0.68408203125,0.165354330709,0.354330708661,608121
261.146057129,283.578491211,0.6806640625,0.149606299213,0.354330708661,608126
271.565612793,283.001281738,0.67626953125,0.133858267717,0.338582677165,608131
281.16015625,282.176696777,0.64599609375,0.11811023622,0.338582677165,608136
289.624084473,281.214660645,0.60107421875,0.102362204724,0.338582677165,608141
296.590881348,280.252624512,0.52490234375,0.102362204724,0.338582677165,608146
302.121459961,279.345581055,0.40966796875,0.0866141732283,0.338582677165,608151
306.338195801,278.493530273,0.22607421875,0.0866141732283,0.338582677165,608156
309.424316406,277.613952637,0.22607421875,0.0708661417323,0.338582677165,608161
0,0,0,0,0,0
243.454223633,168.327636719,0.26416015625,0.196850393701,0.653543307087,608533
243.545837402,168.355163574,0.26611328125,0.181102362205,0.637795275591,608543
243.881958008,168.657470703,0.27587890625,0.165354330709,0.622047244094,608549
244.554199219,169.317138672,0.31494140625,0.165354330709,0.622047244094,608553
245.623657227,170.389160156,0.357421875,0.149606299213,0.606299212598,608559
247.120910645,172.038330078,0.404296875,0.149606299213,0.606299212598,608564
249.015380859,174.512084961,0.455078125,0.149606299213,0.606299212598,608568
251.398742676,177.590576172,0.50537109375,0.133858267717,0.606299212598,608574
254.270996094,181.411193848,0.5517578125,0.133858267717,0.606299212598,608579
257.570983887,185.891540527,0.59033203125,0.133858267717,0.606299212598,608584
261.268249512,191.031494141,0.61962890625,0.11811023622,0.606299212598,608589
265.240539551,196.748657227,0.64404296875,0.11811023622,0.606299212598,608594
269.396118164,202.988098145,0.658203125,0.11811023622,0.590551181102,608599
273.612854004,209.694824219,0.6669921875,0.102362204724,0.590551181102,608604
277.768432617,216.593933105,0.673828125,0.102362204724,0.574803149606,608609
281.710144043,223.602966309,0.6796875,0.0866141732283,0.55905511811,608614
285.499084473,230.309692383,0.67724609375,0.0708661417323,0.543307086614,608619
289.349121094,236.274230957,0.6787109375,0.0551181102362,0.527559055118,608624
293.413024902,241.551635742,0.6826171875,0.0551181102362,0.511811023622,608629
297.996398926,246.114440918,0.68115234375,0.0393700787402,0.496062992126,608634
303.129821777,250.182434082,0.6806640625,0.0236220472441,0.48031496063,608639
308.84375,253.975585938,0.68603515625,0.0236220472441,0.464566929134,608644
315.107666016,257.301391602,0.6875,0.00787401574803,0.448818897638,608649
321.891113281,260.1875,0.689453125,0.00787401574803,0.433070866142,608654
329.041137695,262.44140625,0.68701171875,0.00787401574803,0.433070866142,608659
336.466308594,264.035583496,0.6875,0.00787401574803,0.417322834646,608664
343.921875,265.080078125,0.6767578125,0.00787401574803,0.417322834646,608669
351.377563477,265.574829102,0.65625,0.00787401574803,0.40157480315,608674
358.619262695,265.657287598,0.62158203125,-0.00787401574803,0.40157480315,608679
365.494384766,265.409912109,0.5732421875,-0.00787401574803,0.40157480315,608684
371.941650391,264.942687988,0.50048828125,-0.00787401574803,0.40157480315,608689
377.594482422,264.255493164,0.3916015625,-0.0236220472441,0.40157480315,608694
382.513916016,263.375915527,0.22900390625,-0.0236220472441,0.40157480315,608699
386.700073242,262.303955078,0.22900390625,-0.0236220472441,0.40157480315,608704
0,0,0,0,0,0
422.908813477,198.425354004,0.4365234375,0.0551181102362,0.669291338583,609388
420.556030273,200.651794434,0.44091796875,0.0551181102362,0.653543307087,609393
418.661499023,202.988098145,0.447265625,0.0393700787402,0.637795275591,609398
417.194824219,205.901672363,0.46875,0.0393700787402,0.622047244094,609403
415.819824219,209.722290039,0.5,0.0393700787402,0.606299212598,609408
414.475341797,214.587402344,0.51171875,0.0393700787402,0.574803149606,609413
413.253173828,220.332092285,0.515625,0.0393700787402,0.55905511811,609418
412.275390625,226.873901367,0.5224609375,0.0236220472441,0.543307086614,609423
411.694824219,233.525634766,0.53173828125,0.0236220472441,0.527559055118,609428
411.603149414,239.957458496,0.5458984375,0.0236220472441,0.527559055118,609434
412.122558594,246.169372559,0.56103515625,0.0236220472441,0.511811023622,609439
413.375366211,251.996520996,0.5751953125,0.0236220472441,0.496062992126,609444
415.422607422,257.796203613,0.587890625,0.0236220472441,0.464566929134,609449
418.478149414,263.403442383,0.59619140625,0.0236220472441,0.448818897638,609453
422.664306641,268.653320312,0.5986328125,0.0236220472441,0.448818897638,609459
428.042236328,273.490966797,0.6005859375,0.0236220472441,0.433070866142,609464
434.733886719,277.83380127,0.60498046875,0.00787401574803,0.433070866142,609469
442.708984375,281.65447998,0.6064453125,0.00787401574803,0.417322834646,609474
452.028564453,284.980285645,0.60595703125,0.00787401574803,0.417322834646,609479
462.417480469,287.756469727,0.60986328125,0.00787401574803,0.40157480315,609484
473.723266602,289.845397949,0.59130859375,-0.00787401574803,0.40157480315,609489
485.731689453,291.164794922,0.564453125,-0.0236220472441,0.385826771654,609494
498.198486328,291.796936035,0.517578125,-0.0393700787402,0.385826771654,609499
511.001342773,291.851928711,0.46337890625,-0.0551181102362,0.385826771654,609504
523.712646484,291.632019043,0.412109375,-0.0708661417323,0.385826771654,609509
535.934936523,291.247253418,0.33984375,-0.102362204724,0.370078740157,609514
547.240600586,290.807434082,0.244140625,-0.11811023622,0.370078740157,609519
557.385131836,290.285217285,0.1240234375,-0.133858267717,0.370078740157,609524
566.4296875,289.598022461,0.1240234375,-0.149606299213,0.370078740157,609529
0,0,0,0,0,0
