x,y,p,xt,yt,time
0,0,0,0,0,0
-598.093261719,-278.042449951,0.17041015625,0.354330708661,0.543307086614,938138
-598.001586914,-278.06993103,0.185546875,0.354330708661,0.543307086614,938143
-598.001586914,-278.06993103,0.193359375,0.354330708661,0.543307086614,938148
-598.001586914,-278.06993103,0.208984375,0.354330708661,0.543307086614,938154
-598.001586914,-278.06993103,0.228515625,0.354330708661,0.55905511811,938158
-598.001586914,-278.06993103,0.24560546875,0.354330708661,0.55905511811,938163
-598.001586914,-278.06993103,0.25830078125,0.354330708661,0.55905511811,938168
-598.001586914,-278.06993103,0.2705078125,0.354330708661,0.55905511811,938174
-598.001586914,-278.06993103,0.2783203125,0.354330708661,0.55905511811,938179
-597.909927368,-278.06993103,0.28662109375,0.354330708661,0.55905511811,938184
-597.909927368,-278.06993103,0.29345703125,0.354330708661,0.55905511811,938189
-597.909927368,-278.06993103,0.30029296875,0.354330708661,0.55905511811,938194
-597.909927368,-278.06993103,0.30322265625,0.354330708661,0.55905511811,938199
-597.909927368,-278.06993103,0.310546875,0.354330708661,0.55905511811,938204
-597.909927368,-278.06993103,0.31689453125,0.354330708661,0.55905511811,938209
-597.909927368,-278.06993103,0.32373046875,0.354330708661,0.55905511811,938214
-597.909927368,-278.06993103,0.32666015625,0.354330708661,0.574803149606,938224
-597.971038818,-277.987472534,0.3271484375,0.354330708661,0.574803149606,938229
-598.001586914,-277.905014038,0.33056640625,0.354330708661,0.574803149606,938234
-598.093261719,-277.712615967,0.330078125,0.354330708661,0.574803149606,938239
-598.276596069,-277.327804565,0.33544921875,0.354330708661,0.574803149606,938244
-598.52104187,-276.83303833,0.34130859375,0.354330708661,0.574803149606,938249
-598.826599121,-276.145889282,0.34912109375,0.354330708661,0.574803149606,938254
-599.223831177,-275.293807983,0.35009765625,0.354330708661,0.574803149606,938259
-599.682159424,-274.359268188,0.35546875,0.354330708661,0.574803149606,938264
-600.20161438,-273.28729248,0.357421875,0.354330708661,0.574803149606,938269
-600.751617432,-272.05039978,0.36474609375,0.370078740157,0.55905511811,938274
-601.301620483,-270.758529663,0.3671875,0.370078740157,0.55905511811,938279
-601.88218689,-269.301742554,0.375,0.370078740157,0.55905511811,938284
-602.554412842,-267.762496948,0.3818359375,0.370078740157,0.55905511811,938289
-603.287750244,-266.085830688,0.392578125,0.370078740157,0.55905511811,938294
-604.082214355,-264.299194336,0.3994140625,0.370078740157,0.55905511811,938299
-604.937774658,-262.457611084,0.40966796875,0.385826771654,0.543307086614,938304
-605.762786865,-260.533554077,0.41748046875,0.385826771654,0.543307086614,938309
-606.587783813,-258.499557495,0.42724609375,0.385826771654,0.543307086614,938314
-607.504470825,-256.328125,0.43017578125,0.385826771654,0.543307086614,938319
-608.329467773,-253.991775513,0.43994140625,0.385826771654,0.527559055118,938324
-609.215591431,-251.517990112,0.4462890625,0.385826771654,0.527559055118,938329
-610.101715088,-248.934249878,0.453125,0.385826771654,0.527559055118,938334
-610.926727295,-246.295547485,0.45263671875,0.385826771654,0.511811023622,938339
-611.721176147,-243.546905518,0.46044921875,0.385826771654,0.511811023622,938344
-612.515625,-240.660827637,0.4677734375,0.385826771654,0.496062992126,938349
-613.157302856,-237.802230835,0.47802734375,0.385826771654,0.496062992126,938355
-613.707305908,-234.80619812,0.47802734375,0.385826771654,0.48031496063,938359
-614.073974609,-231.947601318,0.48486328125,0.385826771654,0.464566929134,938364
-614.226760864,-229.22644043,0.48828125,0.385826771654,0.448818897638,938369
-614.287872314,-226.587738037,0.49560546875,0.385826771654,0.448818897638,938375
-614.165649414,-224.05897522,0.49658203125,0.385826771654,0.433070866142,938380
-613.951751709,-221.640167236,0.50537109375,0.385826771654,0.417322834646,938385
-613.615646362,-219.27633667,0.50830078125,0.385826771654,0.40157480315,938390
-613.126739502,-217.077407837,0.51123046875,0.385826771654,0.40157480315,938395
-612.515625,-214.960952759,0.5078125,0.385826771654,0.385826771654,938400
-611.812850952,-212.899459839,0.515625,0.385826771654,0.385826771654,938405
-610.987838745,-210.920440674,0.51953125,0.385826771654,0.385826771654,938410
-610.071151733,-208.94140625,0.5244140625,0.385826771654,0.370078740157,938415
-609.001708984,-206.989868164,0.52099609375,0.385826771654,0.370078740157,938420
-607.718353271,-205.175765991,0.52587890625,0.385826771654,0.354330708661,938425
-606.251678467,-203.416625977,0.52783203125,0.385826771654,0.354330708661,938430
-604.632217407,-201.767440796,0.5302734375,0.385826771654,0.338582677165,938435
-602.921081543,-200.25567627,0.525390625,0.385826771654,0.338582677165,938440
-601.148849487,-198.853866577,0.5302734375,0.385826771654,0.322834645669,938445
-599.315490723,-197.644470215,0.53125,0.385826771654,0.322834645669,938450
-597.390472412,-196.572494507,0.53515625,0.370078740157,0.322834645669,938455
-595.496017456,-195.610458374,0.53076171875,0.370078740157,0.307086614173,938460
-593.570983887,-194.758377075,0.53466796875,0.370078740157,0.307086614173,938465
-591.707077026,-194.071228027,0.5341796875,0.370078740157,0.307086614173,938470
-589.873733521,-193.548980713,0.53662109375,0.370078740157,0.291338582677,938475
-588.101486206,-193.219146729,0.5302734375,0.370078740157,0.291338582677,938480
-586.359802246,-193.081710815,0.5341796875,0.370078740157,0.291338582677,938485
-584.679229736,-193.081710815,0.53369140625,0.370078740157,0.291338582677,938490
-582.968109131,-193.191650391,0.537109375,0.370078740157,0.291338582677,938495
-581.226425171,-193.466522217,0.53076171875,0.370078740157,0.291338582677,938500
-579.454177856,-193.82383728,0.53466796875,0.370078740157,0.275590551181,938505
-577.681930542,-194.346084595,0.53466796875,0.385826771654,0.275590551181,938510
-575.940246582,-194.84085083,0.53564453125,0.385826771654,0.275590551181,938515
-574.259674072,-195.308120728,0.52978515625,0.385826771654,0.275590551181,938520
-572.762435913,-195.747894287,0.5322265625,0.385826771654,0.275590551181,938526
-571.479095459,-196.105224609,0.53125,0.385826771654,0.275590551181,938530
-570.348526001,-196.407577515,0.53271484375,0.385826771654,0.275590551181,938536
-569.401290894,-196.682434082,0.52734375,0.385826771654,0.275590551181,938540
-568.545730591,-196.92980957,0.53125,0.385826771654,0.275590551181,938546
-567.781829834,-197.149703979,0.53125,0.385826771654,0.275590551181,938550
-567.140167236,-197.369598389,0.5322265625,0.385826771654,0.275590551181,938555
-566.55960083,-197.589492798,0.52783203125,0.385826771654,0.275590551181,938560
-566.009597778,-197.75440979,0.53076171875,0.385826771654,0.275590551181,938566
-565.520706177,-198.001785278,0.53076171875,0.385826771654,0.291338582677,938571
-565.031814575,-198.249160767,0.53125,0.385826771654,0.291338582677,938576
-564.512359619,-198.551513672,0.5244140625,0.385826771654,0.291338582677,938581
-563.992904663,-198.853866577,0.52197265625,0.385826771654,0.291338582677,938586
-563.504013062,-199.128738403,0.51123046875,0.385826771654,0.291338582677,938591
-563.045684814,-199.376113892,0.49658203125,0.385826771654,0.291338582677,938596
-562.617889404,-199.596008301,0.4736328125,0.385826771654,0.291338582677,938601
-562.281784058,-199.81590271,0.45068359375,0.385826771654,0.275590551181,938606
-561.976226807,-200.008300781,0.41650390625,0.385826771654,0.275590551181,938611
-561.792892456,-200.173217773,0.3701171875,0.385826771654,0.275590551181,938616
-561.701217651,-200.25567627,0.30517578125,0.385826771654,0.275590551181,938621
-561.701217651,-200.25567627,0.216796875,0.385826771654,0.275590551181,938626
-561.792892456,-200.365631104,0.08935546875,0.385826771654,0.275590551181,938631
-562.006774902,-200.338134766,0.08935546875,0.385826771654,0.275590551181,938636
0,0,0,0,0,0
-593.11265564,-290.686233521,0.2265625,0.370078740157,0.448818897638,943308
-593.23487854,-290.741210938,0.23876953125,0.370078740157,0.448818897638,943312
-593.326538086,-290.741210938,0.2451171875,0.370078740157,0.448818897638,943317
-593.448760986,-290.768692017,0.26416015625,0.385826771654,0.464566929134,943322
-593.448760986,-290.768692017,0.29345703125,0.385826771654,0.464566929134,943327
-593.540435791,-290.878646851,0.3125,0.385826771654,0.464566929134,943332
-593.540435791,-290.878646851,0.3291015625,0.385826771654,0.464566929134,943338
-593.662658691,-290.961105347,0.337890625,0.385826771654,0.464566929134,943343
-593.662658691,-290.961105347,0.3466796875,0.385826771654,0.48031496063,943348
-593.784881592,-290.961105347,0.34814453125,0.385826771654,0.48031496063,943353
-593.876556396,-290.823669434,0.34814453125,0.385826771654,0.48031496063,943358
-594.151550293,-290.521316528,0.34619140625,0.385826771654,0.48031496063,943363
-594.518218994,-289.944107056,0.34912109375,0.385826771654,0.48031496063,943368
-595.068222046,-288.982070923,0.3525390625,0.385826771654,0.48031496063,943373
-595.740463257,-287.690200806,0.359375,0.385826771654,0.48031496063,943378
-596.443237305,-286.068511963,0.36572265625,0.385826771654,0.496062992126,943383
-597.268249512,-284.199417114,0.37548828125,0.385826771654,0.496062992126,943388
-598.093261719,-282.055480957,0.38037109375,0.385826771654,0.496062992126,943393
-598.979385376,-279.71913147,0.38623046875,0.385826771654,0.496062992126,943398
-599.834945679,-277.052932739,0.3896484375,0.385826771654,0.48031496063,943403
-600.659957886,-274.249313354,0.39990234375,0.385826771654,0.48031496063,943408
-601.515518188,-271.198303223,0.408203125,0.385826771654,0.48031496063,943413
-602.401641846,-267.844955444,0.41552734375,0.40157480315,0.48031496063,943418
-603.348861694,-264.189254761,0.4228515625,0.40157480315,0.464566929134,943423
-604.296096802,-260.176223755,0.4306640625,0.40157480315,0.464566929134,943428
-605.212783813,-255.888336182,0.4345703125,0.40157480315,0.464566929134,943433
-606.007232666,-251.572952271,0.43994140625,0.40157480315,0.448818897638,943438
-606.526672363,-247.285064697,0.44189453125,0.40157480315,0.448818897638,943443
-606.801681519,-243.024658203,0.44580078125,0.40157480315,0.433070866142,943448
-606.832244873,-238.901687622,0.45068359375,0.40157480315,0.417322834646,943453
-606.618347168,-234.943634033,0.455078125,0.417322834646,0.40157480315,943458
-606.251678467,-231.205474854,0.455078125,0.40157480315,0.385826771654,943463
-605.671112061,-227.742172241,0.458984375,0.40157480315,0.370078740157,943469
-604.846099854,-224.691177368,0.46142578125,0.40157480315,0.354330708661,943473
-603.929428101,-221.997497559,0.46240234375,0.40157480315,0.338582677165,943478
-602.798858643,-219.633651733,0.46435546875,0.385826771654,0.322834645669,943483
-601.546066284,-217.62713623,0.4697265625,0.385826771654,0.322834645669,943488
-600.20161438,-215.895492554,0.47802734375,0.385826771654,0.307086614173,943493
-598.643264771,-214.411224365,0.4833984375,0.385826771654,0.291338582677,943498
-596.871017456,-213.256790161,0.48779296875,0.385826771654,0.291338582677,943503
-595.007110596,-212.377227783,0.494140625,0.385826771654,0.275590551181,943508
-592.990432739,-211.800003052,0.4990234375,0.385826771654,0.275590551181,943513
-590.790405273,-211.470169067,0.50341796875,0.385826771654,0.275590551181,943519
-588.498718262,-211.442687988,0.5078125,0.385826771654,0.259842519685,943524
-586.054244995,-211.63508606,0.5126953125,0.385826771654,0.259842519685,943529
-583.487548828,-211.992416382,0.5166015625,0.385826771654,0.259842519685,943533
-580.890304565,-212.542144775,0.51611328125,0.385826771654,0.259842519685,943539
-578.293060303,-213.201812744,0.5146484375,0.385826771654,0.259842519685,943543
-575.726364136,-213.971435547,0.517578125,0.385826771654,0.259842519685,943549
-573.343002319,-214.768554688,0.5205078125,0.40157480315,0.259842519685,943554
-571.204086304,-215.538162231,0.517578125,0.40157480315,0.259842519685,943559
-569.340179443,-216.280303955,0.51611328125,0.40157480315,0.259842519685,943564
-567.751281738,-216.885009766,0.51806640625,0.40157480315,0.259842519685,943569
-566.49848938,-217.434738159,0.52001953125,0.40157480315,0.259842519685,943574
-565.490142822,-217.874526978,0.5146484375,0.40157480315,0.259842519685,943579
-564.75680542,-218.204360962,0.51171875,0.40157480315,0.259842519685,943584
-564.267913818,-218.506713867,0.51123046875,0.40157480315,0.259842519685,943589
-563.962356567,-218.699111938,0.51220703125,0.40157480315,0.259842519685,943594
-563.809570312,-218.836547852,0.5078125,0.40157480315,0.259842519685,943599
-563.717910767,-218.919006348,0.50537109375,0.40157480315,0.259842519685,943604
-563.717910767,-218.919006348,0.5009765625,0.40157480315,0.259842519685,943609
-563.717910767,-219.028961182,0.48876953125,0.40157480315,0.259842519685,943614
-563.717910767,-219.166381836,0.46142578125,0.40157480315,0.259842519685,943619
-563.748458862,-219.386276245,0.4267578125,0.40157480315,0.259842519685,943624
-563.748458862,-219.606170654,0.37939453125,0.40157480315,0.259842519685,943629
-563.809570312,-219.826065063,0.3173828125,0.40157480315,0.259842519685,943634
-563.870681763,-220.018463135,0.2275390625,0.40157480315,0.259842519685,943639
-563.931793213,-220.210876465,0.11279296875,0.40157480315,0.244094488189,943644
-564.115127563,-220.375793457,0.11279296875,0.40157480315,0.244094488189,943649
0,0,0,0,0,0
-576.643035889,-292.335418701,0.1806640625,0.354330708661,0.417322834646,944625
-576.643035889,-292.335418701,0.1953125,0.354330708661,0.433070866142,944630
-576.734710693,-292.335418701,0.2001953125,0.370078740157,0.433070866142,944635
-576.734710693,-292.335418701,0.20751953125,0.370078740157,0.433070866142,944640
-576.856933594,-292.307937622,0.2314453125,0.370078740157,0.433070866142,944645
-576.94859314,-292.307937622,0.255859375,0.370078740157,0.433070866142,944650
-577.07081604,-292.335418701,0.27392578125,0.385826771654,0.448818897638,944655
-577.162490845,-292.362915039,0.2822265625,0.385826771654,0.448818897638,944660
-577.315261841,-292.362915039,0.29052734375,0.385826771654,0.448818897638,944665
-577.406936646,-292.390396118,0.2978515625,0.385826771654,0.448818897638,944670
-577.498596191,-292.390396118,0.30712890625,0.385826771654,0.448818897638,944675
-577.590270996,-292.390396118,0.31103515625,0.385826771654,0.448818897638,944680
-577.590270996,-292.390396118,0.31640625,0.385826771654,0.448818897638,944685
-577.590270996,-292.390396118,0.3193359375,0.385826771654,0.448818897638,944690
-577.743041992,-292.362915039,0.3232421875,0.385826771654,0.448818897638,944695
-577.926391602,-292.197998047,0.32275390625,0.385826771654,0.448818897638,944700
-578.262496948,-291.9506073,0.32421875,0.385826771654,0.448818897638,944705
-578.720840454,-291.51083374,0.3271484375,0.385826771654,0.464566929134,944710
-579.331954956,-290.90612793,0.33447265625,0.385826771654,0.464566929134,944715
-580.004180908,-290.109024048,0.33984375,0.385826771654,0.464566929134,944720
-580.798629761,-289.092025757,0.34716796875,0.385826771654,0.464566929134,944726
-581.715316772,-287.855133057,0.35400390625,0.385826771654,0.464566929134,944730
-582.754211426,-286.398345947,0.36279296875,0.385826771654,0.464566929134,944735
-583.854217529,-284.831619263,0.3671875,0.385826771654,0.464566929134,944740
-584.984786987,-283.099960327,0.37646484375,0.385826771654,0.464566929134,944746
-586.115356445,-281.258377075,0.38134765625,0.385826771654,0.448818897638,944750
-587.215377808,-279.30682373,0.390625,0.385826771654,0.448818897638,944755
-588.315383911,-277.217849731,0.39306640625,0.385826771654,0.448818897638,944760
-589.384841919,-275.128875732,0.40185546875,0.385826771654,0.448818897638,944766
-590.362625122,-272.957443237,0.40869140625,0.385826771654,0.448818897638,944771
-591.37097168,-270.731033325,0.41845703125,0.385826771654,0.448818897638,944776
-592.348754883,-268.449661255,0.4208984375,0.385826771654,0.433070866142,944781
-593.35710144,-265.975875854,0.4287109375,0.385826771654,0.433070866142,944786
-594.334884644,-263.254714966,0.43603515625,0.385826771654,0.433070866142,944791
-595.343231201,-260.203720093,0.447265625,0.385826771654,0.417322834646,944796
-596.382125854,-256.76789856,0.4521484375,0.385826771654,0.417322834646,944801
-597.451583862,-252.947280884,0.46240234375,0.385826771654,0.417322834646,944806
-598.612716675,-248.851791382,0.47119140625,0.385826771654,0.40157480315,944811
-599.834945679,-244.536422729,0.47900390625,0.385826771654,0.385826771654,944816
-601.087738037,-240.028625488,0.47705078125,0.385826771654,0.370078740157,944821
-602.309967041,-235.548339844,0.48095703125,0.385826771654,0.370078740157,944826
-603.409973145,-231.123016357,0.482421875,0.385826771654,0.354330708661,944831
-604.387771606,-226.835113525,0.490234375,0.385826771654,0.338582677165,944836
-605.151657104,-222.904556274,0.49169921875,0.385826771654,0.322834645669,944841
-605.732223511,-219.248840332,0.4970703125,0.385826771654,0.307086614173,944846
-606.068344116,-215.895492554,0.49853515625,0.385826771654,0.291338582677,944851
-606.190567017,-212.789520264,0.501953125,0.385826771654,0.275590551181,944856
-606.068344116,-209.820983887,0.49755859375,0.40157480315,0.259842519685,944861
-605.762786865,-206.989868164,0.4990234375,0.40157480315,0.259842519685,944866
-605.273895264,-204.213729858,0.49853515625,0.40157480315,0.244094488189,944871
-604.601654053,-201.547546387,0.5,0.40157480315,0.244094488189,944876
-603.837768555,-199.046279907,0.494140625,0.40157480315,0.228346456693,944881
-603.043304443,-196.572494507,0.494140625,0.40157480315,0.212598425197,944886
-602.218307495,-194.263626099,0.49365234375,0.40157480315,0.212598425197,944891
-601.332183838,-192.037216187,0.49658203125,0.385826771654,0.196850393701,944896
-600.38494873,-189.975738525,0.490234375,0.385826771654,0.196850393701,944901
-599.315490723,-188.106658936,0.49267578125,0.385826771654,0.181102362205,944906
-598.123809814,-186.402496338,0.4921875,0.385826771654,0.181102362205,944911
-596.809906006,-184.973190308,0.494140625,0.370078740157,0.165354330709,944916
-595.434906006,-183.681335449,0.4873046875,0.370078740157,0.165354330709,944921
-593.937667847,-182.609359741,0.4892578125,0.370078740157,0.149606299213,944926
-592.348754883,-181.757278442,0.4892578125,0.370078740157,0.149606299213,944931
-590.637634277,-181.180053711,0.49169921875,0.370078740157,0.149606299213,944936
-588.773727417,-180.850219727,0.486328125,0.370078740157,0.149606299213,944941
-586.695922852,-180.79524231,0.48974609375,0.370078740157,0.149606299213,944946
-584.434783936,-180.960159302,0.48974609375,0.370078740157,0.149606299213,944951
-581.929199219,-181.262512207,0.49267578125,0.370078740157,0.149606299213,944957
-579.331954956,-181.647323608,0.48681640625,0.370078740157,0.133858267717,944961
-576.765258789,-182.114593506,0.48974609375,0.370078740157,0.133858267717,944967
-574.290237427,-182.609359741,0.48974609375,0.385826771654,0.133858267717,944971
-571.937438965,-182.994171143,0.4931640625,0.385826771654,0.133858267717,944977
-569.706863403,-183.351486206,0.48681640625,0.385826771654,0.133858267717,944982
-567.567947388,-183.626358032,0.48974609375,0.385826771654,0.133858267717,944987
-565.520706177,-183.873733521,0.490234375,0.385826771654,0.133858267717,944992
-563.595687866,-184.066146851,0.49365234375,0.385826771654,0.133858267717,944997
-561.731781006,-184.286026001,0.4873046875,0.385826771654,0.133858267717,945002
-559.959533691,-184.533416748,0.4912109375,0.385826771654,0.133858267717,945007
-558.217849731,-184.753295898,0.490234375,0.385826771654,0.133858267717,945012
-556.506729126,-185.055648804,0.4931640625,0.385826771654,0.133858267717,945017
-554.887268066,-185.385498047,0.4873046875,0.370078740157,0.133858267717,945022
-553.359466553,-185.715332031,0.490234375,0.370078740157,0.133858267717,945027
-551.892791748,-186.155105591,0.48974609375,0.370078740157,0.133858267717,945032
-550.548324585,-186.56741333,0.4912109375,0.370078740157,0.149606299213,945037
-549.264984131,-186.952224731,0.4814453125,0.370078740157,0.149606299213,945042
-548.103851318,-187.337036133,0.47900390625,0.354330708661,0.149606299213,945047
-547.003845215,-187.694351196,0.47216796875,0.354330708661,0.149606299213,945052
-546.087173462,-187.969223022,0.46630859375,0.354330708661,0.133858267717,945058
-545.35383606,-188.216598511,0.44921875,0.354330708661,0.133858267717,945062
-544.773269653,-188.409011841,0.43212890625,0.354330708661,0.133858267717,945067
-544.406600952,-188.573928833,0.40283203125,0.354330708661,0.133858267717,945072
-544.192703247,-188.766326904,0.36962890625,0.354330708661,0.133858267717,945077
-544.070480347,-189.013702393,0.31884765625,0.354330708661,0.133858267717,945082
-544.009368896,-189.343551636,0.2529296875,0.354330708661,0.133858267717,945087
-544.009368896,-189.838302612,0.1572265625,0.354330708661,0.133858267717,945092
-544.039932251,-190.443008423,0.0595703125,0.354330708661,0.133858267717,945097
-544.131591797,-191.102676392,0.0595703125,0.354330708661,0.133858267717,945102
0,0,0,0,0,0
-563.290130615,-302.780288696,0.171875,0.448818897638,0.40157480315,946128
-563.167907715,-302.807769775,0.19189453125,0.448818897638,0.417322834646,946133
-563.167907715,-302.807769775,0.19921875,0.448818897638,0.417322834646,946138
-563.167907715,-302.807769775,0.2060546875,0.464566929134,0.417322834646,946143
-563.259567261,-302.835266113,0.2333984375,0.464566929134,0.417322834646,946148
-563.259567261,-302.835266113,0.2568359375,0.464566929134,0.417322834646,946153
-563.351242065,-302.780288696,0.2724609375,0.464566929134,0.417322834646,946158
-563.351242065,-302.780288696,0.27880859375,0.464566929134,0.433070866142,946163
-563.381790161,-302.670349121,0.28564453125,0.48031496063,0.433070866142,946168
-563.473464966,-302.560394287,0.2880859375,0.464566929134,0.433070866142,946173
-563.656799316,-302.395477295,0.2890625,0.464566929134,0.433070866142,946179
-563.931793213,-302.065643311,0.2890625,0.464566929134,0.433070866142,946184
-564.329025269,-301.543395996,0.29638671875,0.464566929134,0.433070866142,946188
-564.787368774,-300.856231689,0.3017578125,0.464566929134,0.433070866142,946193
-565.398483276,-299.976669312,0.3115234375,0.464566929134,0.433070866142,946198
-566.040145874,-298.877212524,0.31640625,0.464566929134,0.433070866142,946204
-566.804046631,-297.585342407,0.328125,0.464566929134,0.433070866142,946208
-567.659606934,-296.07359314,0.3349609375,0.464566929134,0.448818897638,946214
-568.576293945,-294.396911621,0.34130859375,0.464566929134,0.448818897638,946219
-569.615188599,-292.55531311,0.3447265625,0.448818897638,0.433070866142,946224
-570.654083252,-290.548797607,0.35107421875,0.448818897638,0.433070866142,946229
-571.72354126,-288.377365112,0.35693359375,0.448818897638,0.433070866142,946234
-572.823547363,-286.041015625,0.36376953125,0.448818897638,0.433070866142,946239
-573.893005371,-283.567230225,0.3671875,0.433070866142,0.433070866142,946244
-574.931915283,-280.846069336,0.37451171875,0.433070866142,0.433070866142,946249
-576.001358032,-277.959991455,0.38134765625,0.433070866142,0.417322834646,946254
-577.07081604,-274.908996582,0.3876953125,0.433070866142,0.417322834646,946259
-578.079162598,-271.693069458,0.3896484375,0.433070866142,0.417322834646,946264
-579.056945801,-268.394683838,0.3955078125,0.433070866142,0.40157480315,946269
-579.973632812,-264.931396484,0.400390625,0.433070866142,0.40157480315,946274
-580.798629761,-261.220718384,0.40234375,0.433070866142,0.385826771654,946279
-581.562530518,-257.345123291,0.40185546875,0.433070866142,0.385826771654,946284
-582.326431274,-253.359573364,0.40576171875,0.433070866142,0.370078740157,946289
-582.937545776,-249.264099121,0.408203125,0.433070866142,0.370078740157,946294
-583.518112183,-245.086151123,0.4091796875,0.448818897638,0.354330708661,946299
-583.915328979,-240.770767212,0.4091796875,0.448818897638,0.338582677165,946304
-584.129226685,-236.400421143,0.4140625,0.448818897638,0.322834645669,946309
-584.251449585,-232.002578735,0.41650390625,0.448818897638,0.307086614173,946314
-584.129226685,-227.714691162,0.41796875,0.448818897638,0.291338582677,946319
-583.884780884,-223.701660156,0.41845703125,0.448818897638,0.275590551181,946324
-583.426437378,-220.018463135,0.42626953125,0.448818897638,0.275590551181,946329
-582.723648071,-216.637634277,0.431640625,0.448818897638,0.259842519685,946334
-581.837539673,-213.614120483,0.43359375,0.448818897638,0.244094488189,946339
-580.737518311,-210.810501099,0.43359375,0.433070866142,0.228346456693,946344
-579.454177856,-208.199279785,0.43798828125,0.433070866142,0.212598425197,946349
-578.018051147,-205.83543396,0.4404296875,0.433070866142,0.212598425197,946354
-576.459701538,-203.609039307,0.4423828125,0.433070866142,0.196850393701,946359
-574.870803833,-201.547546387,0.44140625,0.433070866142,0.196850393701,946364
-573.251342773,-199.650985718,0.4443359375,0.448818897638,0.181102362205,946369
-571.601318359,-197.919326782,0.44580078125,0.448818897638,0.181102362205,946374
-569.829086304,-196.380081177,0.4462890625,0.433070866142,0.165354330709,946380
-567.873504639,-195.033248901,0.44482421875,0.433070866142,0.165354330709,946384
-565.856811523,-193.933792114,0.44775390625,0.433070866142,0.149606299213,946389
-563.748458862,-193.081710815,0.44970703125,0.433070866142,0.149606299213,946394
-561.517883301,-192.477005005,0.44970703125,0.417322834646,0.149606299213,946399
-559.165084839,-192.119674683,0.44873046875,0.417322834646,0.133858267717,946404
-556.567840576,-191.95475769,0.45263671875,0.417322834646,0.133858267717,946409
-553.756698608,-192.037216187,0.45751953125,0.40157480315,0.133858267717,946415
-550.88444519,-192.312088013,0.458984375,0.40157480315,0.133858267717,946420
-547.920516968,-192.696899414,0.4599609375,0.40157480315,0.133858267717,946425
-544.987167358,-193.191650391,0.46484375,0.385826771654,0.133858267717,946430
-542.05380249,-193.686416626,0.46875,0.370078740157,0.133858267717,946434
-539.212097168,-194.208648682,0.466796875,0.370078740157,0.133858267717,946440
-536.46206665,-194.758377075,0.4638671875,0.354330708661,0.133858267717,946445
-533.803710938,-195.363082886,0.466796875,0.338582677165,0.133858267717,946450
-531.298126221,-196.022766113,0.46923828125,0.322834645669,0.133858267717,946455
-528.914779663,-196.737411499,0.46533203125,0.322834645669,0.133858267717,946460
-526.684188843,-197.507034302,0.46337890625,0.307086614173,0.133858267717,946465
-524.606399536,-198.276657104,0.462890625,0.307086614173,0.149606299213,946470
-522.650817871,-199.073760986,0.462890625,0.291338582677,0.149606299213,946475
-520.817474365,-199.870864868,0.45556640625,0.291338582677,0.149606299213,946480
-519.136901855,-200.640487671,0.44873046875,0.291338582677,0.149606299213,946485
-517.578552246,-201.327651978,0.44189453125,0.291338582677,0.149606299213,946490
-516.234085083,-201.959838867,0.43701171875,0.291338582677,0.149606299213,946495
-515.042404175,-202.482086182,0.42431640625,0.291338582677,0.149606299213,946500
-514.064620972,-202.921875,0.4111328125,0.291338582677,0.165354330709,946505
-513.270172119,-203.279190063,0.3955078125,0.291338582677,0.165354330709,946510
-512.628494263,-203.55406189,0.37939453125,0.291338582677,0.165354330709,946515
-512.261825562,-203.773956299,0.35009765625,0.291338582677,0.165354330709,946520
-512.139602661,-203.938873291,0.310546875,0.291338582677,0.165354330709,946525
-512.139602661,-204.131271362,0.25732421875,0.291338582677,0.165354330709,946530
-512.261825562,-204.378662109,0.1787109375,0.291338582677,0.165354330709,946535
-512.414611816,-204.653518677,0.0771484375,0.307086614173,0.165354330709,946540
-512.567382812,-205.065811157,0.0771484375,0.307086614173,0.165354330709,946545
0,0,0,0,0,0
-560.692871094,-308.964752197,0.171875,0.48031496063,0.417322834646,947556
-560.753982544,-308.882293701,0.181640625,0.48031496063,0.433070866142,947561
-560.845657349,-308.799835205,0.1826171875,0.48031496063,0.433070866142,947566
-560.967880249,-308.744857788,0.18408203125,0.48031496063,0.433070866142,947571
-561.059539795,-308.717376709,0.19775390625,0.48031496063,0.433070866142,947576
-561.1512146,-308.662399292,0.216796875,0.48031496063,0.433070866142,947581
-561.1512146,-308.662399292,0.2275390625,0.496062992126,0.433070866142,947586
-561.242874146,-308.552459717,0.2314453125,0.496062992126,0.448818897638,947591
-561.2734375,-308.442504883,0.2333984375,0.496062992126,0.448818897638,947596
-561.2734375,-308.442504883,0.23095703125,0.496062992126,0.448818897638,947601
-561.426223755,-308.222610474,0.23193359375,0.496062992126,0.448818897638,947606
-561.578994751,-307.892776489,0.2333984375,0.496062992126,0.448818897638,947611
-561.854003906,-307.425506592,0.23876953125,0.496062992126,0.448818897638,947617
-562.159561157,-306.738342285,0.2431640625,0.496062992126,0.448818897638,947621
-562.556777954,-305.831283569,0.25146484375,0.496062992126,0.448818897638,947626
-563.01512146,-304.786804199,0.26025390625,0.496062992126,0.448818897638,947631
-563.534576416,-303.549911499,0.2705078125,0.496062992126,0.448818897638,947636
-564.145690918,-302.148101807,0.275390625,0.496062992126,0.448818897638,947641
-564.787368774,-300.63633728,0.2880859375,0.48031496063,0.448818897638,947646
-565.459594727,-299.014648438,0.2958984375,0.48031496063,0.448818897638,947651
-566.223480225,-297.200531006,0.30615234375,0.48031496063,0.448818897638,947656
-567.017944336,-295.276473999,0.3125,0.48031496063,0.448818897638,947661
-567.842941284,-293.214996338,0.32373046875,0.464566929134,0.433070866142,947667
-568.698516846,-291.071044922,0.3330078125,0.464566929134,0.433070866142,947671
-569.462402344,-288.789672852,0.34423828125,0.464566929134,0.433070866142,947677
-570.226303101,-286.34336853,0.3505859375,0.448818897638,0.433070866142,947682
-570.929092407,-283.814605713,0.36376953125,0.448818897638,0.433070866142,947687
-571.601318359,-281.038482666,0.3701171875,0.448818897638,0.433070866142,947692
-572.151321411,-278.124908447,0.37841796875,0.448818897638,0.433070866142,947697
-572.609664917,-275.183853149,0.38134765625,0.433070866142,0.417322834646,947702
-572.976333618,-272.132858276,0.38916015625,0.433070866142,0.417322834646,947707
-573.220779419,-269.026870728,0.3955078125,0.433070866142,0.417322834646,947712
-573.40411377,-265.728500366,0.404296875,0.433070866142,0.40157480315,947717
-573.46522522,-262.182739258,0.40673828125,0.433070866142,0.40157480315,947722
-573.40411377,-258.417098999,0.41552734375,0.433070866142,0.40157480315,947727
-573.343002319,-254.431549072,0.42138671875,0.433070866142,0.385826771654,947732
-573.190231323,-250.446014404,0.4296875,0.433070866142,0.370078740157,947737
-572.915222168,-246.570419312,0.43408203125,0.433070866142,0.370078740157,947742
-572.609664917,-242.942199707,0.44384765625,0.433070866142,0.354330708661,947747
-572.151321411,-239.588851929,0.45458984375,0.433070866142,0.338582677165,947752
-571.631881714,-236.537841797,0.46533203125,0.433070866142,0.322834645669,947757
-571.051315308,-233.734222412,0.46435546875,0.433070866142,0.307086614173,947762
-570.348526001,-231.232955933,0.47119140625,0.433070866142,0.291338582677,947767
-569.584625244,-228.979064941,0.47705078125,0.433070866142,0.275590551181,947772
-568.667953491,-226.917572021,0.4833984375,0.433070866142,0.275590551181,947777
-567.629058838,-225.130950928,0.48193359375,0.433070866142,0.259842519685,947782
-566.43737793,-223.509246826,0.48779296875,0.433070866142,0.244094488189,947787
-565.154037476,-222.052474976,0.4921875,0.433070866142,0.244094488189,947792
-563.779022217,-220.760604858,0.4970703125,0.433070866142,0.228346456693,947797
-562.373443604,-219.523712158,0.49365234375,0.433070866142,0.228346456693,947802
-560.967880249,-218.45173645,0.498046875,0.433070866142,0.212598425197,947807
-559.65397644,-217.572174072,0.5009765625,0.433070866142,0.212598425197,947812
-558.370635986,-216.885009766,0.5048828125,0.433070866142,0.212598425197,947817
-557.178955078,-216.362762451,0.50146484375,0.433070866142,0.212598425197,947822
-556.04838562,-216.060409546,0.5048828125,0.433070866142,0.196850393701,947827
-554.978927612,-215.868011475,0.50634765625,0.417322834646,0.196850393701,947832
-553.940032959,-215.758056641,0.51123046875,0.417322834646,0.196850393701,947838
-552.840011597,-215.785552979,0.50830078125,0.417322834646,0.196850393701,947842
-551.678894043,-215.950469971,0.51220703125,0.417322834646,0.196850393701,947848
-550.395553589,-216.17036438,0.513671875,0.417322834646,0.196850393701,947852
-549.02053833,-216.527679443,0.51708984375,0.417322834646,0.196850393701,947858
-547.584411621,-217.022445679,0.51220703125,0.40157480315,0.196850393701,947863
-546.087173462,-217.489715576,0.51611328125,0.40157480315,0.196850393701,947868
-544.528823853,-218.066925049,0.5166015625,0.40157480315,0.196850393701,947873
-542.939910889,-218.616653442,0.51904296875,0.40157480315,0.196850393701,947878
-541.289901733,-219.166381836,0.513671875,0.385826771654,0.196850393701,947882
-539.639877319,-219.716110229,0.51611328125,0.385826771654,0.196850393701,947888
-538.112091064,-220.238357544,0.51611328125,0.370078740157,0.196850393701,947893
-536.614852905,-220.788085938,0.5185546875,0.354330708661,0.196850393701,947898
-535.239837646,-221.282852173,0.5126953125,0.354330708661,0.196850393701,947903
-533.956497192,-221.777603149,0.51611328125,0.338582677165,0.196850393701,947908
-532.73425293,-222.272354126,0.5166015625,0.338582677165,0.196850393701,947913
-531.664810181,-222.767120361,0.51904296875,0.322834645669,0.212598425197,947918
-530.625900269,-223.289352417,0.51025390625,0.322834645669,0.212598425197,947923
-529.678665161,-223.756637573,0.51123046875,0.307086614173,0.212598425197,947928
-528.823104858,-224.25138855,0.5078125,0.307086614173,0.212598425197,947933
-527.998092651,-224.773635864,0.5048828125,0.307086614173,0.212598425197,947938
-527.264755249,-225.240905762,0.49169921875,0.307086614173,0.212598425197,947943
-526.561965942,-225.680679321,0.48681640625,0.307086614173,0.212598425197,947948
-525.981414795,-226.038009644,0.47607421875,0.307086614173,0.212598425197,947953
-525.523071289,-226.285385132,0.4638671875,0.307086614173,0.212598425197,947958
-525.217514038,-226.505279541,0.43896484375,0.322834645669,0.212598425197,947963
-525.064743042,-226.642715454,0.4189453125,0.322834645669,0.212598425197,947968
-524.973068237,-226.697677612,0.392578125,0.322834645669,0.212598425197,947973
-524.973068237,-226.697677612,0.36376953125,0.322834645669,0.212598425197,947979
-525.064743042,-226.835113525,0.30419921875,0.322834645669,0.212598425197,947983
-525.186965942,-226.917572021,0.224609375,0.322834645669,0.212598425197,947988
-525.400848389,-227.027526855,0.1201171875,0.322834645669,0.212598425197,947993
-525.614746094,-227.219924927,0.00244140625,0.322834645669,0.212598425197,947999
0,0,0,0,0,0
-544.406600952,-296.843215942,0.18798828125,0.417322834646,0.370078740157,948898
-544.467712402,-296.925674438,0.18994140625,0.417322834646,0.370078740157,948903
-544.559371948,-296.953155518,0.19287109375,0.433070866142,0.370078740157,948908
-544.681594849,-297.063095093,0.19580078125,0.433070866142,0.370078740157,948913
-544.803817749,-297.145553589,0.21728515625,0.433070866142,0.385826771654,948919
-544.895492554,-297.200531006,0.23193359375,0.433070866142,0.385826771654,948924
-545.048278809,-297.228027344,0.24462890625,0.433070866142,0.385826771654,948929
-545.201049805,-297.255508423,0.251953125,0.433070866142,0.385826771654,948934
-545.41494751,-297.282989502,0.2587890625,0.448818897638,0.385826771654,948939
-545.628829956,-297.31048584,0.26171875,0.433070866142,0.385826771654,948944
-545.812164307,-297.31048584,0.27294921875,0.433070866142,0.385826771654,948949
-545.995498657,-297.337966919,0.28271484375,0.433070866142,0.385826771654,948954
-546.178833008,-297.337966919,0.28662109375,0.433070866142,0.40157480315,948959
-546.423278809,-297.282989502,0.2841796875,0.433070866142,0.40157480315,948964
-546.728851318,-297.228027344,0.28662109375,0.433070866142,0.40157480315,948969
-547.21774292,-297.008132935,0.287109375,0.433070866142,0.40157480315,948974
-547.798294067,-296.678283691,0.2880859375,0.433070866142,0.40157480315,948980
-548.531646729,-296.211013794,0.28564453125,0.433070866142,0.40157480315,948984
-549.448318481,-295.551345825,0.2890625,0.433070866142,0.40157480315,948989
-550.426101685,-294.781723022,0.29150390625,0.433070866142,0.40157480315,948994
-551.495559692,-293.902160645,0.29443359375,0.433070866142,0.417322834646,948999
-552.5650177,-292.885147095,0.29443359375,0.433070866142,0.417322834646,949004
-553.695587158,-291.730728149,0.2998046875,0.433070866142,0.417322834646,949009
-554.826156616,-290.411376953,0.302734375,0.417322834646,0.417322834646,949014
-555.956710815,-288.982070923,0.30810546875,0.417322834646,0.417322834646,949019
-557.087280273,-287.332885742,0.31103515625,0.417322834646,0.417322834646,949024
-558.187301636,-285.573745728,0.31982421875,0.417322834646,0.417322834646,949029
-559.256744385,-283.704666138,0.32666015625,0.417322834646,0.417322834646,949034
-560.326202393,-281.698150635,0.33447265625,0.40157480315,0.433070866142,949039
-561.3956604,-279.636672974,0.3388671875,0.40157480315,0.433070866142,949044
-562.373443604,-277.547698975,0.34716796875,0.40157480315,0.433070866142,949049
-563.412353516,-275.458724976,0.3525390625,0.40157480315,0.433070866142,949054
-564.359573364,-273.424713135,0.357421875,0.40157480315,0.417322834646,949059
-565.276260376,-271.280776978,0.36083984375,0.40157480315,0.417322834646,949064
-566.162368774,-269.054367065,0.3681640625,0.40157480315,0.417322834646,949069
-566.956832886,-266.580581665,0.37109375,0.40157480315,0.40157480315,949074
-567.690170288,-263.859420776,0.37451171875,0.417322834646,0.40157480315,949079
-568.392959595,-260.863388062,0.375,0.417322834646,0.40157480315,949084
-568.973510742,-257.537521362,0.38037109375,0.417322834646,0.385826771654,949089
-569.523513794,-253.991775513,0.3818359375,0.417322834646,0.385826771654,949094
-569.9818573,-250.281097412,0.38330078125,0.417322834646,0.370078740157,949099
-570.256866455,-246.570419312,0.3818359375,0.417322834646,0.354330708661,949104
-570.409637451,-242.88722229,0.3837890625,0.417322834646,0.338582677165,949109
-570.440200806,-239.286499023,0.38525390625,0.417322834646,0.338582677165,949114
-570.287414551,-235.823196411,0.3857421875,0.417322834646,0.322834645669,949119
-569.9818573,-232.442367554,0.3828125,0.417322834646,0.307086614173,949125
-569.554077148,-229.308898926,0.3857421875,0.417322834646,0.291338582677,949129
-569.004074097,-226.367843628,0.38623046875,0.417322834646,0.275590551181,949134
-568.331848145,-223.61920166,0.3876953125,0.417322834646,0.259842519685,949139
-567.598495483,-221.14541626,0.3857421875,0.417322834646,0.259842519685,949145
-566.834609985,-218.836547852,0.38916015625,0.417322834646,0.244094488189,949149
-565.979034424,-216.665115356,0.39013671875,0.417322834646,0.228346456693,949155
-565.092926025,-214.631118774,0.39306640625,0.417322834646,0.228346456693,949160
-564.115127563,-212.624603271,0.39111328125,0.417322834646,0.212598425197,949165
-562.984558105,-210.673065186,0.3955078125,0.417322834646,0.212598425197,949170
-561.731781006,-208.803985596,0.39697265625,0.417322834646,0.196850393701,949175
-560.265090942,-207.07232666,0.39892578125,0.417322834646,0.196850393701,949180
-558.615081787,-205.450622559,0.3974609375,0.40157480315,0.196850393701,949185
-556.842834473,-203.938873291,0.4013671875,0.40157480315,0.181102362205,949190
-554.917816162,-202.647003174,0.4013671875,0.40157480315,0.181102362205,949195
-552.901123047,-201.465087891,0.40185546875,0.40157480315,0.165354330709,949200
-550.82333374,-200.420593262,0.39990234375,0.40157480315,0.165354330709,949205
-548.745529175,-199.596008301,0.40234375,0.385826771654,0.165354330709,949210
-546.606628418,-198.908843994,0.40283203125,0.385826771654,0.149606299213,949215
-544.498260498,-198.38659668,0.40283203125,0.385826771654,0.149606299213,949220
-542.359359741,-198.029281616,0.40087890625,0.370078740157,0.149606299213,949225
-540.12878418,-197.809387207,0.40283203125,0.354330708661,0.149606299213,949230
-537.867645264,-197.809387207,0.4033203125,0.354330708661,0.149606299213,949235
-535.423171997,-198.029281616,0.4033203125,0.338582677165,0.149606299213,949240
-532.85647583,-198.441574097,0.40234375,0.322834645669,0.149606299213,949245
-530.167572021,-199.046279907,0.404296875,0.322834645669,0.133858267717,949251
-527.295318604,-199.760925293,0.40673828125,0.307086614173,0.133858267717,949255
-524.300842285,-200.613006592,0.40771484375,0.291338582677,0.133858267717,949261
-521.153579712,-201.520065308,0.40966796875,0.291338582677,0.133858267717,949265
-517.884109497,-202.372146606,0.41650390625,0.291338582677,0.149606299213,949270
-514.645187378,-203.224227905,0.4189453125,0.291338582677,0.149606299213,949275
-511.528488159,-203.938873291,0.4189453125,0.291338582677,0.149606299213,949280
-508.656234741,-204.516082764,0.41796875,0.275590551181,0.149606299213,949285
-506.089538574,-205.038330078,0.42041015625,0.275590551181,0.149606299213,949291
-503.797851562,-205.505599976,0.421875,0.275590551181,0.149606299213,949295
-501.781158447,-205.890411377,0.4208984375,0.275590551181,0.149606299213,949301
-499.978363037,-206.275222778,0.41943359375,0.275590551181,0.149606299213,949306
-498.358901978,-206.605056763,0.4208984375,0.275590551181,0.149606299213,949311
-496.922775269,-206.934906006,0.42236328125,0.275590551181,0.149606299213,949316
-495.700546265,-207.26473999,0.41943359375,0.275590551181,0.149606299213,949321
-494.631088257,-207.567092896,0.41357421875,0.275590551181,0.149606299213,949325
-493.744979858,-207.951904297,0.41015625,0.275590551181,0.149606299213,949331
-493.072738647,-208.226760864,0.40576171875,0.275590551181,0.149606299213,949336
-492.522735596,-208.50163269,0.39794921875,0.275590551181,0.149606299213,949341
-492.156066895,-208.666549683,0.3896484375,0.275590551181,0.149606299213,949346
-491.911621094,-208.749008179,0.384765625,0.275590551181,0.149606299213,949351
-491.789398193,-208.831466675,0.3798828125,0.275590551181,0.149606299213,949356
-491.789398193,-208.831466675,0.3720703125,0.275590551181,0.149606299213,949361
-491.789398193,-208.831466675,0.3603515625,0.275590551181,0.149606299213,949366
-491.789398193,-208.831466675,0.3330078125,0.275590551181,0.149606299213,949371
-492.00328064,-208.913925171,0.28125,0.275590551181,0.149606299213,949376
-492.217178345,-208.94140625,0.205078125,0.275590551181,0.149606299213,949381
-492.522735596,-208.996383667,0.125,0.275590551181,0.149606299213,949386
-492.828292847,-209.078842163,0.04443359375,0.275590551181,0.149606299213,949391
-493.164413452,-209.161300659,0.04443359375,0.275590551181,0.149606299213,949396
0,0,0,0,0,0
-537.592636108,-304.456970215,0.20947265625,0.338582677165,0.385826771654,950512
-537.714859009,-304.456970215,0.21337890625,0.338582677165,0.385826771654,950517
-537.867645264,-304.484451294,0.2109375,0.338582677165,0.40157480315,950522
-537.867645264,-304.484451294,0.21435546875,0.322834645669,0.40157480315,950527
-538.050979614,-304.484451294,0.22900390625,0.322834645669,0.40157480315,950532
-538.14263916,-304.456970215,0.2421875,0.322834645669,0.417322834646,950537
-538.295425415,-304.319534302,0.244140625,0.322834645669,0.417322834646,950542
-538.44821167,-304.15461731,0.24755859375,0.322834645669,0.417322834646,950548
-538.723205566,-303.852264404,0.25048828125,0.322834645669,0.417322834646,950552
-539.059326172,-303.357513428,0.25732421875,0.322834645669,0.417322834646,950557
-539.487106323,-302.670349121,0.259765625,0.322834645669,0.417322834646,950562
-539.975997925,-301.735809326,0.2646484375,0.307086614173,0.433070866142,950567
-540.526000977,-300.581375122,0.2705078125,0.307086614173,0.433070866142,950573
-541.198226929,-299.152069092,0.2802734375,0.307086614173,0.433070866142,950578
-541.99269104,-297.447906494,0.28515625,0.322834645669,0.417322834646,950583
-542.848251343,-295.551345825,0.29736328125,0.322834645669,0.417322834646,950588
-543.79548645,-293.462371826,0.3076171875,0.338582677165,0.417322834646,950593
-544.742706299,-291.235961914,0.3173828125,0.338582677165,0.417322834646,950598
-545.628829956,-288.899612427,0.322265625,0.354330708661,0.417322834646,950603
-546.514953613,-286.480804443,0.3310546875,0.370078740157,0.417322834646,950608
-547.370513916,-283.979537964,0.33837890625,0.370078740157,0.417322834646,950613
-548.134414673,-281.36831665,0.3466796875,0.385826771654,0.40157480315,950618
-548.867752075,-278.702133179,0.34765625,0.385826771654,0.40157480315,950623
-549.478866577,-275.980957031,0.35302734375,0.385826771654,0.40157480315,950628
-549.998321533,-273.204833984,0.35888671875,0.40157480315,0.40157480315,950633
-550.548324585,-270.373718262,0.36669921875,0.40157480315,0.40157480315,950638
-551.037216187,-267.405181885,0.3671875,0.40157480315,0.40157480315,950643
-551.495559692,-264.106796265,0.37353515625,0.40157480315,0.385826771654,950648
-551.953903198,-260.533554077,0.37841796875,0.40157480315,0.385826771654,950653
-552.351119995,-256.685440063,0.38330078125,0.40157480315,0.385826771654,950658
-552.748352051,-252.672424316,0.38232421875,0.40157480315,0.370078740157,950663
-553.145584106,-248.631896973,0.38671875,0.40157480315,0.370078740157,950668
-553.451141357,-244.646362305,0.39013671875,0.40157480315,0.354330708661,950673
-553.787246704,-240.715789795,0.39697265625,0.40157480315,0.338582677165,950678
-554.12336731,-236.840194702,0.39794921875,0.40157480315,0.322834645669,950683
-554.398361206,-233.019577026,0.40478515625,0.385826771654,0.307086614173,950689
-554.642807007,-229.281417847,0.41015625,0.385826771654,0.291338582677,950693
-554.765029907,-225.680679321,0.4169921875,0.385826771654,0.275590551181,950698
-554.795593262,-222.217391968,0.41650390625,0.385826771654,0.259842519685,950703
-554.642807007,-218.946487427,0.42333984375,0.385826771654,0.244094488189,950708
-554.398361206,-215.950469971,0.42578125,0.385826771654,0.228346456693,950713
-553.940032959,-213.091873169,0.43115234375,0.385826771654,0.212598425197,950719
-553.359466553,-210.425689697,0.4296875,0.385826771654,0.212598425197,950723
-552.717788696,-207.924407959,0.43505859375,0.385826771654,0.196850393701,950728
-551.984451294,-205.533081055,0.4375,0.385826771654,0.196850393701,950733
-551.251113892,-203.306686401,0.44189453125,0.385826771654,0.181102362205,950739
-550.456665039,-201.300170898,0.4375,0.385826771654,0.181102362205,950743
-549.601089478,-199.431091309,0.44140625,0.385826771654,0.165354330709,950748
-548.653869629,-197.75440979,0.44384765625,0.385826771654,0.165354330709,950753
-547.645523071,-196.242660522,0.44921875,0.385826771654,0.149606299213,950759
-546.514953613,-194.895812988,0.44482421875,0.385826771654,0.149606299213,950763
-545.262161255,-193.768875122,0.44873046875,0.370078740157,0.149606299213,950769
-543.887145996,-192.834335327,0.45263671875,0.370078740157,0.133858267717,950774
-542.359359741,-192.092193604,0.45703125,0.370078740157,0.133858267717,950779
-540.617675781,-191.54246521,0.4521484375,0.354330708661,0.11811023622,950784
-538.723205566,-191.212631226,0.4560546875,0.338582677165,0.11811023622,950789
-536.675964355,-191.047714233,0.4560546875,0.322834645669,0.11811023622,950794
-534.506500244,-191.020217896,0.46044921875,0.322834645669,0.11811023622,950799
-532.306472778,-191.102676392,0.455078125,0.307086614173,0.11811023622,950804
-530.137008667,-191.267593384,0.45947265625,0.307086614173,0.11811023622,950810
-527.875869751,-191.487487793,0.4609375,0.291338582677,0.11811023622,950814
-525.614746094,-191.762359619,0.46533203125,0.275590551181,0.11811023622,950820
-523.414718628,-192.037216187,0.4619140625,0.275590551181,0.102362204724,950824
-521.214691162,-192.339569092,0.4658203125,0.275590551181,0.102362204724,950829
-519.106338501,-192.614440918,0.46630859375,0.275590551181,0.102362204724,950834
-516.967437744,-192.944274902,0.47021484375,0.275590551181,0.102362204724,950840
-514.859069824,-193.301605225,0.46435546875,0.275590551181,0.102362204724,950844
-512.781280518,-193.686416626,0.4677734375,0.275590551181,0.11811023622,950850
-510.734039307,-194.208648682,0.46826171875,0.275590551181,0.11811023622,950853
-508.717346191,-194.758377075,0.4716796875,0.275590551181,0.11811023622,950860
-506.731216431,-195.335601807,0.46533203125,0.275590551181,0.11811023622,950864
-504.80619812,-195.995269775,0.46875,0.275590551181,0.11811023622,950869
-502.88117981,-196.654953003,0.46923828125,0.275590551181,0.11811023622,950874
-501.047821045,-197.287139893,0.47119140625,0.259842519685,0.11811023622,950880
-499.336700439,-197.891845703,0.46240234375,0.259842519685,0.11811023622,950884
-497.77835083,-198.441574097,0.46044921875,0.259842519685,0.11811023622,950889
-496.464447021,-198.936325073,0.45458984375,0.259842519685,0.133858267717,950894
-495.333877563,-199.348632812,0.4482421875,0.259842519685,0.133858267717,950900
-494.478317261,-199.678466797,0.42919921875,0.259842519685,0.133858267717,950904
-493.744979858,-199.870864868,0.41552734375,0.259842519685,0.133858267717,950910
-493.225524902,-200.035797119,0.392578125,0.259842519685,0.133858267717,950914
-492.919967651,-200.145736694,0.36669921875,0.259842519685,0.133858267717,950920
-492.736633301,-200.22819519,0.326171875,0.259842519685,0.133858267717,950924
-492.706069946,-200.338134766,0.2861328125,0.259842519685,0.133858267717,950930
-492.767181396,-200.475570679,0.23193359375,0.259842519685,0.133858267717,950934
-492.889404297,-200.667984009,0.1572265625,0.259842519685,0.133858267717,950940
-493.072738647,-200.997817993,0.0791015625,0.259842519685,0.133858267717,950944
-493.347747803,-201.437606812,0.0791015625,0.259842519685,0.133858267717,950950
0,0,0,0,0,0
-554.12336731,-294.919158936,0.185546875,0.385826771654,0.417322834646,952574
-554.153915405,-294.809204102,0.1982421875,0.385826771654,0.417322834646,952579
-554.153915405,-294.809204102,0.1962890625,0.385826771654,0.433070866142,952584
-554.215026855,-294.699264526,0.19775390625,0.40157480315,0.433070866142,952589
-554.215026855,-294.699264526,0.201171875,0.40157480315,0.433070866142,952594
-554.215026855,-294.699264526,0.21337890625,0.40157480315,0.433070866142,952599
-554.215026855,-294.699264526,0.21923828125,0.40157480315,0.433070866142,952604
-554.30670166,-294.561828613,0.22509765625,0.40157480315,0.448818897638,952609
-554.398361206,-294.451889038,0.22705078125,0.40157480315,0.448818897638,952614
-554.520584106,-294.231994629,0.23046875,0.40157480315,0.448818897638,952619
-554.795593262,-293.874664307,0.2294921875,0.40157480315,0.448818897638,952624
-555.101150513,-293.352432251,0.2314453125,0.40157480315,0.448818897638,952629
-555.620605469,-292.582809448,0.2333984375,0.40157480315,0.448818897638,952633
-556.292831421,-291.538314819,0.2392578125,0.40157480315,0.448818897638,952639
-557.056732178,-290.163986206,0.2392578125,0.40157480315,0.448818897638,952644
-558.003952026,-288.569778442,0.2451171875,0.40157480315,0.448818897638,952649
-558.981750488,-286.755661011,0.251953125,0.40157480315,0.448818897638,952654
-560.081756592,-284.749160767,0.26220703125,0.385826771654,0.448818897638,952659
-561.2734375,-282.550231934,0.2685546875,0.385826771654,0.448818897638,952664
-562.465118408,-280.213882446,0.28076171875,0.385826771654,0.448818897638,952669
-563.687347412,-277.740097046,0.28955078125,0.385826771654,0.448818897638,952674
-564.87902832,-275.211349487,0.30126953125,0.385826771654,0.448818897638,952679
-566.101257324,-272.627609253,0.30859375,0.385826771654,0.448818897638,952684
-567.292938232,-270.016387939,0.31982421875,0.385826771654,0.448818897638,952689
-568.545730591,-267.295227051,0.3291015625,0.385826771654,0.433070866142,952694
-569.798522949,-264.40914917,0.337890625,0.385826771654,0.433070866142,952699
-571.051315308,-261.358154297,0.33984375,0.385826771654,0.433070866142,952704
-572.365219116,-258.224685669,0.34765625,0.385826771654,0.417322834646,952709
-573.679122925,-254.981277466,0.3515625,0.40157480315,0.417322834646,952715
-575.023574829,-251.545471191,0.35888671875,0.40157480315,0.40157480315,952719
-576.306930542,-248.082168579,0.359375,0.40157480315,0.40157480315,952724
-577.529159546,-244.31652832,0.3662109375,0.40157480315,0.385826771654,952729
-578.629165649,-240.303497314,0.3701171875,0.40157480315,0.370078740157,952734
-579.545837402,-236.098068237,0.375,0.40157480315,0.354330708661,952739
-580.340301514,-231.755203247,0.37353515625,0.417322834646,0.338582677165,952745
-580.859741211,-227.412338257,0.37939453125,0.417322834646,0.338582677165,952750
-581.073638916,-223.261871338,0.3828125,0.417322834646,0.322834645669,952754
-580.951416016,-219.413757324,0.38671875,0.417322834646,0.307086614173,952760
-580.43196106,-215.840515137,0.38623046875,0.417322834646,0.291338582677,952765
-579.515289307,-212.597122192,0.390625,0.417322834646,0.291338582677,952770
-578.262496948,-209.573608398,0.3935546875,0.417322834646,0.275590551181,952775
-576.704147339,-206.687515259,0.39697265625,0.417322834646,0.259842519685,952780
-574.901351929,-203.938873291,0.39404296875,0.417322834646,0.259842519685,952785
-572.976333618,-201.382629395,0.396484375,0.417322834646,0.244094488189,952790
-570.959640503,-198.963821411,0.39794921875,0.417322834646,0.244094488189,952795
-568.973510742,-196.737411499,0.4013671875,0.417322834646,0.228346456693,952800
-566.956832886,-194.730895996,0.3974609375,0.417322834646,0.212598425197,952805
-564.940139771,-192.916793823,0.40234375,0.417322834646,0.212598425197,952810
-562.923446655,-191.322570801,0.40576171875,0.40157480315,0.196850393701,952815
-560.784545898,-190.003219604,0.4150390625,0.40157480315,0.196850393701,952820
-558.492858887,-188.903762817,0.42041015625,0.40157480315,0.181102362205,952825
-555.98727417,-187.996704102,0.42919921875,0.40157480315,0.181102362205,952830
-553.237243652,-187.337036133,0.43310546875,0.385826771654,0.165354330709,952835
-550.273330688,-186.869766235,0.43798828125,0.385826771654,0.165354330709,952840
-547.187179565,-186.622375488,0.43408203125,0.385826771654,0.149606299213,952845
-544.009368896,-186.539916992,0.43994140625,0.370078740157,0.149606299213,952850
-540.709335327,-186.649871826,0.43994140625,0.370078740157,0.149606299213,952855
-537.348190308,-186.869766235,0.44287109375,0.354330708661,0.149606299213,952860
-533.925933838,-187.19960022,0.4365234375,0.338582677165,0.149606299213,952865
-530.442565918,-187.584411621,0.4404296875,0.322834645669,0.149606299213,952870
-527.050872803,-187.969223022,0.439453125,0.322834645669,0.149606299213,952875
-523.842498779,-188.326538086,0.44189453125,0.307086614173,0.165354330709,952880
-520.878585815,-188.711349487,0.435546875,0.291338582677,0.165354330709,952885
-518.189666748,-189.096160889,0.43603515625,0.291338582677,0.165354330709,952890
-515.714645386,-189.48097229,0.43212890625,0.275590551181,0.165354330709,952895
-513.45350647,-189.920761108,0.4287109375,0.275590551181,0.165354330709,952900
-511.375701904,-190.333053589,0.4130859375,0.275590551181,0.165354330709,952905
-509.511795044,-190.772842407,0.4111328125,0.275590551181,0.165354330709,952910
-507.739562988,-191.212631226,0.40478515625,0.275590551181,0.165354330709,952915
-506.089538574,-191.652404785,0.3984375,0.275590551181,0.149606299213,952920
-504.561752319,-192.147171021,0.38525390625,0.275590551181,0.149606299213,952926
-503.06451416,-192.58694458,0.37841796875,0.275590551181,0.149606299213,952930
-501.689498901,-193.109191895,0.36767578125,0.275590551181,0.149606299213,952936
-500.406158447,-193.631439209,0.3544921875,0.275590551181,0.165354330709,952941
-499.275588989,-194.126190186,0.33251953125,0.259842519685,0.165354330709,952946
-498.297790527,-194.6484375,0.3125,0.259842519685,0.165354330709,952951
-497.564453125,-195.033248901,0.2880859375,0.259842519685,0.165354330709,952956
-496.983901978,-195.363082886,0.26611328125,0.259842519685,0.165354330709,952961
-496.617218018,-195.582977295,0.2314453125,0.259842519685,0.165354330709,952966
-496.464447021,-195.720413208,0.1904296875,0.259842519685,0.165354330709,952971
-496.464447021,-195.857849121,0.1591796875,0.259842519685,0.165354330709,952975
-496.678329468,-195.967788696,0.10400390625,0.259842519685,0.181102362205,952981
-497.045013428,-196.105224609,0.00439453125,0.259842519685,0.181102362205,952986
0,0,0,0,0,0
-570.409637451,-240.963165283,0.14599609375,0.354330708661,0.417322834646,954142
-570.440200806,-240.880706787,0.1484375,0.370078740157,0.417322834646,954147
-570.501312256,-240.743286133,0.1494140625,0.370078740157,0.417322834646,954157
-570.531860352,-240.633331299,0.15234375,0.385826771654,0.417322834646,954162
-570.562423706,-240.385955811,0.1630859375,0.385826771654,0.417322834646,954168
-570.623535156,-239.97366333,0.17578125,0.385826771654,0.417322834646,954173
-570.715194702,-239.36895752,0.18115234375,0.385826771654,0.417322834646,954178
-570.806869507,-238.571853638,0.18505859375,0.385826771654,0.417322834646,954183
-571.020751953,-237.49987793,0.18896484375,0.385826771654,0.417322834646,954187
-571.326324463,-236.208007812,0.19775390625,0.385826771654,0.417322834646,954192
-571.631881714,-234.641281128,0.20703125,0.370078740157,0.417322834646,954197
-572.059661865,-232.827178955,0.21533203125,0.370078740157,0.417322834646,954202
-572.517990112,-230.848144531,0.22265625,0.370078740157,0.417322834646,954208
-573.006896973,-228.676712036,0.22998046875,0.370078740157,0.417322834646,954213
-573.52633667,-226.367843628,0.23876953125,0.370078740157,0.417322834646,954218
-573.984680176,-223.894058228,0.24951171875,0.370078740157,0.40157480315,954223
-574.443008423,-221.310333252,0.2587890625,0.370078740157,0.40157480315,954228
-574.901351929,-218.699111938,0.2705078125,0.370078740157,0.40157480315,954233
-575.32913208,-216.087905884,0.28564453125,0.370078740157,0.40157480315,954238
-575.787475586,-213.504165649,0.298828125,0.370078740157,0.385826771654,954243
-576.245803833,-210.865463257,0.31005859375,0.385826771654,0.385826771654,954248
-576.673599243,-208.199279785,0.32275390625,0.385826771654,0.385826771654,954253
-577.101379395,-205.505599976,0.3349609375,0.385826771654,0.370078740157,954258
-577.559707642,-202.784439087,0.3388671875,0.385826771654,0.370078740157,954263
-578.048614502,-200.063278198,0.3427734375,0.40157480315,0.354330708661,954268
-578.568054199,-197.259658813,0.3466796875,0.40157480315,0.354330708661,954273
-579.087509155,-194.401062012,0.353515625,0.40157480315,0.338582677165,954277
-579.576400757,-191.487487793,0.35302734375,0.417322834646,0.338582677165,954283
-579.943069458,-188.573928833,0.35400390625,0.417322834646,0.322834645669,954288
-580.187515259,-185.687835693,0.35498046875,0.417322834646,0.322834645669,954292
-580.309738159,-182.856735229,0.35888671875,0.40157480315,0.307086614173,954298
-580.309738159,-180.108078003,0.357421875,0.40157480315,0.307086614173,954303
-580.187515259,-177.441894531,0.35791015625,0.40157480315,0.291338582677,954308
-579.973632812,-174.913131714,0.36181640625,0.40157480315,0.291338582677,954313
-579.637512207,-172.49432373,0.3681640625,0.385826771654,0.291338582677,954318
-579.148620605,-170.185455322,0.369140625,0.385826771654,0.275590551181,954323
-578.659729004,-168.096496582,0.37158203125,0.385826771654,0.275590551181,954329
-578.109725952,-166.172439575,0.37646484375,0.385826771654,0.275590551181,954333
-577.559707642,-164.44078064,0.384765625,0.385826771654,0.275590551181,954339
-577.00970459,-162.901535034,0.3857421875,0.385826771654,0.259842519685,954343
-576.337478638,-161.554702759,0.388671875,0.385826771654,0.259842519685,954349
-575.665252686,-160.427764893,0.39208984375,0.385826771654,0.259842519685,954353
-574.931915283,-159.493225098,0.396484375,0.385826771654,0.259842519685,954358
-574.137451172,-158.751083374,0.39599609375,0.385826771654,0.244094488189,954363
-573.312454224,-158.173873901,0.39794921875,0.385826771654,0.244094488189,954369
-572.365219116,-157.7890625,0.40087890625,0.385826771654,0.244094488189,954373
-571.295761108,-157.541671753,0.40625,0.385826771654,0.244094488189,954379
-570.073532104,-157.486709595,0.40576171875,0.385826771654,0.244094488189,954384
-568.667953491,-157.486709595,0.4072265625,0.385826771654,0.228346456693,954389
-567.140167236,-157.624130249,0.4091796875,0.385826771654,0.228346456693,954394
-565.367919922,-157.899002075,0.4140625,0.385826771654,0.228346456693,954399
-563.442901611,-158.256332397,0.4140625,0.385826771654,0.228346456693,954404
-561.3956604,-158.696105957,0.4150390625,0.385826771654,0.228346456693,954409
-559.256744385,-159.135894775,0.41650390625,0.385826771654,0.228346456693,954414
-557.117843628,-159.575683594,0.421875,0.370078740157,0.228346456693,954419
-554.978927612,-160.042953491,0.41943359375,0.370078740157,0.228346456693,954424
-552.931686401,-160.510223389,0.42138671875,0.370078740157,0.228346456693,954428
-551.006668091,-161.032455444,0.42138671875,0.370078740157,0.228346456693,954434
-549.14276123,-161.499725342,0.42529296875,0.354330708661,0.228346456693,954439
-547.492736816,-161.966995239,0.42138671875,0.354330708661,0.228346456693,954444
-545.903839111,-162.461761475,0.4228515625,0.354330708661,0.228346456693,954448
-544.467712402,-162.901535034,0.4228515625,0.354330708661,0.228346456693,954454
-543.184356689,-163.423782349,0.42626953125,0.338582677165,0.228346456693,954459
-542.023239136,-163.946029663,0.42041015625,0.338582677165,0.228346456693,954463
-541.045455933,-164.385818481,0.41845703125,0.322834645669,0.228346456693,954469
-540.18989563,-164.825592041,0.41357421875,0.322834645669,0.228346456693,954474
-539.517654419,-165.210403442,0.41015625,0.307086614173,0.228346456693,954479
-538.967651367,-165.540252686,0.40087890625,0.307086614173,0.228346456693,954484
-538.50932312,-165.760131836,0.39453125,0.291338582677,0.228346456693,954489
-538.20375061,-165.925048828,0.3876953125,0.291338582677,0.228346456693,954494
-538.02041626,-166.007522583,0.3828125,0.291338582677,0.228346456693,954498
-537.928756714,-166.035003662,0.37060546875,0.275590551181,0.228346456693,954504
-537.928756714,-166.035003662,0.3623046875,0.275590551181,0.228346456693,954509
-537.928756714,-166.035003662,0.3447265625,0.275590551181,0.228346456693,954514
-537.928756714,-166.035003662,0.31884765625,0.275590551181,0.228346456693,954518
-537.928756714,-166.035003662,0.291015625,0.275590551181,0.228346456693,954524
-537.928756714,-166.035003662,0.2587890625,0.275590551181,0.228346456693,954529
-538.112091064,-165.897567749,0.208984375,0.275590551181,0.244094488189,954534
-538.38710022,-165.787628174,0.138671875,0.275590551181,0.228346456693,954539
-538.723205566,-165.595214844,0.0654296875,0.275590551181,0.228346456693,954544
-539.150985718,-165.320358276,0.0654296875,0.275590551181,0.228346456693,954549
0,0,0,0,0,0
-548.012191772,-262.924880981,0.15673828125,0.370078740157,0.464566929134,955610
-548.012191772,-262.924880981,0.1591796875,0.370078740157,0.464566929134,955616
-548.226089478,-262.952362061,0.1611328125,0.370078740157,0.464566929134,955620
-548.409423828,-262.952362061,0.158203125,0.370078740157,0.48031496063,955625
-548.592758179,-262.952362061,0.17041015625,0.370078740157,0.48031496063,955631
-548.684417725,-262.952362061,0.18310546875,0.370078740157,0.48031496063,955636
-548.867752075,-262.952362061,0.19189453125,0.370078740157,0.48031496063,955641
-548.989974976,-262.897384644,0.19482421875,0.370078740157,0.48031496063,955646
-549.203872681,-262.869903564,0.203125,0.370078740157,0.48031496063,955651
-549.478866577,-262.759963989,0.20654296875,0.370078740157,0.48031496063,955656
-549.784423828,-262.595046997,0.21240234375,0.370078740157,0.48031496063,955661
-550.120544434,-262.402633667,0.21435546875,0.370078740157,0.48031496063,955666
-550.548324585,-262.072799683,0.2197265625,0.370078740157,0.48031496063,955671
-551.067779541,-261.578033447,0.2236328125,0.370078740157,0.48031496063,955676
-551.648345947,-260.945846558,0.23095703125,0.385826771654,0.48031496063,955681
-552.38168335,-260.121261597,0.2353515625,0.385826771654,0.48031496063,955686
-553.206695557,-259.131744385,0.244140625,0.385826771654,0.48031496063,955691
-554.153915405,-257.977310181,0.2509765625,0.385826771654,0.48031496063,955696
-555.223373413,-256.630477905,0.2578125,0.385826771654,0.48031496063,955701
-556.353942871,-255.036254883,0.259765625,0.385826771654,0.48031496063,955706
-557.606735229,-253.304611206,0.26904296875,0.385826771654,0.48031496063,955710
-558.890075684,-251.380554199,0.27783203125,0.370078740157,0.48031496063,955715
-560.265090942,-249.346557617,0.2900390625,0.370078740157,0.48031496063,955720
-561.670669556,-247.175125122,0.294921875,0.370078740157,0.48031496063,955725
-563.106796265,-244.838760376,0.3046875,0.370078740157,0.464566929134,955730
-564.604019165,-242.282516479,0.3125,0.370078740157,0.464566929134,955735
-566.101257324,-239.533874512,0.32421875,0.385826771654,0.448818897638,955740
-567.629058838,-236.620300293,0.330078125,0.385826771654,0.448818897638,955745
-569.126296997,-233.596786499,0.34130859375,0.385826771654,0.433070866142,955750
-570.592971802,-230.518310547,0.349609375,0.385826771654,0.433070866142,955755
-572.090209961,-227.329879761,0.3603515625,0.385826771654,0.417322834646,955760
-573.556900024,-223.976516724,0.36669921875,0.385826771654,0.417322834646,955765
-574.901351929,-220.51322937,0.3779296875,0.385826771654,0.40157480315,955770
-576.123580933,-216.967468262,0.38427734375,0.385826771654,0.385826771654,955776
-577.162490845,-213.311767578,0.39111328125,0.385826771654,0.385826771654,955781
-577.987503052,-209.463653564,0.3896484375,0.40157480315,0.370078740157,955786
-578.6902771,-205.368164062,0.3955078125,0.40157480315,0.370078740157,955791
-579.331954956,-201.080276489,0.39892578125,0.40157480315,0.354330708661,955797
-579.759735107,-196.737411499,0.4013671875,0.40157480315,0.354330708661,955801
-580.065292358,-192.449523926,0.3974609375,0.40157480315,0.338582677165,955807
-580.095855713,-188.518951416,0.400390625,0.417322834646,0.322834645669,955811
-579.790298462,-184.945709229,0.39990234375,0.417322834646,0.322834645669,955817
-579.179168701,-181.757278442,0.40087890625,0.417322834646,0.307086614173,955821
-578.231948853,-179.008621216,0.39697265625,0.417322834646,0.291338582677,955826
-577.00970459,-176.534835815,0.3994140625,0.417322834646,0.291338582677,955831
-575.543029785,-174.308441162,0.39990234375,0.40157480315,0.275590551181,955837
-573.801345825,-172.274429321,0.40185546875,0.40157480315,0.259842519685,955841
-571.876327515,-170.350387573,0.3984375,0.40157480315,0.259842519685,955847
-569.706863403,-168.591247559,0.404296875,0.385826771654,0.244094488189,955852
-567.415161133,-166.91456604,0.4052734375,0.385826771654,0.244094488189,955857
-565.062362671,-165.430297852,0.4072265625,0.385826771654,0.244094488189,955861
-562.770675659,-164.083465576,0.404296875,0.370078740157,0.244094488189,955867
-560.601211548,-162.874053955,0.40966796875,0.370078740157,0.228346456693,955872
-558.553970337,-161.884536743,0.41259765625,0.370078740157,0.228346456693,955876
-556.598388672,-161.087432861,0.416015625,0.370078740157,0.228346456693,955882
-554.734481812,-160.400268555,0.416015625,0.370078740157,0.228346456693,955886
-552.931686401,-159.960494995,0.4208984375,0.354330708661,0.212598425197,955892
-551.159439087,-159.630645752,0.421875,0.354330708661,0.212598425197,955897
-549.448318481,-159.438247681,0.423828125,0.354330708661,0.212598425197,955902
-547.737182617,-159.438247681,0.42138671875,0.354330708661,0.212598425197,955907
-546.056610107,-159.575683594,0.42431640625,0.354330708661,0.212598425197,955912
-544.376037598,-159.850540161,0.42529296875,0.354330708661,0.212598425197,955918
-542.726028442,-160.125411987,0.4267578125,0.338582677165,0.212598425197,955922
-541.076004028,-160.427764893,0.42236328125,0.338582677165,0.196850393701,955927
-539.395431519,-160.70262146,0.42578125,0.338582677165,0.196850393701,955932
-537.684310913,-160.977493286,0.42578125,0.322834645669,0.196850393701,955938
-536.003738403,-161.279846191,0.42626953125,0.307086614173,0.196850393701,955942
-534.414825439,-161.609680176,0.4228515625,0.307086614173,0.196850393701,955947
-532.948150635,-161.884536743,0.42578125,0.291338582677,0.196850393701,955952
-531.695358276,-162.13192749,0.42529296875,0.291338582677,0.196850393701,955957
-530.717575073,-162.379302979,0.42578125,0.291338582677,0.196850393701,955962
-529.953674316,-162.489242554,0.4189453125,0.275590551181,0.196850393701,955966
-529.495330811,-162.599197388,0.4140625,0.275590551181,0.196850393701,955972
-529.18977356,-162.626678467,0.40087890625,0.275590551181,0.196850393701,955978
-529.067550659,-162.709136963,0.3837890625,0.275590551181,0.196850393701,955983
-529.067550659,-162.709136963,0.35498046875,0.275590551181,0.196850393701,955988
-528.975891113,-162.901535034,0.31591796875,0.275590551181,0.196850393701,955992
-528.853668213,-163.066467285,0.25830078125,0.275590551181,0.196850393701,955998
-528.761993408,-163.313842773,0.17724609375,0.275590551181,0.196850393701,956002
-528.670333862,-163.643676758,0.091796875,0.275590551181,0.196850393701,956008
-528.578659058,-163.973510742,0.091796875,0.275590551181,0.196850393701,956012
0,0,0,0,0,0
