x,y,p,xt,yt,time
0,0,0,0,0,0
-549.264984131,-268.889450073,0.2060546875,0.212598425197,0.637795275591,1243575
-549.387207031,-269.081848145,0.20166015625,0.212598425197,0.653543307087,1243580
-549.509429932,-269.191802979,0.1953125,0.212598425197,0.653543307087,1243585
-549.784423828,-269.38420105,0.2001953125,0.212598425197,0.653543307087,1243589
-550.089996338,-269.521636963,0.2119140625,0.212598425197,0.653543307087,1243595
-550.395553589,-269.631576538,0.22509765625,0.212598425197,0.653543307087,1243600
-550.76222229,-269.79649353,0.2373046875,0.212598425197,0.669291338583,1243605
-551.128890991,-269.906448364,0.24560546875,0.212598425197,0.669291338583,1243610
-551.556671143,-269.961425781,0.25634765625,0.212598425197,0.669291338583,1243614
-552.015014648,-270.071365356,0.26806640625,0.212598425197,0.669291338583,1243620
-552.595565796,-270.126342773,0.28076171875,0.212598425197,0.669291338583,1243625
-553.206695557,-270.181304932,0.2890625,0.212598425197,0.669291338583,1243630
-553.817810059,-270.236282349,0.30322265625,0.212598425197,0.685039370079,1243636
-554.520584106,-270.20880127,0.31787109375,0.212598425197,0.685039370079,1243640
-555.223373413,-270.098846436,0.33203125,0.212598425197,0.685039370079,1243646
-555.98727417,-269.961425781,0.3388671875,0.212598425197,0.685039370079,1243651
-556.873397827,-269.741531372,0.34765625,0.212598425197,0.685039370079,1243656
-557.91229248,-269.466659546,0.3544921875,0.212598425197,0.685039370079,1243659
-559.073410034,-269.136825562,0.36181640625,0.212598425197,0.685039370079,1243665
-560.326202393,-268.697036743,0.365234375,0.212598425197,0.685039370079,1243670
-561.762329102,-268.14730835,0.3701171875,0.212598425197,0.685039370079,1243676
-563.229019165,-267.487640381,0.37255859375,0.212598425197,0.685039370079,1243681
-564.787368774,-266.69052124,0.37451171875,0.212598425197,0.685039370079,1243685
-566.376266479,-265.701019287,0.373046875,0.212598425197,0.685039370079,1243690
-567.995727539,-264.601547241,0.3740234375,0.212598425197,0.685039370079,1243696
-569.554077148,-263.309692383,0.37548828125,0.212598425197,0.685039370079,1243701
-571.142974854,-261.90788269,0.37646484375,0.212598425197,0.685039370079,1243705
-572.762435913,-260.396118164,0.37548828125,0.212598425197,0.669291338583,1243711
-574.290237427,-258.719451904,0.37744140625,0.212598425197,0.669291338583,1243716
-575.818023682,-256.987792969,0.37841796875,0.212598425197,0.669291338583,1243720
-577.254150391,-255.201171875,0.3818359375,0.212598425197,0.669291338583,1243725
-578.659729004,-253.249633789,0.37939453125,0.228346456693,0.653543307087,1243731
-580.034744263,-251.243118286,0.38232421875,0.228346456693,0.653543307087,1243736
-581.379196167,-249.071685791,0.3837890625,0.212598425197,0.653543307087,1243740
-582.601425171,-246.762817383,0.39013671875,0.212598425197,0.653543307087,1243745
-583.793106079,-244.289031982,0.39013671875,0.212598425197,0.653543307087,1243750
-584.801452637,-241.622848511,0.396484375,0.212598425197,0.653543307087,1243755
-585.626464844,-238.764251709,0.40185546875,0.212598425197,0.637795275591,1243760
-586.2681427,-235.713256836,0.40771484375,0.196850393701,0.637795275591,1243765
-586.695922852,-232.634765625,0.41015625,0.196850393701,0.622047244094,1243770
-586.909805298,-229.501312256,0.41552734375,0.196850393701,0.622047244094,1243775
-586.909805298,-226.505279541,0.41796875,0.196850393701,0.606299212598,1243780
-586.726470947,-223.591705322,0.42138671875,0.196850393701,0.606299212598,1243785
-586.359802246,-220.870544434,0.4228515625,0.196850393701,0.590551181102,1243790
-585.748687744,-218.286819458,0.42919921875,0.196850393701,0.574803149606,1243795
-584.984786987,-215.840515137,0.435546875,0.196850393701,0.574803149606,1243800
-584.03755188,-213.531661987,0.44189453125,0.212598425197,0.55905511811,1243805
-582.845870972,-211.277770996,0.44580078125,0.212598425197,0.55905511811,1243810
-581.501419067,-209.13381958,0.45751953125,0.212598425197,0.543307086614,1243815
-579.973632812,-207.127304077,0.466796875,0.212598425197,0.543307086614,1243820
-578.262496948,-205.258224487,0.4765625,0.212598425197,0.527559055118,1243825
-576.398590088,-203.55406189,0.48388671875,0.212598425197,0.527559055118,1243830
-574.443008423,-202.014816284,0.4921875,0.212598425197,0.511811023622,1243835
-572.426330566,-200.613006592,0.50146484375,0.228346456693,0.511811023622,1243840
-570.348526001,-199.431091309,0.50927734375,0.228346456693,0.511811023622,1243845
-568.17906189,-198.38659668,0.51220703125,0.228346456693,0.496062992126,1243850
-565.917922974,-197.589492798,0.515625,0.228346456693,0.496062992126,1243855
-563.565124512,-197.039764404,0.51806640625,0.228346456693,0.48031496063,1243860
-561.059539795,-196.682434082,0.52099609375,0.228346456693,0.48031496063,1243865
-558.584518433,-196.627471924,0.52001953125,0.228346456693,0.464566929134,1243870
-556.04838562,-196.764892578,0.5224609375,0.228346456693,0.464566929134,1243876
-553.451141357,-197.094741821,0.52294921875,0.228346456693,0.464566929134,1243881
-550.945556641,-197.616973877,0.5244140625,0.228346456693,0.464566929134,1243886
-548.439971924,-198.304138184,0.52001953125,0.212598425197,0.464566929134,1243891
-546.026062012,-199.156219482,0.52001953125,0.212598425197,0.464566929134,1243896
-543.734375,-200.173217773,0.51806640625,0.212598425197,0.448818897638,1243901
-541.564910889,-201.355148315,0.51611328125,0.196850393701,0.448818897638,1243906
-539.487106323,-202.72946167,0.50927734375,0.196850393701,0.448818897638,1243911
-537.531524658,-204.296188354,0.50537109375,0.181102362205,0.448818897638,1243916
-535.667617798,-206.082824707,0.49658203125,0.181102362205,0.448818897638,1243921
-533.864822388,-208.034362793,0.48828125,0.165354330709,0.464566929134,1243926
-532.184249878,-210.17829895,0.47900390625,0.165354330709,0.464566929134,1243931
-530.595352173,-212.432189941,0.47509765625,0.149606299213,0.464566929134,1243936
-529.067550659,-214.905975342,0.4697265625,0.149606299213,0.464566929134,1243941
-527.63142395,-217.682113647,0.46337890625,0.133858267717,0.464566929134,1243946
-526.195297241,-220.623168945,0.45361328125,0.133858267717,0.48031496063,1243951
-524.759170532,-223.674163818,0.4501953125,0.133858267717,0.48031496063,1243956
-523.323043823,-226.615219116,0.44677734375,0.133858267717,0.48031496063,1243961
-522.009155273,-229.391357422,0.44482421875,0.11811023622,0.496062992126,1243967
-520.756362915,-231.975097656,0.44140625,0.11811023622,0.496062992126,1243971
-519.625793457,-234.39390564,0.4423828125,0.11811023622,0.496062992126,1243976
-518.67855835,-236.67527771,0.44287109375,0.11811023622,0.496062992126,1243981
-517.792434692,-238.791732788,0.44287109375,0.11811023622,0.511811023622,1243986
-517.089660645,-240.825744629,0.44189453125,0.11811023622,0.511811023622,1243991
-516.539642334,-242.832260132,0.44384765625,0.11811023622,0.511811023622,1243997
-516.142425537,-244.75630188,0.4443359375,0.11811023622,0.511811023622,1244001
-515.928527832,-246.680358887,0.44580078125,0.11811023622,0.527559055118,1244007
-515.867416382,-248.521957397,0.4443359375,0.11811023622,0.527559055118,1244012
-515.959091187,-250.281097412,0.44580078125,0.11811023622,0.527559055118,1244017
-516.172973633,-251.957763672,0.4482421875,0.11811023622,0.543307086614,1244021
-516.447982788,-253.524505615,0.44970703125,0.102362204724,0.543307086614,1244027
-516.845214844,-254.926315308,0.44970703125,0.102362204724,0.55905511811,1244032
-517.364654541,-256.190689087,0.45068359375,0.102362204724,0.55905511811,1244037
-517.945220947,-257.345123291,0.45166015625,0.102362204724,0.574803149606,1244042
-518.617446899,-258.362121582,0.45068359375,0.102362204724,0.574803149606,1244047
-519.411895752,-259.379119873,0.44873046875,0.102362204724,0.574803149606,1244052
-520.236907959,-260.286178589,0.44970703125,0.102362204724,0.590551181102,1244057
-521.184143066,-261.165740967,0.44921875,0.102362204724,0.590551181102,1244062
-522.192489624,-261.90788269,0.44775390625,0.102362204724,0.590551181102,1244067
-523.231384277,-262.512573242,0.4453125,0.102362204724,0.606299212598,1244072
-524.331390381,-263.007339478,0.4453125,0.102362204724,0.606299212598,1244077
-525.400848389,-263.309692383,0.44482421875,0.102362204724,0.606299212598,1244082
-526.439743042,-263.502090454,0.4443359375,0.102362204724,0.606299212598,1244087
-527.5703125,-263.58454895,0.44140625,0.102362204724,0.606299212598,1244092
-528.700881958,-263.529586792,0.4423828125,0.102362204724,0.606299212598,1244097
-529.953674316,-263.364654541,0.4423828125,0.102362204724,0.606299212598,1244102
-531.298126221,-263.062316895,0.44189453125,0.102362204724,0.606299212598,1244107
-532.764816284,-262.567550659,0.44091796875,0.102362204724,0.606299212598,1244112
-534.323165894,-261.93536377,0.4423828125,0.102362204724,0.622047244094,1244117
-536.003738403,-261.11076355,0.44189453125,0.102362204724,0.622047244094,1244122
-537.684310913,-260.121261597,0.44287109375,0.102362204724,0.622047244094,1244127
-539.395431519,-259.076766968,0.44189453125,0.102362204724,0.622047244094,1244132
-541.106567383,-257.867370605,0.44384765625,0.102362204724,0.606299212598,1244137
-542.756576538,-256.602981567,0.4443359375,0.11811023622,0.606299212598,1244142
-544.376037598,-255.256149292,0.4443359375,0.133858267717,0.606299212598,1244147
-545.873275757,-253.909301758,0.44287109375,0.133858267717,0.606299212598,1244153
-547.27885437,-252.617446899,0.44384765625,0.149606299213,0.606299212598,1244157
-548.592758179,-251.325576782,0.4443359375,0.165354330709,0.606299212598,1244163
-549.662200928,-250.088684082,0.443359375,0.165354330709,0.606299212598,1244168
-550.578887939,-248.906768799,0.43896484375,0.181102362205,0.590551181102,1244173
-551.281661987,-247.724853516,0.41259765625,0.181102362205,0.590551181102,1244177
-551.831680298,-246.625396729,0.37890625,0.181102362205,0.590551181102,1244182
-552.228897095,-245.470962524,0.33740234375,0.196850393701,0.574803149606,1244187
-552.534454346,-244.234069824,0.28369140625,0.196850393701,0.574803149606,1244192
-552.809463501,-242.942199707,0.21044921875,0.196850393701,0.574803149606,1244197
-552.992797852,-241.567871094,0.115234375,0.196850393701,0.55905511811,1244202
-553.176132202,-240.166061401,0.115234375,0.181102362205,0.55905511811,1244207
0,0,0,0,0,0
-538.631546021,-267.570098877,0.2724609375,0.133858267717,0.669291338583,1245580
-538.937103271,-267.817474365,0.27294921875,0.133858267717,0.669291338583,1245585
-539.334320068,-268.037368774,0.2705078125,0.133858267717,0.669291338583,1245590
-539.76210022,-268.33972168,0.2734375,0.133858267717,0.685039370079,1245595
-540.31211853,-268.55960083,0.2822265625,0.133858267717,0.685039370079,1245600
-540.862121582,-268.724533081,0.29931640625,0.133858267717,0.685039370079,1245606
-541.442672729,-268.916931152,0.30712890625,0.133858267717,0.700787401575,1245610
-542.05380249,-269.026870728,0.31591796875,0.133858267717,0.700787401575,1245615
-542.695465088,-269.109344482,0.3203125,0.149606299213,0.700787401575,1245620
-543.367706299,-269.109344482,0.32470703125,0.149606299213,0.700787401575,1245626
-544.131591797,-268.999389648,0.3232421875,0.165354330709,0.700787401575,1245631
-545.048278809,-268.724533081,0.32568359375,0.165354330709,0.700787401575,1245636
-546.209396362,-268.257263184,0.32763671875,0.181102362205,0.700787401575,1245641
-547.645523071,-267.542602539,0.33154296875,0.181102362205,0.700787401575,1245646
-549.356643677,-266.553100586,0.33740234375,0.181102362205,0.700787401575,1245652
-551.281661987,-265.288711548,0.34619140625,0.196850393701,0.700787401575,1245656
-553.390029907,-263.77696228,0.35205078125,0.196850393701,0.700787401575,1245661
-555.651153564,-261.962844849,0.3564453125,0.196850393701,0.716535433071,1245666
-557.91229248,-260.011306763,0.35791015625,0.196850393701,0.716535433071,1245671
-560.112319946,-257.922332764,0.36083984375,0.196850393701,0.700787401575,1245676
-562.128997803,-255.668441772,0.3662109375,0.196850393701,0.700787401575,1245681
-563.931793213,-253.387069702,0.37109375,0.196850393701,0.700787401575,1245686
-565.520706177,-251.023223877,0.37255859375,0.196850393701,0.700787401575,1245691
-566.865158081,-248.68687439,0.376953125,0.212598425197,0.685039370079,1245696
-568.026290894,-246.158111572,0.3828125,0.212598425197,0.685039370079,1245701
-569.034622192,-243.436950684,0.38623046875,0.212598425197,0.669291338583,1245706
-569.798522949,-240.468414307,0.388671875,0.212598425197,0.669291338583,1245711
-570.470748901,-237.197525024,0.3935546875,0.212598425197,0.653543307087,1245716
-570.929092407,-233.789199829,0.39697265625,0.196850393701,0.653543307087,1245721
-571.265197754,-230.243438721,0.40185546875,0.196850393701,0.637795275591,1245726
-571.448547363,-226.752655029,0.4052734375,0.196850393701,0.637795275591,1245731
-571.417984009,-223.399307251,0.4091796875,0.196850393701,0.622047244094,1245736
-571.173538208,-220.32081604,0.41357421875,0.196850393701,0.606299212598,1245741
-570.654083252,-217.517196655,0.41845703125,0.196850393701,0.606299212598,1245746
-569.829086304,-214.93347168,0.42333984375,0.196850393701,0.590551181102,1245751
-568.698516846,-212.487167358,0.43408203125,0.196850393701,0.590551181102,1245756
-567.292938232,-210.150817871,0.443359375,0.196850393701,0.590551181102,1245761
-565.581817627,-207.951904297,0.4501953125,0.196850393701,0.574803149606,1245767
-563.595687866,-205.890411377,0.45458984375,0.196850393701,0.574803149606,1245771
-561.33454895,-204.048812866,0.4677734375,0.196850393701,0.55905511811,1245776
-558.920639038,-202.399627686,0.4814453125,0.196850393701,0.55905511811,1245781
-556.292831421,-200.942840576,0.49169921875,0.196850393701,0.543307086614,1245786
-553.634475708,-199.733444214,0.49755859375,0.196850393701,0.543307086614,1245791
-550.914993286,-198.798904419,0.50830078125,0.196850393701,0.527559055118,1245796
-548.164962769,-198.111740112,0.515625,0.196850393701,0.511811023622,1245801
-545.41494751,-197.726928711,0.5224609375,0.196850393701,0.511811023622,1245806
-542.664916992,-197.589492798,0.52685546875,0.181102362205,0.511811023622,1245811
-539.853775024,-197.644470215,0.5322265625,0.181102362205,0.496062992126,1245816
-536.920410156,-197.94682312,0.53564453125,0.181102362205,0.496062992126,1245822
-533.956497192,-198.38659668,0.53662109375,0.165354330709,0.496062992126,1245826
-530.962020874,-199.018783569,0.53564453125,0.165354330709,0.496062992126,1245831
-528.028656006,-199.81590271,0.5380859375,0.149606299213,0.496062992126,1245836
-525.248077393,-200.722946167,0.5380859375,0.133858267717,0.496062992126,1245841
-522.559158325,-201.877380371,0.5390625,0.133858267717,0.496062992126,1245846
-519.992462158,-203.196731567,0.537109375,0.11811023622,0.496062992126,1245852
-517.547988892,-204.735977173,0.53564453125,0.11811023622,0.496062992126,1245857
-515.225753784,-206.46762085,0.53271484375,0.102362204724,0.496062992126,1245862
-513.147949219,-208.364196777,0.5283203125,0.102362204724,0.496062992126,1245866
-511.192367554,-210.453170776,0.5244140625,0.102362204724,0.496062992126,1245872
-509.420135498,-212.707061768,0.51806640625,0.102362204724,0.496062992126,1245877
-507.770111084,-215.098388672,0.5107421875,0.102362204724,0.496062992126,1245882
-506.211761475,-217.819549561,0.50048828125,0.102362204724,0.496062992126,1245887
-504.74508667,-220.760604858,0.4931640625,0.0866141732283,0.496062992126,1245892
-503.400619507,-223.839096069,0.490234375,0.0866141732283,0.511811023622,1245897
-502.086730957,-227.055007935,0.4833984375,0.0866141732283,0.511811023622,1245902
-500.925598145,-230.160980225,0.47802734375,0.0866141732283,0.511811023622,1245907
-499.886703491,-233.184494019,0.46826171875,0.0866141732283,0.527559055118,1245912
-499.031143188,-236.015609741,0.46337890625,0.0708661417323,0.527559055118,1245917
-498.450576782,-238.681793213,0.462890625,0.0708661417323,0.527559055118,1245922
-498.114456177,-241.128097534,0.46142578125,0.0708661417323,0.543307086614,1245927
-498.022796631,-243.299530029,0.45849609375,0.0708661417323,0.543307086614,1245932
-498.206130981,-245.306030273,0.4560546875,0.0708661417323,0.543307086614,1245937
-498.511688232,-247.147628784,0.4560546875,0.0708661417323,0.543307086614,1245942
-499.061691284,-248.851791382,0.4541015625,0.0551181102362,0.55905511811,1245947
-499.733917236,-250.5284729,0.451171875,0.0551181102362,0.55905511811,1245952
-500.558929443,-252.150177002,0.44970703125,0.0551181102362,0.55905511811,1245957
-501.475601196,-253.744384766,0.4443359375,0.0551181102362,0.574803149606,1245962
-502.514511108,-255.393585205,0.44091796875,0.0551181102362,0.574803149606,1245968
-503.614517212,-256.987792969,0.435546875,0.0551181102362,0.590551181102,1245972
-504.80619812,-258.554519653,0.427734375,0.0551181102362,0.590551181102,1245977
-506.089538574,-260.06628418,0.42333984375,0.0551181102362,0.606299212598,1245982
-507.403442383,-261.413116455,0.4189453125,0.0551181102362,0.606299212598,1245987
-508.870132446,-262.622528076,0.4169921875,0.0551181102362,0.622047244094,1245992
-510.397918701,-263.58454895,0.416015625,0.0551181102362,0.622047244094,1245997
-511.986831665,-264.244232178,0.41552734375,0.0551181102362,0.622047244094,1246003
-513.759063721,-264.601547241,0.412109375,0.0551181102362,0.637795275591,1246008
-515.714645386,-264.519088745,0.41064453125,0.0708661417323,0.637795275591,1246013
-517.975769043,-264.024337769,0.41259765625,0.0708661417323,0.637795275591,1246017
-520.573028564,-263.144775391,0.41650390625,0.0708661417323,0.637795275591,1246023
-523.475830078,-261.825424194,0.4228515625,0.0708661417323,0.637795275591,1246028
-526.623077393,-260.258682251,0.431640625,0.0708661417323,0.637795275591,1246033
-530.045349121,-258.444580078,0.443359375,0.0708661417323,0.637795275591,1246038
-533.589828491,-256.520523071,0.45556640625,0.0708661417323,0.637795275591,1246043
-537.134307861,-254.623962402,0.46337890625,0.0708661417323,0.637795275591,1246048
-540.495452881,-252.754882812,0.46630859375,0.0866141732283,0.637795275591,1246053
-543.551040649,-250.968261719,0.46923828125,0.0866141732283,0.622047244094,1246058
-546.209396362,-249.346557617,0.4716796875,0.102362204724,0.622047244094,1246063
-548.470535278,-247.807312012,0.4697265625,0.11811023622,0.622047244094,1246068
-550.303878784,-246.323043823,0.46875,0.133858267717,0.606299212598,1246073
-551.801116943,-244.94871521,0.46826171875,0.149606299213,0.606299212598,1246078
-552.962234497,-243.491928101,0.46923828125,0.149606299213,0.606299212598,1246083
-553.848358154,-242.090118408,0.4638671875,0.165354330709,0.590551181102,1246088
-554.551147461,-240.578369141,0.44873046875,0.165354330709,0.590551181102,1246093
-555.101150513,-238.984146118,0.42724609375,0.181102362205,0.574803149606,1246098
-555.467819214,-237.362442017,0.40283203125,0.181102362205,0.574803149606,1246103
-555.651153564,-235.713256836,0.37158203125,0.181102362205,0.574803149606,1246108
-555.742828369,-234.009094238,0.333984375,0.165354330709,0.55905511811,1246113
-555.651153564,-232.359893799,0.28173828125,0.165354330709,0.55905511811,1246118
-555.498382568,-230.710708618,0.22119140625,0.165354330709,0.55905511811,1246124
-555.284484863,-229.116500854,0.14599609375,0.165354330709,0.55905511811,1246128
-554.978927612,-227.632232666,0.076171875,0.165354330709,0.55905511811,1246134
-554.642807007,-226.285385132,0.076171875,0.165354330709,0.55905511811,1246138
0,0,0,0,0,0
-530.625900269,-279.444259644,0.19287109375,0.149606299213,0.685039370079,1247385
-530.656463623,-279.93901062,0.19140625,0.149606299213,0.700787401575,1247390
-530.839797974,-280.406295776,0.193359375,0.149606299213,0.700787401575,1247395
-531.145355225,-280.983505249,0.19921875,0.149606299213,0.700787401575,1247400
-531.512023926,-281.423294067,0.21875,0.149606299213,0.716535433071,1247405
-531.909255981,-281.808105469,0.23095703125,0.149606299213,0.716535433071,1247410
-532.428695679,-282.220397949,0.2451171875,0.133858267717,0.716535433071,1247415
-532.97869873,-282.577728271,0.25146484375,0.133858267717,0.716535433071,1247420
-533.620376587,-282.962524414,0.2568359375,0.133858267717,0.716535433071,1247425
-534.292602539,-283.264877319,0.2646484375,0.133858267717,0.732283464567,1247430
-534.903717041,-283.457290649,0.271484375,0.133858267717,0.732283464567,1247435
-535.545394897,-283.484771729,0.275390625,0.133858267717,0.732283464567,1247440
-536.187072754,-283.374832153,0.27783203125,0.133858267717,0.732283464567,1247445
-536.889862061,-282.990020752,0.2783203125,0.133858267717,0.732283464567,1247450
-537.806533813,-282.330337524,0.28515625,0.133858267717,0.732283464567,1247455
-538.967651367,-281.395797729,0.2939453125,0.133858267717,0.732283464567,1247460
-540.31211853,-280.103942871,0.30517578125,0.133858267717,0.732283464567,1247466
-541.839904785,-278.564697266,0.3125,0.149606299213,0.732283464567,1247471
-543.551040649,-276.888015747,0.3212890625,0.165354330709,0.732283464567,1247476
-545.292724609,-275.128875732,0.326171875,0.165354330709,0.748031496063,1247481
-547.09552002,-273.28729248,0.32958984375,0.181102362205,0.748031496063,1247486
-548.867752075,-271.418197632,0.330078125,0.196850393701,0.732283464567,1247491
-550.487213135,-269.329223633,0.33740234375,0.196850393701,0.732283464567,1247496
-551.923339844,-267.047851562,0.34765625,0.212598425197,0.732283464567,1247501
-553.206695557,-264.574066162,0.35302734375,0.212598425197,0.732283464567,1247506
-554.215026855,-261.93536377,0.35791015625,0.212598425197,0.732283464567,1247511
-555.070602417,-259.186721802,0.3701171875,0.228346456693,0.716535433071,1247516
-555.742828369,-256.328125,0.380859375,0.228346456693,0.716535433071,1247521
-556.262268066,-253.387069702,0.396484375,0.228346456693,0.716535433071,1247526
-556.567840576,-250.391036987,0.408203125,0.228346456693,0.700787401575,1247531
-556.720611572,-247.285064697,0.41796875,0.228346456693,0.700787401575,1247536
-556.720611572,-244.096633911,0.42626953125,0.228346456693,0.685039370079,1247541
-556.506729126,-240.798248291,0.43310546875,0.212598425197,0.685039370079,1247546
-556.140045166,-237.444900513,0.435546875,0.212598425197,0.669291338583,1247551
-555.559494019,-234.20149231,0.439453125,0.212598425197,0.653543307087,1247556
-554.856704712,-231.06803894,0.44287109375,0.212598425197,0.653543307087,1247561
-553.909469604,-228.264419556,0.44482421875,0.212598425197,0.637795275591,1247567
-552.778900146,-225.763137817,0.44482421875,0.196850393701,0.622047244094,1247571
-551.434448242,-223.536743164,0.44873046875,0.196850393701,0.622047244094,1247576
-549.784423828,-221.612686157,0.45263671875,0.196850393701,0.606299212598,1247581
-547.889968872,-219.990982056,0.4580078125,0.196850393701,0.606299212598,1247586
-545.720504761,-218.616653442,0.462890625,0.196850393701,0.590551181102,1247591
-543.184356689,-217.599655151,0.47021484375,0.196850393701,0.590551181102,1247596
-540.464889526,-216.885009766,0.4755859375,0.196850393701,0.590551181102,1247601
-537.531524658,-216.472717285,0.47900390625,0.196850393701,0.574803149606,1247606
-534.506500244,-216.362762451,0.4794921875,0.196850393701,0.574803149606,1247611
-531.481460571,-216.472717285,0.48193359375,0.181102362205,0.574803149606,1247616
-528.486999512,-216.885009766,0.48486328125,0.181102362205,0.574803149606,1247621
-525.553634644,-217.544677734,0.484375,0.181102362205,0.574803149606,1247626
-522.711929321,-218.424255371,0.484375,0.165354330709,0.55905511811,1247632
-519.961898804,-219.551193237,0.48583984375,0.165354330709,0.55905511811,1247636
-517.334106445,-220.843063354,0.4873046875,0.165354330709,0.55905511811,1247641
-514.797958374,-222.327331543,0.48828125,0.149606299213,0.55905511811,1247646
-512.384048462,-223.949035645,0.48681640625,0.149606299213,0.55905511811,1247652
-510.09236145,-225.708175659,0.48681640625,0.149606299213,0.55905511811,1247656
-507.892333984,-227.714691162,0.4853515625,0.149606299213,0.55905511811,1247662
-505.875656128,-229.913604736,0.4814453125,0.149606299213,0.55905511811,1247666
-503.920074463,-232.277435303,0.4755859375,0.149606299213,0.55905511811,1247672
-502.025619507,-234.80619812,0.470703125,0.149606299213,0.55905511811,1247676
-500.222808838,-237.472381592,0.46484375,0.133858267717,0.55905511811,1247682
-498.511688232,-240.276016235,0.45751953125,0.133858267717,0.55905511811,1247687
-496.953338623,-243.024658203,0.44873046875,0.133858267717,0.55905511811,1247692
-495.517211914,-245.828277588,0.4443359375,0.133858267717,0.55905511811,1247697
-494.203308105,-248.576934814,0.439453125,0.133858267717,0.55905511811,1247702
-493.042190552,-251.188140869,0.435546875,0.133858267717,0.55905511811,1247707
-492.033843994,-253.744384766,0.43115234375,0.11811023622,0.574803149606,1247712
-491.269943237,-256.13571167,0.4306640625,0.11811023622,0.574803149606,1247717
-490.781051636,-258.362121582,0.43212890625,0.11811023622,0.590551181102,1247722
-490.536605835,-260.47857666,0.4296875,0.11811023622,0.606299212598,1247727
-490.658828735,-262.457611084,0.42919921875,0.11811023622,0.606299212598,1247732
-491.086608887,-264.354171753,0.43017578125,0.11811023622,0.622047244094,1247737
-491.789398193,-266.195770264,0.43115234375,0.102362204724,0.637795275591,1247742
-492.828292847,-268.009872437,0.42919921875,0.102362204724,0.637795275591,1247747
-494.019973755,-269.741531372,0.427734375,0.102362204724,0.653543307087,1247752
-495.364440918,-271.418197632,0.427734375,0.102362204724,0.653543307087,1247757
-496.861663818,-273.012420654,0.42822265625,0.102362204724,0.669291338583,1247762
-498.450576782,-274.386749268,0.42529296875,0.102362204724,0.669291338583,1247767
-500.161697388,-275.541183472,0.42333984375,0.102362204724,0.669291338583,1247772
-501.964508057,-276.448226929,0.42138671875,0.102362204724,0.685039370079,1247777
-503.920074463,-277.052932739,0.42236328125,0.102362204724,0.685039370079,1247782
-506.058990479,-277.327804565,0.41943359375,0.102362204724,0.685039370079,1247787
-508.472900391,-277.245346069,0.41796875,0.102362204724,0.685039370079,1247792
-511.161819458,-276.778076172,0.41943359375,0.102362204724,0.685039370079,1247797
-514.156295776,-275.925994873,0.42236328125,0.102362204724,0.700787401575,1247802
-517.364654541,-274.744064331,0.42529296875,0.102362204724,0.700787401575,1247807
-520.695251465,-273.204833984,0.4306640625,0.11811023622,0.700787401575,1247813
-524.178619385,-271.44569397,0.4375,0.11811023622,0.700787401575,1247817
-527.50920105,-269.521636963,0.4453125,0.11811023622,0.685039370079,1247823
-530.595352173,-267.460144043,0.44580078125,0.11811023622,0.685039370079,1247827
-533.406494141,-265.508605957,0.4462890625,0.11811023622,0.685039370079,1247833
-535.759292603,-263.58454895,0.44677734375,0.133858267717,0.685039370079,1247837
-537.745422363,-261.742965698,0.44873046875,0.133858267717,0.685039370079,1247843
-539.334320068,-260.038803101,0.447265625,0.133858267717,0.669291338583,1247848
-540.556564331,-258.362121582,0.4453125,0.149606299213,0.669291338583,1247853
-541.50378418,-256.850357056,0.4326171875,0.165354330709,0.669291338583,1247858
-542.206573486,-255.393585205,0.41455078125,0.165354330709,0.669291338583,1247863
-542.634353638,-253.964279175,0.384765625,0.181102362205,0.653543307087,1247868
-542.909362793,-252.644927979,0.3525390625,0.181102362205,0.653543307087,1247873
-543.031585693,-251.270599365,0.31396484375,0.196850393701,0.653543307087,1247878
-543.031585693,-249.868789673,0.27099609375,0.196850393701,0.653543307087,1247883
-542.909362793,-248.549438477,0.21533203125,0.196850393701,0.653543307087,1247888
-542.695465088,-247.257583618,0.14990234375,0.212598425197,0.653543307087,1247893
-542.359359741,-245.99319458,0.09619140625,0.212598425197,0.653543307087,1247898
-541.93157959,-244.838760376,0.09619140625,0.212598425197,0.637795275591,1247903
0,0,0,0,0,0
-525.736968994,-275.183853149,0.16650390625,0.165354330709,0.653543307087,1248959
-525.798080444,-275.458724976,0.16845703125,0.149606299213,0.669291338583,1248964
-525.981414795,-275.761077881,0.16748046875,0.149606299213,0.669291338583,1248969
-526.256408691,-276.090911865,0.16845703125,0.149606299213,0.669291338583,1248974
-526.500854492,-276.393264771,0.189453125,0.149606299213,0.685039370079,1248979
-526.867538452,-276.640640259,0.20654296875,0.149606299213,0.685039370079,1248984
-527.234207153,-276.888015747,0.208984375,0.149606299213,0.685039370079,1248989
-527.5703125,-277.080429077,0.2119140625,0.149606299213,0.685039370079,1248994
-528.028656006,-277.162887573,0.212890625,0.133858267717,0.685039370079,1248999
-528.548110962,-277.162887573,0.21484375,0.133858267717,0.700787401575,1249004
-529.18977356,-276.942993164,0.21435546875,0.133858267717,0.700787401575,1249009
-530.014785767,-276.640640259,0.220703125,0.133858267717,0.700787401575,1249014
-530.962020874,-276.145889282,0.2255859375,0.133858267717,0.700787401575,1249019
-532.062026978,-275.513687134,0.23046875,0.133858267717,0.700787401575,1249024
-533.284255981,-274.744064331,0.23388671875,0.133858267717,0.700787401575,1249029
-534.628723145,-273.782043457,0.23876953125,0.133858267717,0.700787401575,1249034
-536.064849854,-272.600128174,0.244140625,0.133858267717,0.700787401575,1249039
-537.653747559,-271.170822144,0.25,0.133858267717,0.700787401575,1249044
-539.303771973,-269.494155884,0.25439453125,0.133858267717,0.700787401575,1249049
-540.984344482,-267.570098877,0.26513671875,0.149606299213,0.700787401575,1249055
-542.664916992,-265.371170044,0.27783203125,0.149606299213,0.685039370079,1249059
-544.223266602,-262.97984314,0.2958984375,0.165354330709,0.685039370079,1249065
-545.659393311,-260.341140747,0.30908203125,0.181102362205,0.685039370079,1249070
-546.881622314,-257.5650177,0.326171875,0.181102362205,0.685039370079,1249075
-547.951080322,-254.706420898,0.337890625,0.196850393701,0.669291338583,1249080
-548.837203979,-251.765365601,0.35302734375,0.196850393701,0.669291338583,1249085
-549.509429932,-248.769332886,0.36328125,0.212598425197,0.669291338583,1249089
-549.998321533,-245.690841675,0.37841796875,0.212598425197,0.653543307087,1249095
-550.273330688,-242.44744873,0.39208984375,0.212598425197,0.637795275591,1249099
-550.364990234,-239.121582031,0.40576171875,0.228346456693,0.637795275591,1249105
-550.181655884,-235.658279419,0.41357421875,0.228346456693,0.622047244094,1249109
-549.814987183,-232.194976807,0.42578125,0.212598425197,0.622047244094,1249115
-549.234420776,-228.786651611,0.4345703125,0.212598425197,0.606299212598,1249120
-548.501083374,-225.543258667,0.44482421875,0.212598425197,0.606299212598,1249125
-547.553848267,-222.519744873,0.45068359375,0.212598425197,0.590551181102,1249130
-546.423278809,-219.798568726,0.46044921875,0.212598425197,0.574803149606,1249135
-545.078826904,-217.434738159,0.46630859375,0.212598425197,0.574803149606,1249140
-543.489929199,-215.428222656,0.47216796875,0.212598425197,0.55905511811,1249145
-541.748245239,-213.724060059,0.4736328125,0.196850393701,0.55905511811,1249150
-539.76210022,-212.23979187,0.484375,0.196850393701,0.55905511811,1249155
-537.684310913,-210.947921753,0.4912109375,0.196850393701,0.543307086614,1249160
-535.392623901,-209.820983887,0.49755859375,0.181102362205,0.543307086614,1249166
-533.009262085,-208.94140625,0.498046875,0.181102362205,0.543307086614,1249170
-530.534240723,-208.336715698,0.50439453125,0.181102362205,0.527559055118,1249175
-527.998092651,-207.951904297,0.50830078125,0.165354330709,0.527559055118,1249180
-525.523071289,-207.869445801,0.51123046875,0.165354330709,0.511811023622,1249185
-523.017486572,-208.034362793,0.509765625,0.149606299213,0.511811023622,1249190
-520.54246521,-208.391677856,0.51318359375,0.149606299213,0.511811023622,1249195
-518.189666748,-208.996383667,0.5146484375,0.149606299213,0.511811023622,1249200
-515.959091187,-209.793487549,0.5166015625,0.149606299213,0.511811023622,1249205
-513.881286621,-210.783004761,0.51513671875,0.149606299213,0.511811023622,1249210
-511.864608765,-212.074874878,0.51611328125,0.149606299213,0.511811023622,1249215
-509.97013855,-213.586624146,0.51318359375,0.149606299213,0.511811023622,1249220
-508.106231689,-215.400741577,0.51025390625,0.149606299213,0.511811023622,1249225
-506.303436279,-217.572174072,0.501953125,0.133858267717,0.511811023622,1249230
-504.592300415,-220.018463135,0.49951171875,0.133858267717,0.511811023622,1249235
-502.88117981,-222.739624023,0.4931640625,0.133858267717,0.511811023622,1249240
-501.26171875,-225.680679321,0.48779296875,0.133858267717,0.511811023622,1249245
-499.733917236,-228.704193115,0.4794921875,0.133858267717,0.511811023622,1249250
-498.206130981,-231.755203247,0.474609375,0.133858267717,0.527559055118,1249255
-496.708892822,-234.751220703,0.46923828125,0.133858267717,0.527559055118,1249260
-495.303314209,-237.774734497,0.46533203125,0.11811023622,0.527559055118,1249265
-493.928314209,-240.715789795,0.45654296875,0.11811023622,0.527559055118,1249270
-492.706069946,-243.629364014,0.45361328125,0.11811023622,0.543307086614,1249276
-491.606063843,-246.460464478,0.4501953125,0.11811023622,0.543307086614,1249280
-490.68939209,-249.154144287,0.44384765625,0.11811023622,0.543307086614,1249286
-489.894927979,-251.710388184,0.43994140625,0.11811023622,0.55905511811,1249291
-489.314376831,-254.019256592,0.4404296875,0.102362204724,0.55905511811,1249296
-488.94770813,-256.190689087,0.4404296875,0.102362204724,0.574803149606,1249301
-488.764373779,-258.252166748,0.43994140625,0.102362204724,0.574803149606,1249306
-488.70324707,-260.203720093,0.4375,0.102362204724,0.590551181102,1249311
-488.856033325,-262.155258179,0.4384765625,0.102362204724,0.606299212598,1249316
-489.161590576,-264.106796265,0.4384765625,0.102362204724,0.606299212598,1249321
-489.589370728,-266.030853271,0.43896484375,0.0866141732283,0.622047244094,1249326
-490.200485229,-267.899932861,0.4365234375,0.0866141732283,0.622047244094,1249331
-490.81161499,-269.741531372,0.4375,0.0866141732283,0.637795275591,1249336
-491.575500488,-271.418197632,0.4375,0.0866141732283,0.637795275591,1249341
-492.43107605,-272.957443237,0.43798828125,0.0866141732283,0.653543307087,1249346
-493.408859253,-274.331771851,0.435546875,0.0866141732283,0.653543307087,1249351
-494.478317261,-275.458724976,0.43603515625,0.0866141732283,0.653543307087,1249356
-495.639434814,-276.393264771,0.435546875,0.0866141732283,0.669291338583,1249361
-496.983901978,-277.02545166,0.4326171875,0.0866141732283,0.669291338583,1249367
-498.542236328,-277.355285645,0.4296875,0.0866141732283,0.669291338583,1249371
-500.436706543,-277.300308228,0.4296875,0.0866141732283,0.669291338583,1249376
-502.636734009,-276.970474243,0.42822265625,0.0866141732283,0.685039370079,1249381
-505.203414917,-276.338287354,0.42822265625,0.0866141732283,0.685039370079,1249386
-508.197891235,-275.431228638,0.42626953125,0.0866141732283,0.685039370079,1249391
-511.497924805,-274.386749268,0.42822265625,0.0866141732283,0.685039370079,1249396
-515.042404175,-273.067398071,0.43115234375,0.0866141732283,0.685039370079,1249401
-518.770233154,-271.583114624,0.43505859375,0.0866141732283,0.685039370079,1249406
-522.40637207,-269.961425781,0.4365234375,0.0866141732283,0.685039370079,1249411
-525.88973999,-268.257263184,0.4423828125,0.102362204724,0.685039370079,1249416
-529.067550659,-266.47064209,0.4462890625,0.102362204724,0.685039370079,1249421
-531.787033081,-264.793960571,0.447265625,0.102362204724,0.669291338583,1249426
-534.048156738,-263.117279053,0.44677734375,0.11811023622,0.669291338583,1249431
-535.912063599,-261.468093872,0.44775390625,0.11811023622,0.669291338583,1249436
-537.409301758,-259.956329346,0.44873046875,0.11811023622,0.669291338583,1249442
-538.662094116,-258.417098999,0.4482421875,0.11811023622,0.669291338583,1249446
-539.731552124,-256.932815552,0.44677734375,0.133858267717,0.653543307087,1249452
-540.648223877,-255.585983276,0.44775390625,0.133858267717,0.653543307087,1249457
-541.381561279,-254.211654663,0.44677734375,0.149606299213,0.653543307087,1249462
-541.901016235,-253.002258301,0.431640625,0.149606299213,0.637795275591,1249467
-542.237136841,-251.79284668,0.40771484375,0.165354330709,0.637795275591,1249472
-542.420471191,-250.583450317,0.38134765625,0.181102362205,0.637795275591,1249477
-542.389907837,-249.429016113,0.35986328125,0.181102362205,0.622047244094,1249482
-542.298248291,-248.192123413,0.32568359375,0.196850393701,0.622047244094,1249487
-542.05380249,-247.037689209,0.2822265625,0.196850393701,0.622047244094,1249492
-541.748245239,-245.883255005,0.23828125,0.212598425197,0.606299212598,1249497
-541.473236084,-244.783798218,0.18310546875,0.212598425197,0.606299212598,1249502
-541.076004028,-243.794281006,0.12939453125,0.212598425197,0.590551181102,1249507
-540.770446777,-242.832260132,0.07421875,0.212598425197,0.590551181102,1249512
-540.434341431,-242.007659912,0.07421875,0.212598425197,0.574803149606,1249517
0,0,0,0,0,0
-515.042404175,-271.555633545,0.20361328125,0.149606299213,0.669291338583,1250507
-515.25630188,-272.187835693,0.1904296875,0.149606299213,0.669291338583,1250512
-515.592422485,-272.820022583,0.18798828125,0.149606299213,0.685039370079,1250517
-516.020202637,-273.452209473,0.1884765625,0.149606299213,0.685039370079,1250522
-516.478530884,-274.029418945,0.19091796875,0.133858267717,0.685039370079,1250527
-517.05909729,-274.579147339,0.19921875,0.133858267717,0.700787401575,1250533
-517.761886597,-275.018936157,0.20166015625,0.133858267717,0.700787401575,1250537
-518.525787354,-275.403747559,0.20556640625,0.133858267717,0.700787401575,1250543
-519.350784302,-275.706100464,0.21044921875,0.133858267717,0.716535433071,1250547
-520.236907959,-275.871017456,0.2158203125,0.133858267717,0.716535433071,1250553
-521.184143066,-276.008453369,0.220703125,0.133858267717,0.716535433071,1250558
-522.253601074,-275.980957031,0.22705078125,0.133858267717,0.716535433071,1250563
-523.445281982,-275.816040039,0.2314453125,0.133858267717,0.716535433071,1250568
-524.789733887,-275.513687134,0.23779296875,0.133858267717,0.716535433071,1250573
-526.286972046,-274.991455078,0.24462890625,0.133858267717,0.716535433071,1250578
-527.967544556,-274.221832275,0.251953125,0.133858267717,0.716535433071,1250583
-529.861999512,-273.28729248,0.259765625,0.133858267717,0.716535433071,1250588
-531.909255981,-272.132858276,0.26708984375,0.133858267717,0.716535433071,1250593
-534.109268188,-270.81350708,0.275390625,0.133858267717,0.716535433071,1250598
-536.33984375,-269.356719971,0.28125,0.133858267717,0.716535433071,1250603
-538.539871216,-267.707519531,0.2861328125,0.133858267717,0.716535433071,1250608
-540.648223877,-265.893417358,0.291015625,0.149606299213,0.716535433071,1250613
-542.634353638,-263.859420776,0.2958984375,0.149606299213,0.716535433071,1250618
-544.467712402,-261.633010864,0.306640625,0.165354330709,0.716535433071,1250624
-546.087173462,-259.186721802,0.3095703125,0.181102362205,0.716535433071,1250628
-547.523300171,-256.602981567,0.31787109375,0.181102362205,0.716535433071,1250633
-548.776092529,-253.881820679,0.32373046875,0.196850393701,0.716535433071,1250638
-549.814987183,-251.133178711,0.333984375,0.212598425197,0.700787401575,1250643
-550.731658936,-248.329544067,0.33984375,0.212598425197,0.700787401575,1250648
-551.403884888,-245.415985107,0.34912109375,0.228346456693,0.685039370079,1250653
-551.923339844,-242.419952393,0.35595703125,0.228346456693,0.685039370079,1250658
-552.259460449,-239.259002686,0.36376953125,0.228346456693,0.669291338583,1250663
-552.320571899,-235.988113403,0.3671875,0.228346456693,0.669291338583,1250668
-552.198348999,-232.689743042,0.3740234375,0.228346456693,0.653543307087,1250673
-551.862228394,-229.41885376,0.376953125,0.212598425197,0.653543307087,1250678
-551.342773438,-226.312866211,0.38134765625,0.212598425197,0.637795275591,1250684
-550.578887939,-223.316848755,0.3818359375,0.212598425197,0.637795275591,1250688
-549.509429932,-220.678146362,0.3876953125,0.212598425197,0.622047244094,1250694
-548.134414673,-218.369277954,0.39501953125,0.212598425197,0.622047244094,1250698
-546.423278809,-216.335281372,0.40380859375,0.212598425197,0.606299212598,1250704
-544.314926147,-214.603622437,0.40478515625,0.212598425197,0.606299212598,1250708
-542.023239136,-212.954437256,0.4130859375,0.196850393701,0.590551181102,1250714
-539.487106323,-211.387710571,0.42333984375,0.196850393701,0.590551181102,1250718
-536.70652771,-209.985900879,0.431640625,0.196850393701,0.590551181102,1250723
-533.864822388,-208.749008179,0.43701171875,0.181102362205,0.574803149606,1250728
-530.839797974,-207.677032471,0.44580078125,0.181102362205,0.574803149606,1250734
-527.845321655,-206.797470093,0.4521484375,0.181102362205,0.55905511811,1250738
-524.881393433,-206.110305786,0.45703125,0.165354330709,0.55905511811,1250744
-521.978591919,-205.643035889,0.4560546875,0.165354330709,0.543307086614,1250748
-519.198013306,-205.368164062,0.46044921875,0.149606299213,0.543307086614,1250754
-516.509094238,-205.340682983,0.4619140625,0.149606299213,0.543307086614,1250759
-514.003509521,-205.505599976,0.4658203125,0.133858267717,0.527559055118,1250764
-511.65071106,-205.807952881,0.46337890625,0.133858267717,0.527559055118,1250769
-509.481246948,-206.330200195,0.46630859375,0.133858267717,0.527559055118,1250774
-507.495117188,-206.962387085,0.4677734375,0.133858267717,0.527559055118,1250779
-505.661758423,-207.70451355,0.47021484375,0.133858267717,0.527559055118,1250784
-504.011749268,-208.584091187,0.46826171875,0.133858267717,0.527559055118,1250789
-502.514511108,-209.573608398,0.470703125,0.133858267717,0.527559055118,1250794
-501.13949585,-210.700546265,0.4716796875,0.133858267717,0.527559055118,1250799
-499.795028687,-211.964920044,0.47412109375,0.133858267717,0.527559055118,1250804
-498.450576782,-213.449203491,0.470703125,0.133858267717,0.527559055118,1250809
-497.106124878,-215.125869751,0.47265625,0.133858267717,0.527559055118,1250814
-495.822769165,-217.077407837,0.47119140625,0.133858267717,0.527559055118,1250819
-494.508865356,-219.27633667,0.470703125,0.133858267717,0.527559055118,1250824
-493.286636353,-221.667663574,0.46630859375,0.133858267717,0.527559055118,1250829
-492.186630249,-224.223907471,0.46533203125,0.133858267717,0.527559055118,1250835
-491.208831787,-226.862609863,0.46435546875,0.133858267717,0.543307086614,1250839
-490.383834839,-229.501312256,0.46337890625,0.11811023622,0.543307086614,1250845
-489.650482178,-232.112518311,0.45751953125,0.11811023622,0.543307086614,1250849
-489.039367676,-234.641281128,0.45751953125,0.11811023622,0.543307086614,1250854
-488.550476074,-237.060089111,0.455078125,0.11811023622,0.55905511811,1250859
-488.183807373,-239.451416016,0.4521484375,0.11811023622,0.55905511811,1250864
-488.000473022,-241.760284424,0.4453125,0.11811023622,0.55905511811,1250869
-487.908798218,-244.069152832,0.4453125,0.11811023622,0.55905511811,1250874
-487.969909668,-246.268066406,0.44287109375,0.102362204724,0.574803149606,1250879
-488.061584473,-248.357040405,0.4404296875,0.102362204724,0.574803149606,1250884
-488.214355469,-250.363555908,0.435546875,0.102362204724,0.574803149606,1250889
-488.489364624,-252.260116577,0.43701171875,0.102362204724,0.590551181102,1250895
-488.794921875,-254.074234009,0.43408203125,0.102362204724,0.590551181102,1250899
-489.13104248,-255.860855103,0.43359375,0.102362204724,0.606299212598,1250905
-489.589370728,-257.619979858,0.4287109375,0.102362204724,0.606299212598,1250910
-490.078262329,-259.296661377,0.42822265625,0.102362204724,0.622047244094,1250915
-490.68939209,-260.945846558,0.42578125,0.102362204724,0.622047244094,1250920
-491.392166138,-262.485092163,0.42431640625,0.102362204724,0.637795275591,1250925
-492.156066895,-263.941879272,0.4208984375,0.0866141732283,0.637795275591,1250930
-493.011627197,-265.343688965,0.42138671875,0.0866141732283,0.653543307087,1250935
-493.928314209,-266.608062744,0.41943359375,0.0866141732283,0.653543307087,1250940
-494.967208862,-267.789993286,0.41845703125,0.0866141732283,0.653543307087,1250945
-496.09777832,-268.834472656,0.4150390625,0.0866141732283,0.669291338583,1250950
-497.320007324,-269.769012451,0.41455078125,0.0866141732283,0.669291338583,1250955
-498.633911133,-270.511154175,0.4140625,0.0866141732283,0.669291338583,1250960
-500.008926392,-271.088363647,0.41259765625,0.0866141732283,0.685039370079,1250966
-501.475601196,-271.473175049,0.4091796875,0.0866141732283,0.685039370079,1250970
-503.06451416,-271.665588379,0.41015625,0.0866141732283,0.685039370079,1250975
-504.80619812,-271.610610962,0.41015625,0.0866141732283,0.685039370079,1250980
-506.822875977,-271.363235474,0.41064453125,0.0866141732283,0.685039370079,1250985
-509.053466797,-270.895965576,0.40966796875,0.0866141732283,0.700787401575,1250990
-511.436813354,-270.098846436,0.412109375,0.0866141732283,0.700787401575,1250995
-514.125732422,-269.054367065,0.4150390625,0.0866141732283,0.700787401575,1251000
-516.967437744,-267.735015869,0.41943359375,0.102362204724,0.700787401575,1251005
-519.900787354,-266.168289185,0.42236328125,0.102362204724,0.700787401575,1251010
-522.864715576,-264.519088745,0.427734375,0.102362204724,0.685039370079,1251015
-525.645294189,-262.842422485,0.43115234375,0.102362204724,0.685039370079,1251020
-528.211990356,-261.165740967,0.43408203125,0.102362204724,0.685039370079,1251025
-530.503677368,-259.599014282,0.43310546875,0.102362204724,0.685039370079,1251030
-532.489807129,-258.169708252,0.43603515625,0.11811023622,0.669291338583,1251035
-534.109268188,-256.822875977,0.435546875,0.11811023622,0.669291338583,1251040
-535.392623901,-255.613464355,0.43505859375,0.11811023622,0.669291338583,1251045
-536.33984375,-254.514007568,0.43310546875,0.11811023622,0.669291338583,1251050
-537.073196411,-253.387069702,0.4345703125,0.133858267717,0.653543307087,1251055
-537.623199463,-252.315093994,0.43115234375,0.133858267717,0.653543307087,1251060
-538.08152771,-251.243118286,0.4169921875,0.133858267717,0.653543307087,1251065
-538.417648315,-250.198638916,0.396484375,0.133858267717,0.653543307087,1251070
-538.692657471,-249.154144287,0.3701171875,0.133858267717,0.653543307087,1251075
-538.875991821,-248.137145996,0.33203125,0.133858267717,0.653543307087,1251080
-539.028762817,-247.120147705,0.28759765625,0.133858267717,0.653543307087,1251085
-539.212097168,-246.075653076,0.22998046875,0.149606299213,0.653543307087,1251090
-539.303771973,-245.058654785,0.15234375,0.149606299213,0.653543307087,1251095
-539.303771973,-244.041656494,0.0654296875,0.149606299213,0.637795275591,1251100
-539.150985718,-242.997177124,0.0654296875,0.149606299213,0.637795275591,1251105
0,0,0,0,0,0
-513.881286621,-265.04133606,0.1826171875,0.0866141732283,0.653543307087,1252302
-513.850738525,-265.426147461,0.18408203125,0.0866141732283,0.669291338583,1252307
-513.820175171,-265.755981445,0.185546875,0.0866141732283,0.669291338583,1252312
-513.850738525,-266.168289185,0.18603515625,0.0866141732283,0.669291338583,1252318
-513.881286621,-266.663040161,0.20068359375,0.0866141732283,0.669291338583,1252322
-514.003509521,-267.047851562,0.21337890625,0.0708661417323,0.685039370079,1252327
-514.095184326,-267.460144043,0.22314453125,0.0708661417323,0.685039370079,1252333
-514.309066772,-267.789993286,0.23046875,0.0708661417323,0.685039370079,1252338
-514.522964478,-268.064849854,0.23388671875,0.0708661417323,0.685039370079,1252343
-514.706298828,-268.33972168,0.234375,0.0708661417323,0.685039370079,1252348
-515.042404175,-268.532119751,0.2392578125,0.0708661417323,0.685039370079,1252353
-515.347976685,-268.75201416,0.24365234375,0.0708661417323,0.685039370079,1252358
-515.684082031,-268.861953735,0.24609375,0.0708661417323,0.700787401575,1252363
-516.172973633,-268.944412231,0.24462890625,0.0708661417323,0.700787401575,1252368
-516.722976685,-268.999389648,0.24560546875,0.0708661417323,0.700787401575,1252372
-517.456329346,-268.889450073,0.2451171875,0.0708661417323,0.700787401575,1252378
-518.373001099,-268.669555664,0.24755859375,0.0708661417323,0.700787401575,1252383
-519.534118652,-268.229766846,0.24658203125,0.0708661417323,0.700787401575,1252388
-520.909133911,-267.570098877,0.24951171875,0.0708661417323,0.700787401575,1252393
-522.559158325,-266.69052124,0.251953125,0.0708661417323,0.700787401575,1252398
-524.453613281,-265.536087036,0.25732421875,0.0708661417323,0.700787401575,1252403
-526.500854492,-264.134277344,0.26123046875,0.0708661417323,0.700787401575,1252408
-528.670333862,-262.485092163,0.27392578125,0.0708661417323,0.700787401575,1252413
-530.778686523,-260.588531494,0.2822265625,0.0708661417323,0.700787401575,1252418
-532.85647583,-258.499557495,0.29052734375,0.0708661417323,0.700787401575,1252423
-534.781494141,-256.218170166,0.29638671875,0.0708661417323,0.700787401575,1252428
-536.584289551,-253.8543396,0.3125,0.0708661417323,0.685039370079,1252433
-538.264862061,-251.325576782,0.32373046875,0.0708661417323,0.685039370079,1252438
-539.76210022,-248.741851807,0.33837890625,0.0866141732283,0.685039370079,1252443
-541.106567383,-246.020690918,0.3486328125,0.0866141732283,0.685039370079,1252448
-542.237136841,-243.07963562,0.36279296875,0.102362204724,0.685039370079,1252453
-543.123245239,-240.111083984,0.373046875,0.102362204724,0.685039370079,1252458
-543.734375,-236.895172119,0.38623046875,0.11811023622,0.669291338583,1252463
-544.101043701,-233.624282837,0.39453125,0.11811023622,0.653543307087,1252468
-544.284378052,-230.270935059,0.40869140625,0.133858267717,0.653543307087,1252473
-544.192703247,-226.917572021,0.4189453125,0.133858267717,0.637795275591,1252478
-543.948257446,-223.536743164,0.42822265625,0.149606299213,0.637795275591,1252483
-543.428817749,-220.403274536,0.4306640625,0.149606299213,0.622047244094,1252488
-542.664916992,-217.62713623,0.43701171875,0.149606299213,0.606299212598,1252494
-541.778793335,-215.070892334,0.44287109375,0.165354330709,0.606299212598,1252498
-540.617675781,-212.954437256,0.44970703125,0.149606299213,0.590551181102,1252503
-539.181549072,-210.975418091,0.45361328125,0.149606299213,0.574803149606,1252508
-537.470413208,-209.13381958,0.46484375,0.149606299213,0.574803149606,1252514
-535.423171997,-207.512115479,0.47509765625,0.133858267717,0.574803149606,1252518
-533.100921631,-205.917892456,0.484375,0.133858267717,0.55905511811,1252523
-530.534240723,-204.461120605,0.4931640625,0.11811023622,0.55905511811,1252528
-527.784210205,-203.114273071,0.50048828125,0.11811023622,0.543307086614,1252534
-524.942504883,-202.014816284,0.5048828125,0.11811023622,0.543307086614,1252538
-522.009155273,-201.190216064,0.50927734375,0.102362204724,0.527559055118,1252543
-519.106338501,-200.640487671,0.5078125,0.102362204724,0.527559055118,1252549
-516.111862183,-200.365631104,0.51318359375,0.0866141732283,0.511811023622,1252554
-513.178497314,-200.365631104,0.5146484375,0.0866141732283,0.511811023622,1252559
-510.214584351,-200.585525513,0.5185546875,0.0866141732283,0.511811023622,1252564
-507.281219482,-200.997817993,0.515625,0.0866141732283,0.511811023622,1252569
-504.531188965,-201.657485962,0.51953125,0.0866141732283,0.511811023622,1252574
-501.842269897,-202.454605103,0.52001953125,0.0866141732283,0.511811023622,1252579
-499.275588989,-203.526580811,0.5234375,0.0866141732283,0.511811023622,1252584
-496.922775269,-204.708496094,0.52197265625,0.0866141732283,0.511811023622,1252589
-494.631088257,-206.110305786,0.52490234375,0.0866141732283,0.511811023622,1252594
-492.4921875,-207.677032471,0.5263671875,0.0866141732283,0.511811023622,1252599
-490.506057739,-209.408676147,0.52783203125,0.0866141732283,0.511811023622,1252605
-488.64213562,-211.387710571,0.5244140625,0.0866141732283,0.511811023622,1252609
-486.869903564,-213.47668457,0.52490234375,0.0866141732283,0.511811023622,1252614
-485.21987915,-215.758056641,0.5224609375,0.0866141732283,0.511811023622,1252619
-483.661529541,-218.204360962,0.52099609375,0.0866141732283,0.511811023622,1252624
-482.194854736,-220.733123779,0.5146484375,0.0866141732283,0.511811023622,1252629
-480.880950928,-223.344329834,0.51318359375,0.0708661417323,0.527559055118,1252635
-479.719833374,-225.90057373,0.5087890625,0.0708661417323,0.527559055118,1252639
-478.772598267,-228.40184021,0.5048828125,0.0708661417323,0.527559055118,1252644
-478.00869751,-230.765686035,0.50048828125,0.0708661417323,0.543307086614,1252649
-477.519805908,-232.992095947,0.4970703125,0.0708661417323,0.543307086614,1252655
-477.214248657,-235.081069946,0.49560546875,0.0551181102362,0.543307086614,1252659
-477.122573853,-237.060089111,0.494140625,0.0551181102362,0.55905511811,1252665
-477.183700562,-238.901687622,0.490234375,0.0551181102362,0.55905511811,1252669
-477.367034912,-240.715789795,0.4912109375,0.0551181102362,0.55905511811,1252674
-477.703140259,-242.529907227,0.48828125,0.0551181102362,0.574803149606,1252679
-478.19203186,-244.289031982,0.484375,0.0551181102362,0.574803149606,1252684
-478.772598267,-246.048171997,0.47705078125,0.0551181102362,0.574803149606,1252689
-479.475387573,-247.779815674,0.47119140625,0.0551181102362,0.574803149606,1252695
-480.239273071,-249.456497192,0.46533203125,0.0551181102362,0.574803149606,1252699
-481.094848633,-251.078201294,0.45458984375,0.0551181102362,0.590551181102,1252705
-482.011520386,-252.589950562,0.44482421875,0.0551181102362,0.590551181102,1252709
-483.019866943,-254.019256592,0.44189453125,0.0551181102362,0.606299212598,1252715
-484.150436401,-255.311126709,0.43701171875,0.0551181102362,0.606299212598,1252719
-485.250442505,-256.520523071,0.43408203125,0.0551181102362,0.622047244094,1252725
-486.381011963,-257.619979858,0.43115234375,0.0551181102362,0.622047244094,1252729
-487.542129517,-258.60949707,0.431640625,0.0551181102362,0.637795275591,1252734
-488.733810425,-259.461578369,0.4306640625,0.0551181102362,0.637795275591,1252740
-490.047714233,-260.148742676,0.42919921875,0.0551181102362,0.653543307087,1252745
-491.453277588,-260.753448486,0.42626953125,0.0551181102362,0.653543307087,1252750
-493.072738647,-261.248199463,0.427734375,0.0551181102362,0.653543307087,1252755
-494.906097412,-261.605529785,0.4267578125,0.0551181102362,0.669291338583,1252760
-496.892227173,-261.93536377,0.4267578125,0.0551181102362,0.669291338583,1252765
-498.970031738,-262.155258179,0.423828125,0.0551181102362,0.669291338583,1252770
-501.108932495,-262.210235596,0.42578125,0.0551181102362,0.669291338583,1252775
-503.308959961,-262.182739258,0.42529296875,0.0551181102362,0.669291338583,1252780
-505.508987427,-261.93536377,0.42431640625,0.0551181102362,0.685039370079,1252785
-507.831222534,-261.495574951,0.42138671875,0.0551181102362,0.685039370079,1252790
-510.214584351,-260.863388062,0.4228515625,0.0551181102362,0.685039370079,1252796
-512.750717163,-259.87387085,0.42333984375,0.0551181102362,0.685039370079,1252800
-515.470199585,-258.636978149,0.42333984375,0.0708661417323,0.685039370079,1252805
-518.220214844,-257.207687378,0.421875,0.0708661417323,0.685039370079,1252810
-520.939697266,-255.613464355,0.42431640625,0.0708661417323,0.669291338583,1252815
-523.536941528,-253.964279175,0.42529296875,0.0708661417323,0.669291338583,1252820
-525.920303345,-252.39755249,0.42724609375,0.0708661417323,0.669291338583,1252825
-528.059204102,-250.803329468,0.4267578125,0.0866141732283,0.669291338583,1252830
-529.923110962,-249.2915802,0.4296875,0.0866141732283,0.653543307087,1252835
-531.573135376,-247.86227417,0.43017578125,0.0866141732283,0.653543307087,1252840
-532.97869873,-246.432983398,0.4296875,0.0866141732283,0.653543307087,1252845
-534.170379639,-245.113632202,0.427734375,0.0866141732283,0.637795275591,1252850
-535.148178101,-243.766799927,0.4287109375,0.102362204724,0.637795275591,1252856
-535.973175049,-242.419952393,0.42919921875,0.102362204724,0.622047244094,1252860
-536.584289551,-241.100601196,0.42822265625,0.102362204724,0.622047244094,1252865
-537.042633057,-239.671310425,0.42578125,0.102362204724,0.622047244094,1252870
-537.348190308,-238.214523315,0.4189453125,0.102362204724,0.606299212598,1252876
-537.531524658,-236.730255127,0.39501953125,0.102362204724,0.606299212598,1252880
-537.653747559,-235.191009521,0.36669921875,0.11811023622,0.606299212598,1252885
-537.684310913,-233.679260254,0.33349609375,0.11811023622,0.606299212598,1252890
-537.653747559,-232.194976807,0.30126953125,0.11811023622,0.606299212598,1252896
-537.500976562,-230.793167114,0.2626953125,0.11811023622,0.590551181102,1252900
-537.348190308,-229.41885376,0.2216796875,0.11811023622,0.590551181102,1252905
-537.073196411,-228.209442139,0.1611328125,0.11811023622,0.590551181102,1252910
-536.76763916,-227.082489014,0.10595703125,0.11811023622,0.590551181102,1252916
-536.431518555,-226.12046814,0.0361328125,0.11811023622,0.590551181102,1252921
-536.003738403,-225.29586792,0.0361328125,0.11811023622,0.590551181102,1252926
0,0,0,0,0,0
-501.2006073,-262.457611084,0.1416015625,0.133858267717,0.669291338583,1254077
-501.353378296,-262.622528076,0.1435546875,0.133858267717,0.669291338583,1254082
-501.597824097,-262.732467651,0.142578125,0.133858267717,0.669291338583,1254087
-501.933944702,-262.924880981,0.1494140625,0.11811023622,0.669291338583,1254092
-502.270065308,-263.062316895,0.1689453125,0.11811023622,0.685039370079,1254097
-502.697845459,-263.17225647,0.17919921875,0.11811023622,0.685039370079,1254102
-503.156173706,-263.282196045,0.1826171875,0.11811023622,0.685039370079,1254107
-503.675628662,-263.337173462,0.1865234375,0.11811023622,0.685039370079,1254112
-504.225631714,-263.392150879,0.1904296875,0.11811023622,0.685039370079,1254117
-504.836746216,-263.392150879,0.19580078125,0.11811023622,0.685039370079,1254122
-505.478424072,-263.309692383,0.1953125,0.11811023622,0.685039370079,1254127
-506.242324829,-263.117279053,0.19677734375,0.11811023622,0.685039370079,1254133
-507.128448486,-262.814926147,0.19775390625,0.11811023622,0.685039370079,1254137
-508.197891235,-262.375152588,0.20068359375,0.11811023622,0.685039370079,1254143
-509.481246948,-261.742965698,0.205078125,0.11811023622,0.685039370079,1254147
-510.917373657,-260.918365479,0.21435546875,0.11811023622,0.685039370079,1254153
-512.506271362,-259.956329346,0.22265625,0.11811023622,0.685039370079,1254157
-514.278518677,-258.774414062,0.232421875,0.11811023622,0.685039370079,1254163
-516.172973633,-257.400085449,0.2333984375,0.11811023622,0.685039370079,1254168
-518.159103394,-255.860855103,0.2392578125,0.133858267717,0.685039370079,1254173
-520.206359863,-254.156692505,0.24755859375,0.133858267717,0.685039370079,1254178
-522.192489624,-252.342575073,0.2578125,0.133858267717,0.685039370079,1254183
-524.02583313,-250.418518066,0.26416015625,0.133858267717,0.669291338583,1254188
-525.70640564,-248.439498901,0.27490234375,0.133858267717,0.669291338583,1254193
-527.173095703,-246.405502319,0.28369140625,0.133858267717,0.669291338583,1254198
-528.395324707,-244.289031982,0.29248046875,0.133858267717,0.653543307087,1254203
-529.43421936,-241.980178833,0.298828125,0.133858267717,0.653543307087,1254208
-530.320343018,-239.533874512,0.30908203125,0.133858267717,0.653543307087,1254213
-531.023132324,-236.840194702,0.3193359375,0.149606299213,0.637795275591,1254218
-531.664810181,-233.9815979,0.33056640625,0.149606299213,0.637795275591,1254223
-532.123138428,-231.06803894,0.33154296875,0.149606299213,0.622047244094,1254228
-532.428695679,-228.126983643,0.33642578125,0.149606299213,0.622047244094,1254233
-532.581481934,-225.185928345,0.341796875,0.149606299213,0.622047244094,1254238
-532.581481934,-222.244873047,0.3486328125,0.149606299213,0.606299212598,1254243
-532.398147583,-219.441253662,0.34912109375,0.149606299213,0.606299212598,1254248
-532.031478882,-216.939987183,0.3583984375,0.149606299213,0.606299212598,1254253
-531.450912476,-214.686080933,0.36767578125,0.149606299213,0.590551181102,1254258
-530.687011719,-212.789520264,0.3779296875,0.149606299213,0.590551181102,1254263
-529.648117065,-210.975418091,0.38623046875,0.149606299213,0.590551181102,1254268
-528.303649902,-209.243759155,0.39990234375,0.149606299213,0.574803149606,1254273
-526.653640747,-207.70451355,0.41259765625,0.149606299213,0.574803149606,1254278
-524.667510986,-206.275222778,0.42431640625,0.149606299213,0.55905511811,1254283
-522.40637207,-204.955871582,0.42626953125,0.149606299213,0.55905511811,1254288
-519.870239258,-203.773956299,0.43310546875,0.149606299213,0.543307086614,1254293
-517.12020874,-202.674499512,0.4384765625,0.149606299213,0.543307086614,1254298
-514.156295776,-201.849899292,0.44580078125,0.149606299213,0.543307086614,1254304
-511.070144653,-201.327651978,0.4453125,0.133858267717,0.527559055118,1254308
-507.892333984,-201.080276489,0.4501953125,0.133858267717,0.527559055118,1254313
-504.714523315,-201.217712402,0.45166015625,0.133858267717,0.527559055118,1254318
-501.567276001,-201.602523804,0.4541015625,0.133858267717,0.511811023622,1254324
-498.511688232,-202.179733276,0.45068359375,0.133858267717,0.511811023622,1254328
-495.608886719,-202.894378662,0.4541015625,0.133858267717,0.511811023622,1254334
-492.889404297,-203.718978882,0.45458984375,0.133858267717,0.511811023622,1254338
-490.383834839,-204.680999756,0.45654296875,0.133858267717,0.511811023622,1254344
-487.969909668,-205.752975464,0.453125,0.133858267717,0.511811023622,1254348
-485.708786011,-206.989868164,0.45361328125,0.11811023622,0.511811023622,1254354
-483.569869995,-208.446655273,0.45068359375,0.11811023622,0.511811023622,1254359
-481.49206543,-210.095840454,0.447265625,0.11811023622,0.511811023622,1254364
-479.567047119,-211.909957886,0.43896484375,0.11811023622,0.511811023622,1254369
-477.764251709,-213.943954468,0.43603515625,0.11811023622,0.511811023622,1254374
-476.083679199,-216.225326538,0.4345703125,0.11811023622,0.511811023622,1254379
-474.52532959,-218.671630859,0.42626953125,0.11811023622,0.527559055118,1254384
-473.058654785,-221.337814331,0.4189453125,0.102362204724,0.527559055118,1254389
-471.744750977,-224.168930054,0.41650390625,0.102362204724,0.527559055118,1254394
-470.614181519,-226.917572021,0.416015625,0.102362204724,0.527559055118,1254399
-469.697509766,-229.63873291,0.412109375,0.0866141732283,0.543307086614,1254404
-469.025283813,-232.222473145,0.408203125,0.0866141732283,0.543307086614,1254409
-468.566940308,-234.613800049,0.40771484375,0.0866141732283,0.543307086614,1254415
-468.322494507,-236.922653198,0.40478515625,0.0866141732283,0.55905511811,1254419
-468.322494507,-239.094085693,0.40185546875,0.0708661417323,0.55905511811,1254424
-468.536376953,-241.155578613,0.3994140625,0.0708661417323,0.55905511811,1254429
-468.933609009,-243.134597778,0.4013671875,0.0708661417323,0.574803149606,1254435
-469.483612061,-244.976196289,0.40185546875,0.0708661417323,0.574803149606,1254439
-470.155838013,-246.735336304,0.4013671875,0.0708661417323,0.574803149606,1254444
-470.950302124,-248.439498901,0.39892578125,0.0708661417323,0.574803149606,1254449
-471.836410522,-250.088684082,0.3994140625,0.0708661417323,0.574803149606,1254455
-472.814208984,-251.710388184,0.39794921875,0.0708661417323,0.590551181102,1254459
-473.883666992,-253.277114868,0.396484375,0.0708661417323,0.590551181102,1254465
-475.014221191,-254.871337891,0.390625,0.0708661417323,0.606299212598,1254469
-476.26701355,-256.383087158,0.390625,0.0708661417323,0.606299212598,1254474
-477.580917358,-257.867370605,0.38330078125,0.0708661417323,0.606299212598,1254479
-478.986495972,-259.296661377,0.3818359375,0.0708661417323,0.622047244094,1254485
-480.422607422,-260.561035156,0.376953125,0.0708661417323,0.622047244094,1254489
-481.919845581,-261.633010864,0.375,0.0708661417323,0.637795275591,1254495
-483.508758545,-262.457611084,0.37353515625,0.0708661417323,0.637795275591,1254499
-485.21987915,-263.007339478,0.3720703125,0.0708661417323,0.637795275591,1254505
-487.114349365,-263.392150879,0.36865234375,0.0708661417323,0.653543307087,1254509
-489.161590576,-263.529586792,0.3701171875,0.0708661417323,0.653543307087,1254515
-491.331054688,-263.447128296,0.36962890625,0.0866141732283,0.653543307087,1254519
-493.653305054,-263.144775391,0.3681640625,0.0866141732283,0.653543307087,1254525
-496.067214966,-262.512573242,0.36767578125,0.0866141732283,0.669291338583,1254529
-498.572799683,-261.687988281,0.369140625,0.0866141732283,0.669291338583,1254535
-501.170043945,-260.588531494,0.37109375,0.0866141732283,0.669291338583,1254540
-503.736740112,-259.351638794,0.37158203125,0.0866141732283,0.669291338583,1254545
-506.272872925,-257.977310181,0.37060546875,0.102362204724,0.669291338583,1254550
-508.809020996,-256.383087158,0.373046875,0.102362204724,0.669291338583,1254555
-511.222930908,-254.706420898,0.3740234375,0.102362204724,0.669291338583,1254560
-513.484069824,-253.002258301,0.37548828125,0.102362204724,0.669291338583,1254565
-515.561859131,-251.243118286,0.37548828125,0.11811023622,0.653543307087,1254570
-517.303543091,-249.593933105,0.376953125,0.11811023622,0.653543307087,1254575
-518.770233154,-248.0546875,0.37646484375,0.11811023622,0.653543307087,1254580
-519.961898804,-246.542922974,0.37646484375,0.133858267717,0.637795275591,1254585
-520.878585815,-245.113632202,0.3740234375,0.133858267717,0.637795275591,1254590
-521.642471313,-243.656845093,0.375,0.133858267717,0.622047244094,1254595
-522.253601074,-242.172576904,0.37109375,0.133858267717,0.622047244094,1254600
-522.711929321,-240.688308716,0.35546875,0.133858267717,0.606299212598,1254605
-523.017486572,-239.204040527,0.330078125,0.149606299213,0.606299212598,1254610
-523.200820923,-237.802230835,0.30029296875,0.149606299213,0.606299212598,1254615
-523.170272827,-236.427902222,0.267578125,0.149606299213,0.590551181102,1254620
-523.017486572,-235.108551025,0.232421875,0.149606299213,0.590551181102,1254625
-522.742492676,-233.816680908,0.1767578125,0.149606299213,0.590551181102,1254630
-522.34526062,-232.634765625,0.1259765625,0.149606299213,0.590551181102,1254635
-521.886932373,-231.617767334,0.06787109375,0.149606299213,0.590551181102,1254640
-521.336914062,-230.628250122,0.06787109375,0.149606299213,0.590551181102,1254645
0,0,0,0,0,0
-501.811721802,-258.664474487,0.185546875,0.165354330709,0.653543307087,1255746
-501.720046997,-259.104248047,0.18603515625,0.165354330709,0.653543307087,1255751
-501.781158447,-259.599014282,0.1865234375,0.149606299213,0.669291338583,1255756
-501.933944702,-260.06628418,0.189453125,0.149606299213,0.669291338583,1255762
-502.086730957,-260.506072998,0.19189453125,0.149606299213,0.669291338583,1255767
-502.331176758,-260.863388062,0.205078125,0.149606299213,0.669291338583,1255772
-502.606170654,-261.138259888,0.212890625,0.149606299213,0.669291338583,1255776
-502.88117981,-261.30317688,0.2216796875,0.149606299213,0.685039370079,1255782
-503.217285156,-261.495574951,0.22705078125,0.149606299213,0.685039370079,1255787
-503.583969116,-261.578033447,0.2314453125,0.149606299213,0.685039370079,1255792
-503.920074463,-261.633010864,0.23388671875,0.149606299213,0.685039370079,1255797
-504.347854614,-261.660491943,0.2353515625,0.149606299213,0.685039370079,1255802
-504.80619812,-261.550552368,0.2333984375,0.149606299213,0.685039370079,1255807
-505.417312622,-261.275680542,0.23388671875,0.133858267717,0.685039370079,1255812
-506.181213379,-260.725952148,0.234375,0.133858267717,0.685039370079,1255817
-507.097885132,-259.901367188,0.2353515625,0.133858267717,0.685039370079,1255822
-508.197891235,-258.829391479,0.234375,0.133858267717,0.685039370079,1255827
-509.450683594,-257.455062866,0.236328125,0.133858267717,0.685039370079,1255832
-510.856262207,-255.833358765,0.23779296875,0.133858267717,0.685039370079,1255837
-512.353500366,-253.936798096,0.24169921875,0.133858267717,0.685039370079,1255842
-513.881286621,-251.79284668,0.2431640625,0.149606299213,0.685039370079,1255847
-515.37852478,-249.538955688,0.248046875,0.149606299213,0.685039370079,1255852
-516.722976685,-247.175125122,0.25390625,0.149606299213,0.685039370079,1255857
-517.945220947,-244.728820801,0.26171875,0.149606299213,0.685039370079,1255862
-519.014678955,-242.227554321,0.26513671875,0.149606299213,0.669291338583,1255867
-519.931350708,-239.671310425,0.2744140625,0.149606299213,0.669291338583,1255872
-520.756362915,-236.977630615,0.28271484375,0.149606299213,0.669291338583,1255877
-521.428588867,-234.17401123,0.2978515625,0.165354330709,0.653543307087,1255882
-522.070266724,-231.260437012,0.3076171875,0.165354330709,0.653543307087,1255887
-522.559158325,-228.264419556,0.3232421875,0.165354330709,0.637795275591,1255892
-522.925827026,-225.350845337,0.3359375,0.165354330709,0.637795275591,1255897
-523.170272827,-222.629684448,0.34716796875,0.165354330709,0.622047244094,1255902
-523.109161377,-220.238357544,0.35009765625,0.165354330709,0.622047244094,1255907
-522.711929321,-218.204360962,0.35693359375,0.165354330709,0.606299212598,1255912
-522.009155273,-216.527679443,0.36376953125,0.165354330709,0.590551181102,1255917
-520.909133911,-215.043411255,0.37353515625,0.165354330709,0.590551181102,1255922
-519.503570557,-213.724060059,0.3759765625,0.165354330709,0.590551181102,1255927
-517.853546143,-212.459686279,0.38330078125,0.165354330709,0.574803149606,1255932
-515.867416382,-211.305252075,0.38818359375,0.165354330709,0.574803149606,1255937
-513.606292725,-210.260757446,0.3935546875,0.165354330709,0.574803149606,1255942
-511.070144653,-209.381195068,0.39306640625,0.165354330709,0.55905511811,1255947
-508.28956604,-208.666549683,0.3974609375,0.165354330709,0.55905511811,1255953
-505.356201172,-208.171783447,0.39892578125,0.149606299213,0.543307086614,1255957
-502.300613403,-207.869445801,0.404296875,0.149606299213,0.543307086614,1255963
-499.183914185,-207.814468384,0.40576171875,0.149606299213,0.543307086614,1255968
-496.006103516,-208.034362793,0.4140625,0.149606299213,0.543307086614,1255973
-492.828292847,-208.364196777,0.42041015625,0.149606299213,0.543307086614,1255977
-489.711593628,-208.803985596,0.427734375,0.133858267717,0.543307086614,1255983
-486.71711731,-209.326217651,0.42919921875,0.133858267717,0.543307086614,1255987
-483.814315796,-209.930923462,0.43701171875,0.133858267717,0.527559055118,1255993
-481.033737183,-210.645568848,0.44091796875,0.133858267717,0.527559055118,1255998
-478.375366211,-211.470169067,0.4453125,0.133858267717,0.527559055118,1256003
-475.869796753,-212.377227783,0.44384765625,0.133858267717,0.527559055118,1256008
-473.547546387,-213.421707153,0.44580078125,0.11811023622,0.527559055118,1256013
-471.286407471,-214.603622437,0.4462890625,0.11811023622,0.527559055118,1256018
-469.055831909,-215.950469971,0.44775390625,0.11811023622,0.543307086614,1256023
-466.916915894,-217.517196655,0.4453125,0.11811023622,0.543307086614,1256028
-464.839126587,-219.303817749,0.447265625,0.11811023622,0.543307086614,1256033
-462.883544922,-221.282852173,0.44775390625,0.102362204724,0.543307086614,1256038
-461.050201416,-223.481765747,0.44873046875,0.102362204724,0.543307086614,1256043
-459.308517456,-225.735656738,0.44287109375,0.102362204724,0.543307086614,1256048
-457.811279297,-228.044525146,0.44384765625,0.102362204724,0.543307086614,1256053
-456.497375488,-230.325897217,0.44189453125,0.102362204724,0.55905511811,1256058
-455.397369385,-232.552307129,0.44140625,0.102362204724,0.55905511811,1256063
-454.633453369,-234.641281128,0.43701171875,0.102362204724,0.55905511811,1256068
-454.144561768,-236.620300293,0.43603515625,0.102362204724,0.55905511811,1256073
-453.869567871,-238.461898804,0.4365234375,0.102362204724,0.55905511811,1256078
-453.900115967,-240.248519897,0.43798828125,0.0866141732283,0.55905511811,1256083
-454.144561768,-242.007659912,0.4345703125,0.0866141732283,0.574803149606,1256088
-454.541809082,-243.656845093,0.4375,0.0866141732283,0.574803149606,1256093
-455.152923584,-245.333526611,0.43701171875,0.0866141732283,0.574803149606,1256098
-455.855712891,-246.900253296,0.4375,0.0866141732283,0.574803149606,1256104
-456.68069458,-248.46697998,0.43310546875,0.0866141732283,0.574803149606,1256108
-457.597381592,-250.033706665,0.435546875,0.0866141732283,0.574803149606,1256113
-458.636291504,-251.572952271,0.43408203125,0.0866141732283,0.590551181102,1256118
-459.766845703,-253.084716797,0.43408203125,0.0708661417323,0.590551181102,1256124
-460.989089966,-254.568984985,0.4296875,0.0708661417323,0.606299212598,1256129
-462.302993774,-256.080734253,0.427734375,0.0708661417323,0.606299212598,1256134
-463.647445679,-257.537521362,0.42431640625,0.0708661417323,0.606299212598,1256139
-465.083572388,-258.994308472,0.421875,0.0708661417323,0.622047244094,1256144
-466.550247192,-260.231201172,0.4169921875,0.0708661417323,0.622047244094,1256149
-468.139160156,-261.30317688,0.4169921875,0.0708661417323,0.622047244094,1256154
-469.789169312,-262.127761841,0.416015625,0.0708661417323,0.637795275591,1256159
-471.561416626,-262.677505493,0.41357421875,0.0708661417323,0.637795275591,1256164
-473.486434937,-263.034820557,0.40869140625,0.0708661417323,0.637795275591,1256170
-475.564239502,-263.089797974,0.41015625,0.0708661417323,0.653543307087,1256174
-477.825363159,-262.814926147,0.40966796875,0.0708661417323,0.653543307087,1256179
-480.361495972,-262.182739258,0.40966796875,0.0708661417323,0.653543307087,1256184
-483.080978394,-261.248199463,0.40625,0.0708661417323,0.653543307087,1256189
-485.922668457,-260.121261597,0.408203125,0.0866141732283,0.653543307087,1256194
-488.917144775,-258.774414062,0.4091796875,0.0866141732283,0.669291338583,1256199
-491.942169189,-257.317626953,0.41259765625,0.0866141732283,0.669291338583,1256204
-494.967208862,-255.778396606,0.412109375,0.102362204724,0.669291338583,1256209
-497.961685181,-254.129196167,0.416015625,0.102362204724,0.669291338583,1256214
-500.772827148,-252.425033569,0.41650390625,0.102362204724,0.653543307087,1256219
-503.431182861,-250.720870972,0.41796875,0.11811023622,0.653543307087,1256224
-505.753433228,-248.934249878,0.41552734375,0.11811023622,0.653543307087,1256229
-507.770111084,-247.257583618,0.41796875,0.11811023622,0.653543307087,1256234
-509.450683594,-245.525924683,0.41796875,0.133858267717,0.653543307087,1256239
-510.795150757,-243.739303589,0.41748046875,0.133858267717,0.653543307087,1256244
-511.864608765,-241.925201416,0.41552734375,0.133858267717,0.637795275591,1256250
-512.689605713,-240.028625488,0.41748046875,0.133858267717,0.637795275591,1256254
-513.300720215,-238.022125244,0.4169921875,0.149606299213,0.622047244094,1256259
-513.697952271,-236.098068237,0.41650390625,0.149606299213,0.622047244094,1256264
-513.911849976,-234.119033813,0.4091796875,0.149606299213,0.622047244094,1256269
-514.003509521,-232.249954224,0.39794921875,0.149606299213,0.606299212598,1256274
-513.911849976,-230.518310547,0.37939453125,0.149606299213,0.606299212598,1256279
-513.789627075,-228.786651611,0.3583984375,0.149606299213,0.590551181102,1256284
-513.57572937,-227.247421265,0.330078125,0.165354330709,0.590551181102,1256290
-513.209060669,-225.763137817,0.3017578125,0.165354330709,0.590551181102,1256294
-512.811828613,-224.471282959,0.27197265625,0.165354330709,0.590551181102,1256300
-512.292388916,-223.261871338,0.22705078125,0.165354330709,0.590551181102,1256305
-511.65071106,-222.217391968,0.16455078125,0.165354330709,0.590551181102,1256309
-510.947921753,-221.310333252,0.10546875,0.165354330709,0.574803149606,1256316
-510.09236145,-220.458251953,0.017578125,0.165354330709,0.574803149606,1256319
-509.145126343,-219.90852356,0.017578125,0.165354330709,0.574803149606,1256325
0,0,0,0,0,0
-491.728286743,-256.74041748,0.16357421875,0.133858267717,0.637795275591,1257436
-491.728286743,-257.482559204,0.16650390625,0.133858267717,0.637795275591,1257441
-491.789398193,-258.169708252,0.1689453125,0.133858267717,0.653543307087,1257446
-492.00328064,-258.911849976,0.17138671875,0.133858267717,0.653543307087,1257451
-492.308853149,-259.571533203,0.18115234375,0.133858267717,0.653543307087,1257456
-492.644958496,-260.093765259,0.1953125,0.133858267717,0.653543307087,1257461
-493.011627197,-260.533554077,0.2060546875,0.11811023622,0.669291338583,1257466
-493.439407349,-260.890884399,0.212890625,0.11811023622,0.669291338583,1257471
-493.897750854,-261.165740967,0.21533203125,0.11811023622,0.669291338583,1257476
-494.35609436,-261.358154297,0.21875,0.11811023622,0.669291338583,1257481
-494.814422607,-261.523071289,0.21923828125,0.11811023622,0.669291338583,1257486
-495.364440918,-261.578033447,0.22021484375,0.11811023622,0.685039370079,1257491
-495.97555542,-261.578033447,0.220703125,0.11811023622,0.685039370079,1257496
-496.678329468,-261.523071289,0.2216796875,0.11811023622,0.685039370079,1257501
-497.472793579,-261.330657959,0.220703125,0.11811023622,0.685039370079,1257506
-498.328353882,-261.000823975,0.2216796875,0.11811023622,0.685039370079,1257511
-499.306137085,-260.533554077,0.2216796875,0.11811023622,0.685039370079,1257516
-500.375595093,-259.87387085,0.22314453125,0.11811023622,0.685039370079,1257521
-501.506164551,-258.994308472,0.22216796875,0.11811023622,0.685039370079,1257526
-502.606170654,-257.894851685,0.224609375,0.11811023622,0.685039370079,1257531
-503.767303467,-256.602981567,0.2294921875,0.11811023622,0.685039370079,1257536
-504.86730957,-255.0912323,0.2353515625,0.11811023622,0.685039370079,1257541
-505.936767578,-253.414550781,0.23681640625,0.11811023622,0.685039370079,1257546
-507.006225586,-251.572952271,0.24658203125,0.11811023622,0.685039370079,1257551
-508.045120239,-249.593933105,0.2529296875,0.133858267717,0.685039370079,1257556
-508.961791992,-247.587417603,0.2626953125,0.133858267717,0.685039370079,1257561
-509.817352295,-245.525924683,0.26806640625,0.133858267717,0.685039370079,1257567
-510.520141602,-243.464447021,0.2724609375,0.133858267717,0.685039370079,1257571
-511.100708008,-241.402954102,0.27880859375,0.133858267717,0.669291338583,1257576
-511.497924805,-239.231521606,0.28564453125,0.133858267717,0.669291338583,1257581
-511.71182251,-236.950149536,0.2900390625,0.133858267717,0.653543307087,1257586
-511.803482056,-234.586303711,0.2978515625,0.133858267717,0.653543307087,1257592
-511.589599609,-232.222473145,0.30810546875,0.149606299213,0.637795275591,1257596
-511.222930908,-229.776168823,0.31591796875,0.149606299213,0.637795275591,1257602
-510.672927856,-227.384841919,0.3193359375,0.149606299213,0.622047244094,1257606
-509.878463745,-225.07598877,0.3271484375,0.149606299213,0.622047244094,1257612
-508.961791992,-222.877059937,0.33203125,0.149606299213,0.606299212598,1257616
-507.953445435,-220.788085938,0.3408203125,0.149606299213,0.606299212598,1257622
-506.792327881,-218.864028931,0.34716796875,0.149606299213,0.606299212598,1257626
-505.539535522,-217.077407837,0.357421875,0.133858267717,0.590551181102,1257632
-504.164520264,-215.455703735,0.3681640625,0.133858267717,0.590551181102,1257637
-502.636734009,-213.998931885,0.38330078125,0.133858267717,0.590551181102,1257642
-501.047821045,-212.652084351,0.38916015625,0.133858267717,0.574803149606,1257647
-499.275588989,-211.470169067,0.400390625,0.133858267717,0.574803149606,1257652
-497.442230225,-210.398193359,0.4072265625,0.133858267717,0.574803149606,1257657
-495.517211914,-209.491134644,0.416015625,0.133858267717,0.55905511811,1257662
-493.531082153,-208.831466675,0.4208984375,0.133858267717,0.55905511811,1257667
-491.483840942,-208.336715698,0.42919921875,0.133858267717,0.543307086614,1257672
-489.344924927,-208.061843872,0.43505859375,0.133858267717,0.543307086614,1257677
-487.114349365,-207.979385376,0.443359375,0.133858267717,0.543307086614,1257682
-484.730987549,-208.061843872,0.447265625,0.133858267717,0.543307086614,1257687
-482.133743286,-208.391677856,0.4599609375,0.133858267717,0.527559055118,1257692
-479.383712769,-208.776489258,0.46826171875,0.133858267717,0.527559055118,1257697
-476.511459351,-209.326217651,0.47802734375,0.11811023622,0.527559055118,1257702
-473.516983032,-209.930923462,0.48046875,0.11811023622,0.527559055118,1257707
-470.553070068,-210.618087769,0.48828125,0.11811023622,0.527559055118,1257712
-467.6197052,-211.525146484,0.49267578125,0.11811023622,0.527559055118,1257717
-464.778015137,-212.514648438,0.49853515625,0.102362204724,0.527559055118,1257722
-462.119644165,-213.724060059,0.49755859375,0.102362204724,0.527559055118,1257727
-459.614074707,-215.098388672,0.5009765625,0.102362204724,0.527559055118,1257732
-457.261260986,-216.665115356,0.50244140625,0.102362204724,0.527559055118,1257737
-455.030700684,-218.45173645,0.5048828125,0.0866141732283,0.543307086614,1257742
-452.983459473,-220.430770874,0.50048828125,0.0866141732283,0.543307086614,1257747
-451.058441162,-222.547225952,0.50341796875,0.0866141732283,0.543307086614,1257753
-449.225067139,-224.773635864,0.50341796875,0.0866141732283,0.543307086614,1257757
-447.605621338,-226.945068359,0.5048828125,0.0866141732283,0.543307086614,1257762
-446.138946533,-229.116500854,0.5009765625,0.0866141732283,0.543307086614,1257768
-444.916687012,-231.232955933,0.50341796875,0.0866141732283,0.543307086614,1257773
-443.847229004,-233.266952515,0.5029296875,0.0866141732283,0.55905511811,1257777
-443.022247314,-235.245986938,0.5048828125,0.0866141732283,0.55905511811,1257783
-442.380554199,-237.197525024,0.49951171875,0.0866141732283,0.55905511811,1257787
-441.952789307,-239.039123535,0.50048828125,0.0708661417323,0.55905511811,1257793
-441.616668701,-240.880706787,0.4990234375,0.0708661417323,0.55905511811,1257798
-441.494445801,-242.639846802,0.49853515625,0.0708661417323,0.55905511811,1257803
-441.463897705,-244.344009399,0.4912109375,0.0708661417323,0.574803149606,1257808
-441.555541992,-246.048171997,0.49267578125,0.0708661417323,0.574803149606,1257813
-441.769439697,-247.697357178,0.49169921875,0.0551181102362,0.574803149606,1257818
-442.075012207,-249.264099121,0.490234375,0.0551181102362,0.574803149606,1257823
-442.563903809,-250.858306885,0.4833984375,0.0551181102362,0.574803149606,1257828
-443.144470215,-252.39755249,0.4814453125,0.0551181102362,0.590551181102,1257833
-443.969451904,-253.991775513,0.4765625,0.0551181102362,0.590551181102,1257838
-444.916687012,-255.531005859,0.47265625,0.0393700787402,0.606299212598,1257843
-446.047271729,-257.015289307,0.462890625,0.0393700787402,0.606299212598,1257848
-447.330596924,-258.389602661,0.46142578125,0.0393700787402,0.622047244094,1257853
-448.827850342,-259.708953857,0.4560546875,0.0393700787402,0.622047244094,1257858
-450.508422852,-260.973342896,0.44921875,0.0393700787402,0.637795275591,1257863
-452.311218262,-262.100280762,0.44091796875,0.0393700787402,0.637795275591,1257868
-454.266784668,-263.144775391,0.43798828125,0.0393700787402,0.637795275591,1257873
-456.375152588,-264.024337769,0.43212890625,0.0393700787402,0.653543307087,1257878
-458.636291504,-264.684005737,0.42822265625,0.0393700787402,0.653543307087,1257883
-461.080749512,-265.178771973,0.42138671875,0.0393700787402,0.653543307087,1257888
-463.708557129,-265.481124878,0.421875,0.0393700787402,0.653543307087,1257893
-466.519699097,-265.536087036,0.41845703125,0.0393700787402,0.669291338583,1257898
-469.453063965,-265.371170044,0.41748046875,0.0393700787402,0.669291338583,1257904
-472.478088379,-264.958877563,0.41455078125,0.0393700787402,0.669291338583,1257908
-475.533676147,-264.326690674,0.416015625,0.0393700787402,0.669291338583,1257913
-478.650375366,-263.502090454,0.41552734375,0.0393700787402,0.669291338583,1257918
-481.73651123,-262.567550659,0.41552734375,0.0393700787402,0.685039370079,1257923
-484.822662354,-261.523071289,0.41357421875,0.0551181102362,0.685039370079,1257929
-487.878250122,-260.396118164,0.41552734375,0.0551181102362,0.685039370079,1257934
-490.842163086,-259.186721802,0.4150390625,0.0551181102362,0.685039370079,1257938
-493.775527954,-257.867370605,0.41552734375,0.0708661417323,0.669291338583,1257943
-496.586669922,-256.465545654,0.4140625,0.0708661417323,0.669291338583,1257948
-499.275588989,-254.953796387,0.41552734375,0.0866141732283,0.669291338583,1257954
-501.720046997,-253.359573364,0.41552734375,0.0866141732283,0.669291338583,1257959
-503.889526367,-251.627929688,0.41650390625,0.0866141732283,0.669291338583,1257964
-505.783981323,-249.841308594,0.41357421875,0.102362204724,0.669291338583,1257969
-507.311782837,-247.944747925,0.41650390625,0.102362204724,0.653543307087,1257974
-508.625686646,-245.99319458,0.416015625,0.102362204724,0.653543307087,1257979
-509.695129395,-243.959197998,0.41650390625,0.11811023622,0.653543307087,1257984
-510.520141602,-241.925201416,0.4140625,0.11811023622,0.637795275591,1257989
-511.161819458,-239.891204834,0.416015625,0.11811023622,0.637795275591,1257994
-511.528488159,-237.91217041,0.41552734375,0.11811023622,0.622047244094,1257999
-511.71182251,-236.098068237,0.41552734375,0.11811023622,0.622047244094,1258004
-511.681259155,-234.39390564,0.40625,0.133858267717,0.622047244094,1258009
-511.436813354,-232.827178955,0.40234375,0.133858267717,0.606299212598,1258014
-511.070144653,-231.425354004,0.39453125,0.133858267717,0.606299212598,1258019
-510.520141602,-230.106002808,0.38525390625,0.133858267717,0.606299212598,1258024
-509.847915649,-228.924087524,0.3701171875,0.133858267717,0.606299212598,1258029
-509.145126343,-227.852111816,0.3544921875,0.133858267717,0.606299212598,1258034
-508.442337036,-226.917572021,0.33251953125,0.149606299213,0.590551181102,1258039
-507.708999634,-226.092987061,0.31005859375,0.149606299213,0.590551181102,1258044
-507.036773682,-225.350845337,0.2822265625,0.149606299213,0.590551181102,1258049
-506.42565918,-224.773635864,0.24853515625,0.149606299213,0.590551181102,1258054
-505.875656128,-224.278869629,0.20556640625,0.149606299213,0.590551181102,1258059
-505.356201172,-223.866577148,0.1494140625,0.149606299213,0.590551181102,1258065
-504.86730957,-223.536743164,0.07763671875,0.149606299213,0.590551181102,1258069
-504.408966064,-223.261871338,0.07763671875,0.149606299213,0.590551181102,1258074
0,0,0,0,0,0
-490.81161499,-251.050720215,0.1357421875,0.149606299213,0.653543307087,1258929
-490.842163086,-251.463012695,0.14013671875,0.149606299213,0.653543307087,1258934
-490.933837891,-251.820343018,0.14306640625,0.149606299213,0.653543307087,1258939
-491.086608887,-252.20513916,0.146484375,0.133858267717,0.653543307087,1258944
-491.269943237,-252.562469482,0.15625,0.133858267717,0.669291338583,1258949
-491.453277588,-252.837341309,0.1630859375,0.133858267717,0.669291338583,1258954
-491.728286743,-253.057220459,0.16796875,0.133858267717,0.669291338583,1258959
-491.942169189,-253.22215271,0.17041015625,0.133858267717,0.669291338583,1258964
-492.217178345,-253.387069702,0.1728515625,0.133858267717,0.669291338583,1258969
-492.43107605,-253.469528198,0.177734375,0.133858267717,0.685039370079,1258974
-492.644958496,-253.524505615,0.1787109375,0.133858267717,0.685039370079,1258979
-492.858856201,-253.579467773,0.177734375,0.133858267717,0.685039370079,1258984
-493.103302002,-253.44203186,0.17626953125,0.133858267717,0.685039370079,1258989
-493.408859253,-253.167175293,0.17626953125,0.133858267717,0.685039370079,1258994
-493.775527954,-252.754882812,0.1767578125,0.133858267717,0.685039370079,1258999
-494.29498291,-252.095199585,0.17578125,0.133858267717,0.685039370079,1259004
-494.814422607,-251.215637207,0.17578125,0.133858267717,0.685039370079,1259009
-495.425552368,-250.088684082,0.177734375,0.133858267717,0.685039370079,1259014
-496.03666687,-248.604415894,0.1806640625,0.133858267717,0.669291338583,1259019
-496.586669922,-246.900253296,0.1865234375,0.133858267717,0.669291338583,1259024
-497.075561523,-245.003692627,0.18994140625,0.133858267717,0.669291338583,1259029
-497.411682129,-242.88722229,0.19580078125,0.133858267717,0.669291338583,1259034
-497.625564575,-240.660827637,0.20263671875,0.133858267717,0.653543307087,1259040
-497.65612793,-238.269500732,0.216796875,0.133858267717,0.653543307087,1259044
-497.472793579,-235.823196411,0.2255859375,0.133858267717,0.653543307087,1259049
-496.953338623,-233.376907349,0.24169921875,0.133858267717,0.637795275591,1259055
-496.067214966,-230.985580444,0.2587890625,0.133858267717,0.637795275591,1259059
-494.844985962,-228.621734619,0.275390625,0.133858267717,0.622047244094,1259064
-493.256072998,-226.285385132,0.29541015625,0.133858267717,0.622047244094,1259070
-491.422729492,-224.05897522,0.31591796875,0.133858267717,0.622047244094,1259075
-489.375488281,-221.887542725,0.333984375,0.133858267717,0.606299212598,1259080
-487.114349365,-219.963500977,0.34765625,0.133858267717,0.606299212598,1259085
-484.761550903,-218.259338379,0.3583984375,0.133858267717,0.606299212598,1259090
-482.286529541,-216.775054932,0.37109375,0.133858267717,0.590551181102,1259095
-479.75038147,-215.428222656,0.38330078125,0.11811023622,0.590551181102,1259100
-477.153137207,-214.273788452,0.388671875,0.11811023622,0.590551181102,1259105
-474.46421814,-213.28427124,0.39794921875,0.11811023622,0.574803149606,1259110
-471.775299072,-212.514648438,0.40380859375,0.102362204724,0.574803149606,1259115
-469.086395264,-211.964920044,0.41015625,0.102362204724,0.55905511811,1259120
-466.550247192,-211.60760498,0.41015625,0.102362204724,0.55905511811,1259125
-464.105789185,-211.442687988,0.412109375,0.102362204724,0.55905511811,1259130
-461.783538818,-211.525146484,0.4130859375,0.102362204724,0.543307086614,1259135
-459.491851807,-211.745040894,0.41748046875,0.0866141732283,0.543307086614,1259140
-457.230712891,-212.102355957,0.41748046875,0.0866141732283,0.543307086614,1259145
-455.152923584,-212.652084351,0.41845703125,0.0866141732283,0.543307086614,1259150
-453.19732666,-213.229309082,0.42138671875,0.0866141732283,0.543307086614,1259155
-451.455657959,-213.971435547,0.4267578125,0.0866141732283,0.543307086614,1259160
-449.927856445,-214.823516846,0.42578125,0.0866141732283,0.543307086614,1259166
-448.552856445,-215.758056641,0.4267578125,0.0866141732283,0.543307086614,1259170
-447.300048828,-216.857528687,0.427734375,0.0866141732283,0.543307086614,1259175
-446.169494629,-218.149383545,0.4306640625,0.0866141732283,0.543307086614,1259180
-445.100036621,-219.661148071,0.42919921875,0.0866141732283,0.543307086614,1259185
-444.061126709,-221.475250244,0.4287109375,0.0866141732283,0.543307086614,1259190
-443.05279541,-223.481765747,0.42919921875,0.0866141732283,0.543307086614,1259195
-442.105560303,-225.625717163,0.431640625,0.0866141732283,0.543307086614,1259200
-441.219451904,-227.852111816,0.42822265625,0.0708661417323,0.543307086614,1259206
-440.516662598,-230.133499146,0.4287109375,0.0708661417323,0.543307086614,1259210
-439.905548096,-232.442367554,0.427734375,0.0708661417323,0.55905511811,1259215
-439.538879395,-234.778717041,0.4296875,0.0708661417323,0.55905511811,1259220
-439.324981689,-237.08757019,0.42578125,0.0708661417323,0.55905511811,1259226
-439.233306885,-239.286499023,0.4248046875,0.0708661417323,0.55905511811,1259230
-439.26385498,-241.457931519,0.42333984375,0.0708661417323,0.55905511811,1259235
-439.386077881,-243.574386597,0.42529296875,0.0708661417323,0.55905511811,1259240
-439.599975586,-245.635879517,0.42138671875,0.0708661417323,0.55905511811,1259246
-439.966644287,-247.614898682,0.42138671875,0.0551181102362,0.55905511811,1259251
-440.486083984,-249.456497192,0.42041015625,0.0551181102362,0.574803149606,1259256
-441.097229004,-251.215637207,0.4208984375,0.0551181102362,0.574803149606,1259261
-441.861114502,-252.892303467,0.416015625,0.0551181102362,0.574803149606,1259266
-442.777801514,-254.568984985,0.41552734375,0.0551181102362,0.590551181102,1259271
-443.786132812,-256.218170166,0.41357421875,0.0551181102362,0.590551181102,1259276
-444.977813721,-257.839874268,0.41357421875,0.0551181102362,0.606299212598,1259281
-446.322265625,-259.351638794,0.40673828125,0.0551181102362,0.606299212598,1259286
-447.819519043,-260.753448486,0.40380859375,0.0551181102362,0.622047244094,1259291
-449.438964844,-261.962844849,0.39892578125,0.0551181102362,0.622047244094,1259296
-451.180664062,-262.97984314,0.3974609375,0.0551181102362,0.622047244094,1259301
-453.105682373,-263.749465942,0.3916015625,0.0551181102362,0.637795275591,1259306
-455.152923584,-264.244232178,0.3896484375,0.0551181102362,0.637795275591,1259311
-457.444610596,-264.381668091,0.3876953125,0.0551181102362,0.637795275591,1259316
-459.950180054,-264.189254761,0.38818359375,0.0551181102362,0.637795275591,1259321
-462.730773926,-263.529586792,0.384765625,0.0551181102362,0.653543307087,1259326
-465.69468689,-262.512573242,0.38525390625,0.0551181102362,0.653543307087,1259331
-468.811386108,-261.165740967,0.38671875,0.0551181102362,0.653543307087,1259336
-472.019744873,-259.544036865,0.39013671875,0.0551181102362,0.653543307087,1259341
-475.228118896,-257.729934692,0.388671875,0.0551181102362,0.653543307087,1259346
-478.375366211,-255.833358765,0.3896484375,0.0551181102362,0.653543307087,1259351
-481.400405884,-253.909301758,0.39111328125,0.0708661417323,0.653543307087,1259356
-484.303207397,-251.98526001,0.3935546875,0.0708661417323,0.637795275591,1259361
-486.992126465,-250.088684082,0.3916015625,0.0708661417323,0.637795275591,1259367
-489.436599731,-248.164627075,0.39404296875,0.0866141732283,0.637795275591,1259371
-491.606063843,-246.350524902,0.39453125,0.0866141732283,0.637795275591,1259376
-493.378295898,-244.453948975,0.39599609375,0.102362204724,0.622047244094,1259382
-494.753311157,-242.639846802,0.3935546875,0.102362204724,0.622047244094,1259386
-495.731109619,-240.798248291,0.3955078125,0.102362204724,0.622047244094,1259391
-496.281112671,-238.929168701,0.396484375,0.11811023622,0.606299212598,1259396
-496.556106567,-237.060089111,0.3994140625,0.11811023622,0.606299212598,1259402
-496.464447021,-235.053573608,0.396484375,0.11811023622,0.606299212598,1259406
-496.006103516,-233.074554443,0.3916015625,0.11811023622,0.606299212598,1259411
-495.242202759,-231.09552002,0.38134765625,0.133858267717,0.590551181102,1259416
-494.081085205,-229.171463013,0.3642578125,0.133858267717,0.590551181102,1259421
-492.6144104,-227.329879761,0.3369140625,0.133858267717,0.590551181102,1259426
-490.842163086,-225.570739746,0.30859375,0.133858267717,0.590551181102,1259432
-488.825485229,-223.839096069,0.2705078125,0.133858267717,0.590551181102,1259437
-486.656005859,-222.244873047,0.22607421875,0.133858267717,0.574803149606,1259442
-484.455993652,-220.760604858,0.16552734375,0.133858267717,0.574803149606,1259447
-482.286529541,-219.386276245,0.09375,0.133858267717,0.574803149606,1259452
-480.269836426,-218.259338379,0.09375,0.133858267717,0.574803149606,1259457
0,0,0,0,0,0
