x,y,p,xt,yt,time
0,0,0,0,0,0
-493.919967651,-252.517990112,0.18310546875,0.149606299213,0.653543307087,1724791
-493.644958496,-252.79284668,0.18505859375,0.149606299213,0.653543307087,1724797
-493.4921875,-253.040222168,0.18603515625,0.149606299213,0.653543307087,1724801
-493.400512695,-253.232635498,0.1904296875,0.149606299213,0.653543307087,1724807
-493.308853149,-253.370071411,0.216796875,0.149606299213,0.653543307087,1724811
-493.308853149,-253.370071411,0.2421875,0.133858267717,0.669291338583,1724817
-493.217178345,-253.480010986,0.2607421875,0.133858267717,0.669291338583,1724821
-493.217178345,-253.480010986,0.27294921875,0.133858267717,0.669291338583,1724827
-493.186630249,-253.589950562,0.28466796875,0.133858267717,0.669291338583,1724832
-493.186630249,-253.589950562,0.2958984375,0.133858267717,0.669291338583,1724837
-493.217178345,-253.672424316,0.3046875,0.133858267717,0.669291338583,1724842
-493.217178345,-253.672424316,0.31201171875,0.133858267717,0.669291338583,1724847
-493.247741699,-253.754882812,0.31884765625,0.133858267717,0.669291338583,1724852
-493.247741699,-253.754882812,0.322265625,0.133858267717,0.669291338583,1724857
-493.3699646,-253.754882812,0.322265625,0.133858267717,0.669291338583,1724867
-493.55329895,-253.644927979,0.32373046875,0.133858267717,0.669291338583,1724872
-493.889404297,-253.480010986,0.32470703125,0.11811023622,0.669291338583,1724877
-494.347747803,-253.150177002,0.32421875,0.11811023622,0.669291338583,1724882
-495.019973755,-252.572952271,0.32421875,0.11811023622,0.669291338583,1724887
-495.875534058,-251.803329468,0.32470703125,0.11811023622,0.669291338583,1724892
-496.97555542,-250.786331177,0.32666015625,0.11811023622,0.669291338583,1724897
-498.258895874,-249.494476318,0.32568359375,0.11811023622,0.669291338583,1724902
-499.695022583,-248.037689209,0.3251953125,0.11811023622,0.653543307087,1724907
-501.283935547,-246.333526611,0.32568359375,0.11811023622,0.653543307087,1724912
-503.025619507,-244.381988525,0.32763671875,0.11811023622,0.653543307087,1724917
-504.920074463,-242.155578613,0.3291015625,0.133858267717,0.637795275591,1724922
-506.997879028,-239.654312134,0.33154296875,0.133858267717,0.637795275591,1724927
-509.259002686,-236.905654907,0.34130859375,0.133858267717,0.637795275591,1724932
-511.672927856,-233.882141113,0.3544921875,0.133858267717,0.622047244094,1724937
-514.239608765,-230.528793335,0.365234375,0.133858267717,0.622047244094,1724942
-516.989639282,-226.90057373,0.375,0.133858267717,0.622047244094,1724947
-519.80078125,-223.162414551,0.38916015625,0.133858267717,0.606299212598,1724952
-522.611923218,-219.479217529,0.40283203125,0.149606299213,0.606299212598,1724957
-525.331390381,-215.905975342,0.4130859375,0.149606299213,0.606299212598,1724962
-527.928649902,-212.470169067,0.42431640625,0.149606299213,0.590551181102,1724967
-530.37310791,-209.116821289,0.4375,0.149606299213,0.590551181102,1724972
-532.573135376,-205.763458252,0.44970703125,0.149606299213,0.590551181102,1724977
-534.620376587,-202.49256897,0.45849609375,0.149606299213,0.574803149606,1724982
-536.484283447,-199.359115601,0.46533203125,0.149606299213,0.55905511811,1724988
-538.134307861,-196.47303772,0.47021484375,0.149606299213,0.55905511811,1724992
-539.50932312,-193.889297485,0.4755859375,0.149606299213,0.543307086614,1724997
-540.670440674,-191.607925415,0.4765625,0.149606299213,0.527559055118,1725003
-541.617675781,-189.656387329,0.47705078125,0.165354330709,0.527559055118,1725008
-542.351013184,-187.979705811,0.47802734375,0.165354330709,0.511811023622,1725013
-542.93157959,-186.577896118,0.48046875,0.165354330709,0.511811023622,1725018
-543.298248291,-185.478439331,0.47802734375,0.165354330709,0.496062992126,1725023
-543.512130737,-184.708816528,0.478515625,0.181102362205,0.496062992126,1725028
-543.634353638,-184.241546631,0.478515625,0.181102362205,0.496062992126,1725033
-543.664916992,-183.939193726,0.48046875,0.181102362205,0.496062992126,1725038
-543.695465088,-183.82925415,0.4765625,0.196850393701,0.496062992126,1725043
-543.695465088,-183.82925415,0.47021484375,0.196850393701,0.496062992126,1725048
-543.695465088,-183.691818237,0.458984375,0.196850393701,0.496062992126,1725053
-543.695465088,-183.774276733,0.4404296875,0.196850393701,0.496062992126,1725058
-543.695465088,-183.966674805,0.40625,0.212598425197,0.496062992126,1725063
-543.634353638,-184.378982544,0.369140625,0.212598425197,0.496062992126,1725068
-543.603805542,-185.09362793,0.326171875,0.212598425197,0.496062992126,1725073
-543.451019287,-186.110626221,0.2744140625,0.212598425197,0.496062992126,1725078
-543.298248291,-187.402496338,0.2041015625,0.212598425197,0.496062992126,1725083
-543.023239136,-188.996704102,0.13037109375,0.212598425197,0.496062992126,1725088
-542.656570435,-190.838302612,0.0595703125,0.212598425197,0.496062992126,1725092
-542.228790283,-192.817321777,0.0595703125,0.212598425197,0.496062992126,1725098
0,0,0,0,0,0
-539.753768921,-238.692276001,0.1845703125,0.181102362205,0.637795275591,1725219
-540.212097168,-239.5443573,0.1845703125,0.181102362205,0.622047244094,1725224
-540.76210022,-240.313980103,0.18994140625,0.181102362205,0.622047244094,1725229
-541.220443726,-241.028625488,0.2109375,0.181102362205,0.622047244094,1725234
-541.678787231,-241.578369141,0.240234375,0.181102362205,0.622047244094,1725239
-542.076004028,-241.963165283,0.259765625,0.181102362205,0.622047244094,1725244
-542.351013184,-242.21055603,0.28564453125,0.181102362205,0.622047244094,1725249
-542.534347534,-242.347976685,0.30078125,0.181102362205,0.622047244094,1725254
-542.564910889,-242.430435181,0.30712890625,0.181102362205,0.622047244094,1725259
-542.564910889,-242.430435181,0.30517578125,0.196850393701,0.622047244094,1725264
-542.595458984,-242.347976685,0.30615234375,0.212598425197,0.622047244094,1725279
-542.534347534,-242.100601196,0.3037109375,0.212598425197,0.622047244094,1725284
-542.381561279,-241.660827637,0.30517578125,0.212598425197,0.622047244094,1725289
-542.106567383,-240.891204834,0.3056640625,0.212598425197,0.622047244094,1725294
-541.648223877,-239.791732788,0.30908203125,0.212598425197,0.622047244094,1725299
-540.975997925,-238.362442017,0.3125,0.212598425197,0.622047244094,1725304
-540.089874268,-236.520843506,0.32373046875,0.196850393701,0.622047244094,1725309
-538.989868164,-234.404388428,0.337890625,0.196850393701,0.622047244094,1725314
-537.675964355,-232.013061523,0.35107421875,0.196850393701,0.622047244094,1725319
-536.178726196,-229.511795044,0.359375,0.181102362205,0.637795275591,1725324
-534.528717041,-226.928070068,0.373046875,0.181102362205,0.622047244094,1725329
-532.725921631,-224.371826172,0.38671875,0.165354330709,0.622047244094,1725334
-530.770339966,-221.898040771,0.40087890625,0.165354330709,0.622047244094,1725340
-528.814758301,-219.616653442,0.4091796875,0.165354330709,0.622047244094,1725344
-526.798080444,-217.500198364,0.42138671875,0.149606299213,0.606299212598,1725350
-524.720275879,-215.438705444,0.43212890625,0.149606299213,0.606299212598,1725354
-522.673034668,-213.404708862,0.443359375,0.149606299213,0.606299212598,1725359
-520.595230103,-211.205795288,0.44677734375,0.149606299213,0.590551181102,1725364
-518.517440796,-208.951904297,0.453125,0.149606299213,0.590551181102,1725369
-516.470199585,-206.615539551,0.4580078125,0.133858267717,0.574803149606,1725375
-514.39239502,-204.251708984,0.4619140625,0.133858267717,0.574803149606,1725379
-512.345153809,-201.887878418,0.4609375,0.133858267717,0.55905511811,1725385
-510.389572144,-199.551513672,0.4638671875,0.133858267717,0.55905511811,1725390
-508.464553833,-197.297622681,0.46484375,0.133858267717,0.543307086614,1725395
-506.631210327,-195.098709106,0.4677734375,0.133858267717,0.543307086614,1725400
-504.920074463,-192.982254028,0.46435546875,0.133858267717,0.527559055118,1725405
-503.147842407,-191.030700684,0.46826171875,0.133858267717,0.527559055118,1725410
-501.406158447,-189.271575928,0.46826171875,0.133858267717,0.511811023622,1725415
-499.633911133,-187.677352905,0.47021484375,0.133858267717,0.511811023622,1725420
-497.892227173,-186.303024292,0.466796875,0.133858267717,0.496062992126,1725425
-496.272766113,-185.121109009,0.46875,0.11811023622,0.496062992126,1725430
-494.775527954,-184.076629639,0.46875,0.11811023622,0.496062992126,1725435
-493.400512695,-183.22454834,0.47119140625,0.11811023622,0.496062992126,1725440
-492.117172241,-182.427429199,0.466796875,0.11811023622,0.48031496063,1725445
-491.047714233,-181.76776123,0.4697265625,0.11811023622,0.48031496063,1725450
-490.06993103,-181.245513916,0.4697265625,0.11811023622,0.48031496063,1725455
-489.214355469,-180.750762939,0.4716796875,0.11811023622,0.48031496063,1725460
-488.542129517,-180.365951538,0.4677734375,0.11811023622,0.48031496063,1725465
-487.931015015,-180.091079712,0.46875,0.11811023622,0.48031496063,1725470
-487.533782959,-179.871185303,0.46484375,0.11811023622,0.48031496063,1725475
-487.319900513,-179.733764648,0.4599609375,0.11811023622,0.48031496063,1725480
-487.197677612,-179.678787231,0.4462890625,0.11811023622,0.48031496063,1725485
-487.197677612,-179.678787231,0.4345703125,0.11811023622,0.48031496063,1725490
-487.106002808,-179.568847656,0.4169921875,0.11811023622,0.48031496063,1725495
-487.106002808,-179.568847656,0.39501953125,0.11811023622,0.48031496063,1725500
-487.106002808,-179.568847656,0.36572265625,0.11811023622,0.48031496063,1725505
-487.106002808,-179.568847656,0.33056640625,0.11811023622,0.48031496063,1725510
-487.106002808,-179.568847656,0.279296875,0.11811023622,0.48031496063,1725515
-487.014343262,-179.568847656,0.20361328125,0.11811023622,0.48031496063,1725520
-487.014343262,-179.678787231,0.08984375,0.11811023622,0.48031496063,1725525
-487.136566162,-179.843704224,0.08984375,0.11811023622,0.48031496063,1725530
0,0,0,0,0,0
-478.519805908,-248.999710083,0.14453125,0.149606299213,0.590551181102,1726315
-479.06980896,-248.752334595,0.1455078125,0.149606299213,0.606299212598,1726320
-479.742034912,-248.449981689,0.14501953125,0.149606299213,0.606299212598,1726325
-480.505935669,-248.010192871,0.14697265625,0.149606299213,0.606299212598,1726330
-481.422607422,-247.405502319,0.16015625,0.149606299213,0.606299212598,1726335
-482.49206543,-246.663360596,0.1796875,0.149606299213,0.606299212598,1726340
-483.714309692,-245.728820801,0.1953125,0.149606299213,0.606299212598,1726345
-485.058761597,-244.739303589,0.2119140625,0.149606299213,0.606299212598,1726351
-486.433776855,-243.612365723,0.220703125,0.149606299213,0.606299212598,1726355
-487.77822876,-242.375473022,0.2294921875,0.149606299213,0.606299212598,1726360
-489.092132568,-241.028625488,0.23583984375,0.149606299213,0.606299212598,1726365
-490.406036377,-239.489395142,0.2470703125,0.149606299213,0.606299212598,1726370
-491.781051636,-237.730255127,0.26025390625,0.149606299213,0.590551181102,1726375
-493.339401245,-235.778717041,0.27490234375,0.149606299213,0.590551181102,1726380
-495.142196655,-233.607284546,0.28515625,0.149606299213,0.590551181102,1726385
-497.128326416,-231.298416138,0.3037109375,0.165354330709,0.590551181102,1726390
-499.328353882,-228.879608154,0.32177734375,0.165354330709,0.590551181102,1726395
-501.650604248,-226.240905762,0.33984375,0.165354330709,0.574803149606,1726400
-504.217285156,-223.409790039,0.353515625,0.165354330709,0.574803149606,1726404
-507.028427124,-220.468734741,0.36962890625,0.165354330709,0.574803149606,1726410
-510.236801147,-217.39024353,0.38525390625,0.165354330709,0.574803149606,1726415
-513.720169067,-214.28427124,0.40087890625,0.165354330709,0.55905511811,1726419
-517.356307983,-211.123336792,0.412109375,0.165354330709,0.55905511811,1726425
-520.992462158,-207.879928589,0.42626953125,0.181102362205,0.55905511811,1726430
-524.475830078,-204.664001465,0.435546875,0.181102362205,0.543307086614,1726436
-527.623077393,-201.585525513,0.4462890625,0.181102362205,0.543307086614,1726440
-530.43421936,-198.75440979,0.4462890625,0.181102362205,0.527559055118,1726446
-532.817581177,-196.170684814,0.45166015625,0.181102362205,0.527559055118,1726450
-534.742599487,-193.834335327,0.453125,0.181102362205,0.511811023622,1726456
-536.331512451,-191.772842407,0.455078125,0.196850393701,0.496062992126,1726460
-537.584289551,-189.931243896,0.45166015625,0.196850393701,0.496062992126,1726466
-538.562088013,-188.337036133,0.453125,0.196850393701,0.48031496063,1726471
-539.295425415,-186.907730103,0.453125,0.196850393701,0.48031496063,1726476
-539.814880371,-185.670837402,0.45458984375,0.196850393701,0.48031496063,1726481
-540.181549072,-184.598861694,0.4482421875,0.196850393701,0.48031496063,1726486
-540.456542969,-183.746780396,0.4404296875,0.196850393701,0.48031496063,1726490
-540.609329224,-183.059631348,0.423828125,0.196850393701,0.464566929134,1726496
-540.76210022,-182.59236145,0.39990234375,0.196850393701,0.464566929134,1726501
-540.792663574,-182.317489624,0.3642578125,0.196850393701,0.464566929134,1726505
-540.792663574,-182.152572632,0.33544921875,0.196850393701,0.464566929134,1726511
-540.792663574,-182.152572632,0.3017578125,0.196850393701,0.464566929134,1726516
-540.70098877,-182.372467041,0.2451171875,0.196850393701,0.464566929134,1726521
-540.548217773,-182.839736938,0.1376953125,0.196850393701,0.464566929134,1726526
-540.212097168,-183.63684082,0.03857421875,0.196850393701,0.464566929134,1726531
-539.753768921,-184.818756104,0.03857421875,0.196850393701,0.464566929134,1726536
0,0,0,0,0,0
-521.42024231,-250.181625366,0.18212890625,0.196850393701,0.606299212598,1726687
-521.756362915,-250.566436768,0.18310546875,0.196850393701,0.606299212598,1726692
-522.031356812,-250.731369019,0.1845703125,0.196850393701,0.606299212598,1726697
-522.336914062,-250.868789673,0.1845703125,0.196850393701,0.606299212598,1726702
-522.489700317,-250.813827515,0.18359375,0.196850393701,0.606299212598,1726707
-522.611923218,-250.621414185,0.185546875,0.196850393701,0.606299212598,1726712
-522.856369019,-250.236602783,0.18994140625,0.196850393701,0.606299212598,1726717
-523.070266724,-249.604415894,0.19775390625,0.196850393701,0.606299212598,1726722
-523.34526062,-248.724853516,0.21240234375,0.196850393701,0.622047244094,1726727
-523.528594971,-247.542922974,0.22412109375,0.196850393701,0.622047244094,1726732
-523.620269775,-246.058654785,0.236328125,0.196850393701,0.622047244094,1726737
-523.559158325,-244.162094116,0.25537109375,0.196850393701,0.637795275591,1726742
-523.375823975,-241.853225708,0.27099609375,0.196850393701,0.622047244094,1726747
-523.039703369,-239.10458374,0.29345703125,0.196850393701,0.622047244094,1726753
-522.459136963,-236.108551025,0.3125,0.196850393701,0.622047244094,1726757
-521.695251465,-232.975097656,0.330078125,0.196850393701,0.606299212598,1726762
-520.778564453,-229.731689453,0.34228515625,0.196850393701,0.606299212598,1726767
-519.648010254,-226.653198242,0.3525390625,0.196850393701,0.606299212598,1726772
-518.364654541,-223.657165527,0.36279296875,0.196850393701,0.590551181102,1726777
-516.928527832,-220.990982056,0.37255859375,0.196850393701,0.590551181102,1726782
-515.339630127,-218.654632568,0.38232421875,0.196850393701,0.574803149606,1726788
-513.567382812,-216.483200073,0.39794921875,0.196850393701,0.55905511811,1726792
-511.611816406,-214.449203491,0.41357421875,0.196850393701,0.55905511811,1726798
-509.534011841,-212.470169067,0.42626953125,0.196850393701,0.55905511811,1726802
-507.211761475,-210.463653564,0.43603515625,0.196850393701,0.543307086614,1726808
-504.736740112,-208.512115479,0.44580078125,0.196850393701,0.543307086614,1726812
-502.108932495,-206.560577393,0.4501953125,0.196850393701,0.527559055118,1726817
-499.267242432,-204.664001465,0.4541015625,0.196850393701,0.527559055118,1726822
-496.272766113,-202.794921875,0.45556640625,0.196850393701,0.511811023622,1726828
-493.217178345,-201.035797119,0.45947265625,0.181102362205,0.511811023622,1726832
-490.06993103,-199.276657104,0.462890625,0.181102362205,0.496062992126,1726838
-486.892120361,-197.627471924,0.4658203125,0.181102362205,0.496062992126,1726843
-483.714309692,-196.06072998,0.4677734375,0.181102362205,0.48031496063,1726848
-480.628158569,-194.576461792,0.47119140625,0.165354330709,0.48031496063,1726853
-477.664245605,-193.202133179,0.47265625,0.165354330709,0.464566929134,1726858
-474.853103638,-191.937759399,0.47412109375,0.165354330709,0.464566929134,1726863
-472.225296021,-190.810821533,0.47265625,0.149606299213,0.464566929134,1726868
-469.780822754,-189.821304321,0.47412109375,0.149606299213,0.448818897638,1726873
-467.489135742,-188.914245605,0.47509765625,0.149606299213,0.448818897638,1726878
-465.411346436,-188.172119141,0.47412109375,0.149606299213,0.448818897638,1726883
-463.547439575,-187.512435913,0.47265625,0.149606299213,0.448818897638,1726888
-461.897415161,-186.93522644,0.474609375,0.149606299213,0.448818897638,1726893
-460.522399902,-186.495437622,0.4755859375,0.149606299213,0.448818897638,1726898
-459.36126709,-186.083145142,0.47509765625,0.149606299213,0.448818897638,1726903
-458.4140625,-185.725814819,0.47314453125,0.149606299213,0.448818897638,1726907
-457.650146484,-185.478439331,0.47509765625,0.149606299213,0.448818897638,1726913
-457.039031982,-185.203567505,0.47509765625,0.149606299213,0.448818897638,1726918
-456.611236572,-185.038650513,0.47314453125,0.149606299213,0.448818897638,1726923
-456.366790771,-184.928710938,0.46875,0.149606299213,0.448818897638,1726927
-456.18347168,-184.818756104,0.46728515625,0.149606299213,0.448818897638,1726933
-456.18347168,-184.818756104,0.462890625,0.149606299213,0.448818897638,1726938
-456.18347168,-184.818756104,0.455078125,0.149606299213,0.448818897638,1726942
-456.091796875,-184.818756104,0.44384765625,0.149606299213,0.448818897638,1726948
-456.091796875,-184.818756104,0.43115234375,0.149606299213,0.448818897638,1726953
-456.091796875,-184.818756104,0.41357421875,0.149606299213,0.448818897638,1726959
-456.091796875,-184.818756104,0.39013671875,0.149606299213,0.448818897638,1726963
-456.091796875,-184.818756104,0.36376953125,0.149606299213,0.448818897638,1726968
-456.091796875,-184.818756104,0.326171875,0.149606299213,0.448818897638,1726973
-456.214019775,-184.763793945,0.2734375,0.149606299213,0.448818897638,1726977
-456.42791748,-184.763793945,0.201171875,0.149606299213,0.448818897638,1726983
-456.764038086,-184.763793945,0.11474609375,0.149606299213,0.448818897638,1726988
-457.252929688,-184.791275024,0.11474609375,0.149606299213,0.448818897638,1726993
0,0,0,0,0,0
-463.914108276,-249.87928772,0.19287109375,0.149606299213,0.606299212598,1727773
-464.097442627,-250.209121704,0.1875,0.133858267717,0.590551181102,1727779
-464.433547974,-250.483978271,0.18798828125,0.133858267717,0.590551181102,1727783
-464.769668579,-250.703872681,0.18798828125,0.133858267717,0.590551181102,1727788
-465.07522583,-250.841308594,0.193359375,0.133858267717,0.590551181102,1727793
-465.411346436,-250.868789673,0.1982421875,0.133858267717,0.590551181102,1727798
-465.686340332,-250.896286011,0.20263671875,0.133858267717,0.590551181102,1727803
-466.022460938,-250.813827515,0.20361328125,0.133858267717,0.590551181102,1727808
-466.450241089,-250.593933105,0.20751953125,0.133858267717,0.590551181102,1727813
-467.030807495,-250.181625366,0.21728515625,0.133858267717,0.606299212598,1727818
-467.978027344,-249.494476318,0.2255859375,0.133858267717,0.606299212598,1727823
-469.108596802,-248.532440186,0.23681640625,0.133858267717,0.590551181102,1727828
-470.483612061,-247.268066406,0.2509765625,0.133858267717,0.590551181102,1727833
-472.072525024,-245.75630188,0.25927734375,0.133858267717,0.590551181102,1727838
-473.753097534,-243.914718628,0.27099609375,0.133858267717,0.590551181102,1727842
-475.64755249,-241.825744629,0.27734375,0.133858267717,0.590551181102,1727848
-477.664245605,-239.489395142,0.28857421875,0.133858267717,0.590551181102,1727853
-479.803161621,-236.960632324,0.298828125,0.133858267717,0.574803149606,1727858
-482.094848633,-234.266952515,0.31005859375,0.133858267717,0.574803149606,1727863
-484.47819519,-231.408355713,0.3212890625,0.133858267717,0.574803149606,1727869
-487.106002808,-228.494796753,0.33837890625,0.133858267717,0.574803149606,1727873
-489.856033325,-225.443786621,0.35205078125,0.149606299213,0.574803149606,1727879
-492.789398193,-222.392791748,0.3681640625,0.149606299213,0.55905511811,1727883
-495.844985962,-219.314300537,0.380859375,0.149606299213,0.55905511811,1727889
-498.961685181,-216.208328247,0.39794921875,0.165354330709,0.55905511811,1727893
-502.13949585,-213.019897461,0.41015625,0.165354330709,0.543307086614,1727899
-505.225631714,-209.776489258,0.423828125,0.165354330709,0.543307086614,1727903
-508.281219482,-206.450622559,0.4306640625,0.181102362205,0.543307086614,1727909
-511.245147705,-203.179733276,0.43994140625,0.181102362205,0.527559055118,1727914
-514.086837769,-199.936325073,0.44775390625,0.181102362205,0.527559055118,1727919
-516.836868286,-196.747894287,0.453125,0.181102362205,0.511811023622,1727924
-519.403549194,-193.641921997,0.45458984375,0.196850393701,0.511811023622,1727929
-521.725799561,-190.700866699,0.45947265625,0.196850393701,0.496062992126,1727934
-523.986938477,-187.952224731,0.46044921875,0.196850393701,0.496062992126,1727939
-526.034179688,-185.423461914,0.4609375,0.196850393701,0.48031496063,1727944
-527.867538452,-183.087112427,0.458984375,0.196850393701,0.48031496063,1727949
-529.517547607,-180.943161011,0.46142578125,0.196850393701,0.464566929134,1727954
-530.923110962,-179.019119263,0.462890625,0.196850393701,0.464566929134,1727959
-532.17590332,-177.397415161,0.4619140625,0.196850393701,0.464566929134,1727964
-533.214813232,-176.023086548,0.45947265625,0.196850393701,0.464566929134,1727969
-534.039810181,-174.923629761,0.455078125,0.196850393701,0.464566929134,1727974
-534.681488037,-174.154006958,0.4443359375,0.196850393701,0.464566929134,1727979
-535.109268188,-173.741699219,0.4296875,0.196850393701,0.464566929134,1727984
-535.323165894,-173.521820068,0.4169921875,0.196850393701,0.464566929134,1727989
-535.414825439,-173.549301147,0.4033203125,0.196850393701,0.464566929134,1727994
-535.445388794,-173.741699219,0.36962890625,0.196850393701,0.464566929134,1728000
-535.445388794,-174.154006958,0.306640625,0.196850393701,0.448818897638,1728004
-535.47593689,-174.978591919,0.220703125,0.196850393701,0.448818897638,1728009
-535.384277344,-176.215484619,0.09765625,0.196850393701,0.448818897638,1728013
-535.200942993,-177.919647217,0.09765625,0.196850393701,0.448818897638,1728019
0,0,0,0,0,0
-519.311889648,-247.735336304,0.2509765625,0.228346456693,0.622047244094,1728180
-519.495223999,-247.707855225,0.2509765625,0.228346456693,0.606299212598,1728185
-519.709121704,-247.707855225,0.251953125,0.212598425197,0.606299212598,1728190
-519.892456055,-247.707855225,0.24951171875,0.212598425197,0.606299212598,1728196
-519.984115601,-247.570419312,0.2470703125,0.212598425197,0.590551181102,1728206
-520.045227051,-247.295547485,0.248046875,0.212598425197,0.590551181102,1728210
-520.106338501,-246.718338013,0.25048828125,0.212598425197,0.590551181102,1728216
-520.014678955,-245.811279297,0.26025390625,0.212598425197,0.590551181102,1728220
-519.831344604,-244.409469604,0.27197265625,0.212598425197,0.590551181102,1728226
-519.373001099,-242.567871094,0.2880859375,0.212598425197,0.590551181102,1728230
-518.609100342,-240.14906311,0.30517578125,0.212598425197,0.590551181102,1728236
-517.539642334,-237.125549316,0.3193359375,0.212598425197,0.590551181102,1728240
-516.19519043,-233.662246704,0.33154296875,0.212598425197,0.590551181102,1728245
-514.606292725,-229.814147949,0.345703125,0.212598425197,0.590551181102,1728250
-512.803482056,-225.883575439,0.36083984375,0.212598425197,0.574803149606,1728255
-510.847915649,-222.007980347,0.38623046875,0.212598425197,0.574803149606,1728260
-508.647888184,-218.132385254,0.40478515625,0.212598425197,0.574803149606,1728266
-506.142303467,-214.421707153,0.4228515625,0.196850393701,0.55905511811,1728270
-503.361724854,-210.76600647,0.4365234375,0.196850393701,0.55905511811,1728275
-500.245025635,-207.055328369,0.453125,0.196850393701,0.543307086614,1728281
-496.91444397,-203.454605103,0.45947265625,0.196850393701,0.543307086614,1728286
-493.461624146,-199.826385498,0.47021484375,0.196850393701,0.527559055118,1728291
-490.039367676,-196.363082886,0.47705078125,0.181102362205,0.511811023622,1728296
-486.739334106,-193.009735107,0.48193359375,0.181102362205,0.496062992126,1728301
-483.622634888,-189.958740234,0.4794921875,0.181102362205,0.496062992126,1728306
-480.81149292,-187.210083008,0.48193359375,0.181102362205,0.48031496063,1728310
-478.305923462,-184.873733521,0.482421875,0.165354330709,0.464566929134,1728316
-476.136444092,-182.894699097,0.48583984375,0.165354330709,0.464566929134,1728321
-474.211425781,-181.190551758,0.482421875,0.165354330709,0.448818897638,1728325
-472.500305176,-179.706268311,0.48388671875,0.165354330709,0.448818897638,1728331
-470.941955566,-178.441894531,0.484375,0.149606299213,0.433070866142,1728336
-469.566940308,-177.397415161,0.4873046875,0.149606299213,0.433070866142,1728341
-468.375259399,-176.435379028,0.4833984375,0.149606299213,0.433070866142,1728346
-467.336364746,-175.748214722,0.4833984375,0.149606299213,0.433070866142,1728351
-466.511352539,-175.253463745,0.4833984375,0.149606299213,0.433070866142,1728356
-465.778015137,-174.868652344,0.4833984375,0.149606299213,0.433070866142,1728360
-465.19744873,-174.703735352,0.4765625,0.149606299213,0.433070866142,1728366
-464.739105225,-174.593780518,0.4736328125,0.149606299213,0.433070866142,1728371
-464.341888428,-174.511322021,0.47021484375,0.149606299213,0.433070866142,1728376
-464.005767822,-174.511322021,0.46826171875,0.149606299213,0.433070866142,1728381
-463.761322021,-174.483840942,0.46142578125,0.149606299213,0.433070866142,1728386
-463.577987671,-174.511322021,0.4599609375,0.149606299213,0.433070866142,1728391
-463.577987671,-174.511322021,0.45654296875,0.149606299213,0.433070866142,1728395
-463.486328125,-174.538818359,0.45458984375,0.149606299213,0.433070866142,1728400
-463.486328125,-174.538818359,0.44775390625,0.149606299213,0.433070866142,1728406
-463.486328125,-174.538818359,0.44580078125,0.149606299213,0.433070866142,1728411
-463.486328125,-174.538818359,0.44091796875,0.149606299213,0.433070866142,1728416
-463.486328125,-174.538818359,0.4345703125,0.149606299213,0.433070866142,1728421
-463.577987671,-174.483840942,0.41943359375,0.149606299213,0.433070866142,1728427
-463.577987671,-174.483840942,0.40185546875,0.149606299213,0.433070866142,1728431
-463.577987671,-174.483840942,0.3720703125,0.149606299213,0.433070866142,1728437
-463.639099121,-174.593780518,0.3349609375,0.149606299213,0.433070866142,1728441
-463.639099121,-174.593780518,0.28759765625,0.149606299213,0.433070866142,1728447
-463.669662476,-174.731216431,0.23681640625,0.149606299213,0.433070866142,1728451
-463.669662476,-174.868652344,0.16455078125,0.149606299213,0.433070866142,1728457
-463.577987671,-175.061050415,0.08837890625,0.149606299213,0.433070866142,1728462
-463.516876221,-175.253463745,0.08837890625,0.149606299213,0.433070866142,1728467
0,0,0,0,0,0
-457.619598389,-236.905654907,0.189453125,0.149606299213,0.622047244094,1729191
-457.314025879,-237.235488892,0.18896484375,0.133858267717,0.606299212598,1729196
-457.130706787,-237.565338135,0.19189453125,0.133858267717,0.606299212598,1729201
-456.947357178,-238.005111694,0.19287109375,0.133858267717,0.590551181102,1729206
-456.855712891,-238.472381592,0.20556640625,0.133858267717,0.590551181102,1729211
-456.794586182,-238.91217041,0.2216796875,0.133858267717,0.590551181102,1729216
-456.794586182,-239.379440308,0.23828125,0.133858267717,0.574803149606,1729220
-456.825134277,-239.73677063,0.25537109375,0.133858267717,0.574803149606,1729226
-456.825134277,-240.039123535,0.26904296875,0.11811023622,0.574803149606,1729231
-456.886260986,-240.259002686,0.2861328125,0.11811023622,0.574803149606,1729236
-457.008483887,-240.34147644,0.30126953125,0.11811023622,0.574803149606,1729240
-457.100158691,-240.396438599,0.3046875,0.11811023622,0.574803149606,1729246
-457.222381592,-240.36895752,0.3056640625,0.11811023622,0.574803149606,1729251
-457.497375488,-240.204040527,0.306640625,0.11811023622,0.574803149606,1729256
-457.955718994,-239.929168701,0.30908203125,0.11811023622,0.574803149606,1729261
-458.627929688,-239.406921387,0.3115234375,0.11811023622,0.574803149606,1729266
-459.605712891,-238.637313843,0.31787109375,0.11811023622,0.574803149606,1729271
-460.858520508,-237.565338135,0.32568359375,0.11811023622,0.574803149606,1729276
-462.325195312,-236.218490601,0.33544921875,0.102362204724,0.574803149606,1729281
-464.097442627,-234.514328003,0.33837890625,0.102362204724,0.574803149606,1729286
-466.083572388,-232.562789917,0.34375,0.102362204724,0.574803149606,1729291
-468.191925049,-230.336380005,0.3515625,0.102362204724,0.574803149606,1729296
-470.42250061,-227.835113525,0.3623046875,0.102362204724,0.574803149606,1729301
-472.683639526,-225.196411133,0.36865234375,0.11811023622,0.574803149606,1729305
-475.067001343,-222.420272827,0.3828125,0.11811023622,0.574803149606,1729311
-477.664245605,-219.534194946,0.3955078125,0.11811023622,0.574803149606,1729317
-480.444824219,-216.620635986,0.40869140625,0.11811023622,0.55905511811,1729321
-483.500411987,-213.542144775,0.416015625,0.11811023622,0.55905511811,1729326
-486.769897461,-210.353713989,0.42626953125,0.11811023622,0.55905511811,1729331
-490.222702026,-206.945388794,0.435546875,0.133858267717,0.543307086614,1729337
-493.828292847,-203.427108765,0.4482421875,0.133858267717,0.543307086614,1729341
-497.525558472,-199.881362915,0.455078125,0.133858267717,0.527559055118,1729346
-501.192260742,-196.335601807,0.462890625,0.149606299213,0.527559055118,1729351
-504.614517212,-192.927276611,0.46923828125,0.149606299213,0.511811023622,1729357
-507.853439331,-189.766326904,0.47412109375,0.149606299213,0.511811023622,1729361
-510.725692749,-186.74281311,0.47314453125,0.165354330709,0.496062992126,1729367
-513.322937012,-183.939193726,0.4755859375,0.165354330709,0.496062992126,1729372
-515.645187378,-181.300491333,0.47802734375,0.165354330709,0.48031496063,1729377
-517.600753784,-178.88168335,0.48095703125,0.181102362205,0.48031496063,1729382
-519.250778198,-176.682754517,0.47900390625,0.181102362205,0.48031496063,1729387
-520.564682007,-174.731216431,0.48095703125,0.181102362205,0.464566929134,1729392
-521.573028564,-172.999572754,0.4814453125,0.181102362205,0.464566929134,1729397
-522.398025513,-171.487808228,0.48388671875,0.181102362205,0.464566929134,1729402
-522.978591919,-170.223434448,0.47998046875,0.196850393701,0.464566929134,1729407
-523.40637207,-169.261413574,0.48193359375,0.196850393701,0.464566929134,1729412
-523.620269775,-168.54675293,0.4814453125,0.196850393701,0.464566929134,1729417
-523.773040771,-168.161941528,0.47900390625,0.196850393701,0.464566929134,1729422
-523.834152222,-168.024520874,0.46484375,0.196850393701,0.464566929134,1729427
-523.834152222,-168.024520874,0.458984375,0.196850393701,0.464566929134,1729432
-523.895263672,-168.10697937,0.45166015625,0.196850393701,0.464566929134,1729438
-523.895263672,-168.271896362,0.43994140625,0.196850393701,0.464566929134,1729442
-523.895263672,-168.629211426,0.4013671875,0.196850393701,0.464566929134,1729446
-523.742492676,-169.288894653,0.3623046875,0.196850393701,0.464566929134,1729452
-523.467483521,-170.305892944,0.3115234375,0.196850393701,0.464566929134,1729457
-523.009155273,-171.707702637,0.24658203125,0.196850393701,0.464566929134,1729462
-522.398025513,-173.411865234,0.1708984375,0.196850393701,0.464566929134,1729467
-521.695251465,-175.473358154,0.11279296875,0.196850393701,0.464566929134,1729472
-520.809127808,-177.699752808,0.01025390625,0.196850393701,0.464566929134,1729477
-519.831344604,-180.11857605,0.01025390625,0.196850393701,0.464566929134,1729482
0,0,0,0,0,0
-507.028427124,-239.242004395,0.16064453125,0.196850393701,0.590551181102,1729618
-507.333984375,-240.176544189,0.1650390625,0.196850393701,0.590551181102,1729623
-507.639541626,-241.028625488,0.16455078125,0.196850393701,0.574803149606,1729628
-507.792327881,-241.853225708,0.16748046875,0.196850393701,0.574803149606,1729633
-507.914550781,-242.512908936,0.185546875,0.196850393701,0.574803149606,1729638
-508.006225586,-243.007659912,0.2119140625,0.196850393701,0.574803149606,1729643
-508.097885132,-243.337493896,0.22509765625,0.196850393701,0.574803149606,1729647
-508.189559937,-243.47492981,0.236328125,0.196850393701,0.574803149606,1729653
-508.250671387,-243.557388306,0.23876953125,0.196850393701,0.574803149606,1729658
-508.250671387,-243.557388306,0.240234375,0.196850393701,0.574803149606,1729663
-508.250671387,-243.557388306,0.236328125,0.196850393701,0.574803149606,1729668
-508.250671387,-243.364990234,0.23779296875,0.196850393701,0.574803149606,1729673
-508.220108032,-243.062637329,0.23828125,0.196850393701,0.574803149606,1729678
-508.158996582,-242.512908936,0.24169921875,0.196850393701,0.574803149606,1729683
-508.067337036,-241.688308716,0.2490234375,0.196850393701,0.574803149606,1729688
-507.853439331,-240.616333008,0.26318359375,0.196850393701,0.574803149606,1729693
-507.517318726,-239.187042236,0.271484375,0.196850393701,0.574803149606,1729698
-507.089538574,-237.427902222,0.2861328125,0.196850393701,0.574803149606,1729703
-506.478424072,-235.421386719,0.291015625,0.196850393701,0.574803149606,1729708
-505.714523315,-233.167495728,0.30419921875,0.196850393701,0.574803149606,1729713
-504.797851562,-230.803665161,0.310546875,0.196850393701,0.574803149606,1729719
-503.667282104,-228.384841919,0.32177734375,0.196850393701,0.574803149606,1729723
-502.414489746,-225.993515015,0.32666015625,0.196850393701,0.574803149606,1729729
-501.008926392,-223.629684448,0.3427734375,0.196850393701,0.574803149606,1729734
-499.389465332,-221.32081604,0.35546875,0.196850393701,0.574803149606,1729739
-497.678329468,-219.066925049,0.3720703125,0.196850393701,0.55905511811,1729744
-495.753311157,-216.785552979,0.38232421875,0.196850393701,0.55905511811,1729749
-493.706069946,-214.531661987,0.3994140625,0.196850393701,0.55905511811,1729754
-491.444946289,-212.167816162,0.4111328125,0.196850393701,0.543307086614,1729759
-488.969909668,-209.639053345,0.42333984375,0.181102362205,0.543307086614,1729764
-486.372665405,-206.972869873,0.43310546875,0.181102362205,0.543307086614,1729769
-483.561523438,-204.196731567,0.44482421875,0.181102362205,0.527559055118,1729774
-480.780944824,-201.365631104,0.4521484375,0.181102362205,0.527559055118,1729778
-477.969802856,-198.507034302,0.4609375,0.165354330709,0.511811023622,1729784
-475.128112793,-195.675918579,0.4638671875,0.165354330709,0.511811023622,1729789
-472.286407471,-192.927276611,0.4716796875,0.165354330709,0.496062992126,1729794
-469.353042603,-190.371032715,0.47509765625,0.149606299213,0.496062992126,1729798
-466.389129639,-188.00718689,0.478515625,0.149606299213,0.48031496063,1729804
-463.547439575,-185.780792236,0.4775390625,0.149606299213,0.48031496063,1729809
-460.766845703,-183.746780396,0.48193359375,0.149606299213,0.464566929134,1729813
-458.077941895,-181.822738647,0.482421875,0.149606299213,0.464566929134,1729819
-455.572357178,-179.92616272,0.48388671875,0.133858267717,0.448818897638,1729824
-453.127868652,-178.24949646,0.4814453125,0.133858267717,0.448818897638,1729829
-450.805633545,-176.627792358,0.484375,0.133858267717,0.448818897638,1729833
-448.605621338,-175.116027832,0.48486328125,0.133858267717,0.448818897638,1729839
-446.650024414,-173.824157715,0.48583984375,0.133858267717,0.448818897638,1729844
-444.816680908,-172.724700928,0.482421875,0.133858267717,0.448818897638,1729850
-443.227783203,-171.790161133,0.484375,0.133858267717,0.448818897638,1729853
-441.852783203,-171.075515747,0.47705078125,0.133858267717,0.448818897638,1729860
-440.56942749,-170.470809937,0.462890625,0.133858267717,0.448818897638,1729864
-439.438842773,-170.003540039,0.4326171875,0.133858267717,0.433070866142,1729870
-438.369384766,-169.756164551,0.3994140625,0.133858267717,0.433070866142,1729874
-437.361053467,-169.536270142,0.35302734375,0.149606299213,0.433070866142,1729880
-436.444366455,-169.508789062,0.2880859375,0.149606299213,0.433070866142,1729884
-435.558258057,-169.563766479,0.2001953125,0.149606299213,0.433070866142,1729890
-434.702697754,-169.728683472,0.09326171875,0.149606299213,0.433070866142,1729895
-433.938812256,-170.058517456,0.09326171875,0.149606299213,0.433070866142,1729899
0,0,0,0,0,0
-449.03338623,-242.375473022,0.1865234375,0.149606299213,0.606299212598,1730845
-449.155609131,-242.457931519,0.185546875,0.149606299213,0.590551181102,1730850
-449.308410645,-242.540390015,0.1884765625,0.133858267717,0.590551181102,1730855
-449.430633545,-242.65032959,0.19091796875,0.133858267717,0.590551181102,1730860
-449.552856445,-242.760284424,0.19921875,0.133858267717,0.590551181102,1730865
-449.675079346,-242.815246582,0.20947265625,0.133858267717,0.590551181102,1730870
-449.797302246,-242.870223999,0.22021484375,0.133858267717,0.590551181102,1730875
-449.980621338,-242.870223999,0.2265625,0.133858267717,0.590551181102,1730879
-450.163970947,-242.870223999,0.2314453125,0.133858267717,0.590551181102,1730884
-450.316741943,-242.870223999,0.232421875,0.133858267717,0.590551181102,1730889
-450.622314453,-242.787765503,0.23583984375,0.133858267717,0.590551181102,1730894
-451.050079346,-242.622848511,0.23828125,0.11811023622,0.590551181102,1730899
-451.661193848,-242.347976685,0.244140625,0.11811023622,0.590551181102,1730904
-452.547332764,-241.908203125,0.2490234375,0.11811023622,0.590551181102,1730909
-453.586212158,-241.276016235,0.2568359375,0.11811023622,0.590551181102,1730914
-454.839019775,-240.478897095,0.26318359375,0.11811023622,0.590551181102,1730919
-456.275146484,-239.434417725,0.26904296875,0.11811023622,0.590551181102,1730924
-457.894592285,-238.170043945,0.271484375,0.11811023622,0.590551181102,1730929
-459.6668396,-236.740737915,0.27783203125,0.11811023622,0.590551181102,1730934
-461.59185791,-235.036575317,0.28076171875,0.11811023622,0.590551181102,1730939
-463.639099121,-233.112518311,0.287109375,0.11811023622,0.590551181102,1730944
-465.930786133,-230.913604736,0.29345703125,0.11811023622,0.590551181102,1730950
-468.528045654,-228.384841919,0.3056640625,0.11811023622,0.590551181102,1730954
-471.400283813,-225.636199951,0.3173828125,0.133858267717,0.590551181102,1730959
-474.639205933,-222.75012207,0.33154296875,0.133858267717,0.590551181102,1730965
-478.122573853,-219.836547852,0.34326171875,0.133858267717,0.590551181102,1730969
-481.819839478,-216.950469971,0.35791015625,0.133858267717,0.574803149606,1730975
-485.639328003,-214.036895752,0.37109375,0.133858267717,0.574803149606,1730980
-489.428253174,-211.068359375,0.38427734375,0.149606299213,0.574803149606,1730985
-493.094955444,-207.989868164,0.3935546875,0.149606299213,0.55905511811,1730990
-496.517211914,-204.883895874,0.40576171875,0.149606299213,0.55905511811,1730996
-499.664474487,-201.887878418,0.41064453125,0.165354330709,0.55905511811,1731000
-502.445053101,-198.891845703,0.41357421875,0.165354330709,0.543307086614,1731005
-504.889526367,-196.088226318,0.4130859375,0.181102362205,0.543307086614,1731011
-507.120101929,-193.284606934,0.416015625,0.181102362205,0.527559055118,1731016
-509.075668335,-190.590927124,0.4169921875,0.181102362205,0.511811023622,1731020
-510.817352295,-188.089660645,0.41650390625,0.196850393701,0.511811023622,1731025
-512.375701904,-185.780792236,0.4150390625,0.196850393701,0.496062992126,1731030
-513.628494263,-183.82925415,0.4169921875,0.196850393701,0.496062992126,1731036
-514.63684082,-182.180053711,0.416015625,0.196850393701,0.496062992126,1731040
-515.370178223,-180.860702515,0.4140625,0.196850393701,0.496062992126,1731046
-515.828521729,-179.816223145,0.40625,0.196850393701,0.496062992126,1731050
-516.042404175,-179.074081421,0.39501953125,0.196850393701,0.48031496063,1731056
-516.164642334,-178.606811523,0.37890625,0.196850393701,0.48031496063,1731060
-516.103515625,-178.222000122,0.357421875,0.196850393701,0.48031496063,1731066
-516.042404175,-178.029602051,0.32470703125,0.196850393701,0.48031496063,1731070
-515.981292725,-177.919647217,0.28662109375,0.196850393701,0.48031496063,1731075
-515.981292725,-177.919647217,0.2470703125,0.196850393701,0.48031496063,1731081
-515.920181274,-178.002105713,0.19091796875,0.196850393701,0.48031496063,1731085
-515.859069824,-178.276977539,0.10791015625,0.196850393701,0.48031496063,1731090
-515.736846924,-178.826705933,0.10791015625,0.196850393701,0.48031496063,1731096
0,0,0,0,0,0
-513.811828613,-240.643814087,0.1845703125,0.228346456693,0.622047244094,1731266
-514.056274414,-240.78125,0.1875,0.212598425197,0.606299212598,1731272
-514.209060669,-240.863708496,0.1884765625,0.212598425197,0.606299212598,1731276
-514.239608765,-240.946166992,0.1904296875,0.212598425197,0.606299212598,1731281
-514.361831665,-241.028625488,0.18896484375,0.212598425197,0.606299212598,1731291
-514.422943115,-240.726287842,0.1875,0.212598425197,0.606299212598,1731306
-514.331283569,-240.313980103,0.18994140625,0.212598425197,0.606299212598,1731311
-514.209060669,-239.599334717,0.20166015625,0.212598425197,0.606299212598,1731318
-513.995162964,-238.582336426,0.21533203125,0.212598425197,0.606299212598,1731321
-513.659057617,-237.262985229,0.22265625,0.212598425197,0.606299212598,1731328
-513.231277466,-235.641281128,0.234375,0.212598425197,0.606299212598,1731332
-512.742370605,-233.827178955,0.24267578125,0.212598425197,0.606299212598,1731337
-512.131256104,-231.820663452,0.25634765625,0.212598425197,0.606299212598,1731342
-511.397918701,-229.759170532,0.26611328125,0.212598425197,0.606299212598,1731348
-510.511795044,-227.615219116,0.27490234375,0.212598425197,0.606299212598,1731352
-509.503448486,-225.443786621,0.2841796875,0.212598425197,0.606299212598,1731358
-508.342330933,-223.272354126,0.296875,0.212598425197,0.606299212598,1731363
-507.120101929,-221.128417969,0.30712890625,0.212598425197,0.590551181102,1731368
-505.74508667,-219.011947632,0.3193359375,0.212598425197,0.590551181102,1731372
-504.278396606,-216.97795105,0.328125,0.212598425197,0.590551181102,1731378
-502.597824097,-214.943954468,0.33984375,0.212598425197,0.574803149606,1731383
-500.764480591,-212.82749939,0.35498046875,0.212598425197,0.574803149606,1731388
-498.83946228,-210.628570557,0.36962890625,0.196850393701,0.574803149606,1731393
-496.761657715,-208.319702148,0.38671875,0.196850393701,0.55905511811,1731398
-494.531082153,-205.873413086,0.4072265625,0.196850393701,0.55905511811,1731403
-492.147720337,-203.427108765,0.416015625,0.196850393701,0.543307086614,1731407
-489.58102417,-200.980819702,0.4287109375,0.196850393701,0.543307086614,1731413
-486.922668457,-198.507034302,0.4375,0.196850393701,0.527559055118,1731417
-484.111526489,-196.115707397,0.44677734375,0.196850393701,0.527559055118,1731422
-481.300384521,-193.751876831,0.44873046875,0.181102362205,0.511811023622,1731427
-478.367034912,-191.415512085,0.45556640625,0.181102362205,0.496062992126,1731432
-475.46421814,-189.271575928,0.45703125,0.181102362205,0.496062992126,1731437
-472.530853271,-187.265060425,0.4609375,0.181102362205,0.48031496063,1731442
-469.689163208,-185.560897827,0.45703125,0.165354330709,0.48031496063,1731449
-466.969696045,-184.076629639,0.458984375,0.165354330709,0.48031496063,1731452
-464.433547974,-182.702301025,0.45849609375,0.165354330709,0.48031496063,1731457
-462.202972412,-181.547866821,0.4619140625,0.165354330709,0.464566929134,1731462
-460.094619751,-180.475891113,0.45751953125,0.149606299213,0.464566929134,1731468
-458.291809082,-179.513870239,0.45849609375,0.149606299213,0.464566929134,1731472
-456.641815186,-178.68927002,0.45556640625,0.149606299213,0.464566929134,1731478
-455.175140381,-177.919647217,0.4501953125,0.149606299213,0.464566929134,1731482
-453.861236572,-177.342437744,0.43408203125,0.149606299213,0.464566929134,1731487
-452.730651855,-176.875167847,0.42041015625,0.149606299213,0.464566929134,1731492
-451.813995361,-176.572814941,0.40234375,0.149606299213,0.464566929134,1731498
-450.958404541,-176.407897949,0.3857421875,0.149606299213,0.464566929134,1731502
-450.225067139,-176.380401611,0.3583984375,0.149606299213,0.464566929134,1731508
-449.522277832,-176.435379028,0.3291015625,0.149606299213,0.464566929134,1731512
-448.819519043,-176.600296021,0.287109375,0.149606299213,0.464566929134,1731518
-448.238952637,-176.82019043,0.21630859375,0.149606299213,0.464566929134,1731522
-447.688934326,-177.23248291,0.11865234375,0.149606299213,0.464566929134,1731528
-447.261169434,-177.699752808,0.11865234375,0.149606299213,0.464566929134,1731534
0,0,0,0,0,0
-449.430633545,-244.51940918,0.16259765625,0.307086614173,0.622047244094,1732469
-449.613952637,-244.244552612,0.16259765625,0.307086614173,0.622047244094,1732474
-449.950073242,-244.024658203,0.1630859375,0.307086614173,0.606299212598,1732479
-450.438964844,-243.722305298,0.16552734375,0.291338582677,0.606299212598,1732484
-451.01953125,-243.227554321,0.166015625,0.291338582677,0.590551181102,1732489
-451.844543457,-242.540390015,0.17626953125,0.291338582677,0.590551181102,1732494
-452.852874756,-241.660827637,0.189453125,0.291338582677,0.590551181102,1732498
-453.983459473,-240.561355591,0.208984375,0.291338582677,0.590551181102,1732504
-455.236236572,-239.296981812,0.22119140625,0.291338582677,0.590551181102,1732509
-456.550140381,-237.840194702,0.23095703125,0.291338582677,0.574803149606,1732514
-457.98626709,-236.300949097,0.2412109375,0.291338582677,0.574803149606,1732520
-459.514068604,-234.541824341,0.25390625,0.291338582677,0.574803149606,1732524
-461.194625854,-232.590286255,0.2607421875,0.291338582677,0.574803149606,1732529
-463.027984619,-230.528793335,0.27197265625,0.291338582677,0.574803149606,1732534
-465.01411438,-228.219924927,0.28125,0.291338582677,0.574803149606,1732539
-467.183578491,-225.883575439,0.29345703125,0.291338582677,0.574803149606,1732544
-469.505828857,-223.492248535,0.29833984375,0.291338582677,0.574803149606,1732550
-471.91973877,-221.128417969,0.30615234375,0.291338582677,0.574803149606,1732555
-474.455871582,-218.84703064,0.3125,0.291338582677,0.574803149606,1732559
-477.083679199,-216.538162231,0.32177734375,0.291338582677,0.55905511811,1732564
-479.833709717,-214.091873169,0.32666015625,0.291338582677,0.55905511811,1732570
-482.767074585,-211.480651855,0.3359375,0.291338582677,0.55905511811,1732573
-485.761550903,-208.594573975,0.34521484375,0.291338582677,0.543307086614,1732579
-488.817138672,-205.571060181,0.35546875,0.291338582677,0.543307086614,1732585
-491.903274536,-202.465087891,0.35986328125,0.291338582677,0.543307086614,1732589
-494.958862305,-199.221679688,0.36669921875,0.291338582677,0.527559055118,1732594
-498.106124878,-196.005767822,0.37158203125,0.307086614173,0.527559055118,1732600
-501.253372192,-192.817321777,0.38037109375,0.307086614173,0.511811023622,1732604
-504.400619507,-189.766326904,0.3798828125,0.307086614173,0.511811023622,1732609
-507.578430176,-186.96270752,0.3857421875,0.307086614173,0.496062992126,1732614
-510.634017944,-184.488922119,0.3896484375,0.322834645669,0.496062992126,1732618
-513.475723267,-182.290008545,0.39404296875,0.322834645669,0.48031496063,1732624
-515.950744629,-180.393432617,0.39013671875,0.322834645669,0.48031496063,1732630
-517.93687439,-178.744247437,0.39208984375,0.322834645669,0.48031496063,1732635
-519.434112549,-177.342437744,0.392578125,0.338582677165,0.48031496063,1732640
-520.503570557,-176.18800354,0.39453125,0.338582677165,0.48031496063,1732644
-521.236907959,-175.308441162,0.39013671875,0.338582677165,0.48031496063,1732650
-521.634140015,-174.731216431,0.38916015625,0.338582677165,0.48031496063,1732654
-521.848022461,-174.401382446,0.3779296875,0.338582677165,0.48031496063,1732659
-521.848022461,-174.401382446,0.3671875,0.338582677165,0.48031496063,1732664
-521.848022461,-174.401382446,0.34716796875,0.354330708661,0.48031496063,1732669
-521.756362915,-174.593780518,0.318359375,0.354330708661,0.48031496063,1732674
-521.511917114,-174.978591919,0.26806640625,0.354330708661,0.48031496063,1732679
-521.023010254,-175.610794067,0.1982421875,0.354330708661,0.48031496063,1732684
-520.411895752,-176.572814941,0.107421875,0.354330708661,0.48031496063,1732689
-519.525787354,-177.809707642,0.107421875,0.354330708661,0.48031496063,1732694
0,0,0,0,0,0
-511.184020996,-233.607284546,0.2099609375,0.385826771654,0.606299212598,1732856
-511.734039307,-234.486846924,0.205078125,0.370078740157,0.606299212598,1732861
-512.375701904,-235.311447144,0.20703125,0.370078740157,0.590551181102,1732866
-512.956268311,-236.053573608,0.20556640625,0.370078740157,0.590551181102,1732871
-513.414611816,-236.658279419,0.212890625,0.370078740157,0.590551181102,1732876
-513.720169067,-237.098068237,0.22216796875,0.354330708661,0.574803149606,1732881
-513.934051514,-237.317962646,0.240234375,0.354330708661,0.574803149606,1732885
-514.056274414,-237.400421143,0.24267578125,0.354330708661,0.574803149606,1732890
-514.056274414,-237.400421143,0.244140625,0.354330708661,0.574803149606,1732895
-514.056274414,-237.400421143,0.2421875,0.354330708661,0.574803149606,1732900
-514.117385864,-237.235488892,0.24169921875,0.354330708661,0.574803149606,1732905
-514.117385864,-236.988113403,0.2392578125,0.354330708661,0.574803149606,1732910
-513.995162964,-236.493362427,0.2412109375,0.354330708661,0.574803149606,1732915
-513.811828613,-235.778717041,0.2412109375,0.354330708661,0.574803149606,1732920
-513.414611816,-234.844177246,0.244140625,0.370078740157,0.574803149606,1732925
-512.864608765,-233.717224121,0.244140625,0.370078740157,0.574803149606,1732930
-512.161819458,-232.342895508,0.2490234375,0.354330708661,0.590551181102,1732936
-511.1534729,-230.776168823,0.25244140625,0.354330708661,0.590551181102,1732940
-509.992355347,-228.989547729,0.2578125,0.354330708661,0.590551181102,1732946
-508.678451538,-226.928070068,0.25927734375,0.354330708661,0.590551181102,1732951
-507.150650024,-224.701660156,0.267578125,0.354330708661,0.590551181102,1732956
-505.592300415,-222.255355835,0.2763671875,0.354330708661,0.574803149606,1732960
-503.850616455,-219.754089355,0.28955078125,0.354330708661,0.574803149606,1732965
-501.925598145,-217.115386963,0.30517578125,0.338582677165,0.574803149606,1732971
-499.847808838,-214.311767578,0.32275390625,0.338582677165,0.574803149606,1732976
-497.617218018,-211.425689697,0.34130859375,0.338582677165,0.55905511811,1732981
-495.203308105,-208.429656982,0.3583984375,0.322834645669,0.55905511811,1732986
-492.728286743,-205.378662109,0.3681640625,0.322834645669,0.55905511811,1732991
-490.161590576,-202.382629395,0.38330078125,0.322834645669,0.543307086614,1732996
-487.533782959,-199.359115601,0.3916015625,0.322834645669,0.543307086614,1733001
-484.84487915,-196.390579224,0.40087890625,0.307086614173,0.527559055118,1733006
-482.064285278,-193.504486084,0.40576171875,0.307086614173,0.527559055118,1733012
-479.314254761,-190.67338562,0.4140625,0.307086614173,0.511811023622,1733016
-476.594787598,-188.117141724,0.416015625,0.291338582677,0.496062992126,1733021
-473.997543335,-185.725814819,0.41748046875,0.291338582677,0.496062992126,1733026
-471.644744873,-183.554382324,0.416015625,0.291338582677,0.48031496063,1733032
-469.475265503,-181.657821655,0.41943359375,0.291338582677,0.48031496063,1733036
-467.550247192,-179.953659058,0.42041015625,0.291338582677,0.48031496063,1733041
-465.869674683,-178.46937561,0.4208984375,0.291338582677,0.464566929134,1733046
-464.464111328,-177.23248291,0.4189453125,0.275590551181,0.464566929134,1733052
-463.27243042,-176.18800354,0.421875,0.275590551181,0.464566929134,1733056
-462.325195312,-175.390899658,0.4228515625,0.275590551181,0.464566929134,1733061
-461.683532715,-174.758712769,0.42236328125,0.275590551181,0.464566929134,1733066
-461.286300659,-174.373901367,0.4208984375,0.275590551181,0.464566929134,1733071
-461.102966309,-174.154006958,0.4228515625,0.275590551181,0.464566929134,1733077
-461.011291504,-174.016571045,0.423828125,0.275590551181,0.464566929134,1733082
-461.011291504,-174.016571045,0.41943359375,0.275590551181,0.464566929134,1733091
-461.011291504,-174.016571045,0.41455078125,0.275590551181,0.464566929134,1733096
-461.072402954,-174.099029541,0.4033203125,0.275590551181,0.464566929134,1733101
-461.194625854,-174.236465454,0.38330078125,0.275590551181,0.464566929134,1733106
-461.286300659,-174.456359863,0.36083984375,0.275590551181,0.464566929134,1733112
-461.439071655,-174.731216431,0.34130859375,0.275590551181,0.464566929134,1733116
-461.59185791,-174.923629761,0.3203125,0.275590551181,0.464566929134,1733121
-461.805755615,-175.14352417,0.29345703125,0.275590551181,0.464566929134,1733127
-461.989089966,-175.335922241,0.259765625,0.275590551181,0.464566929134,1733131
-462.172424316,-175.473358154,0.21533203125,0.275590551181,0.464566929134,1733137
-462.325195312,-175.610794067,0.15283203125,0.275590551181,0.464566929134,1733142
-462.386306763,-175.693252563,0.0830078125,0.275590551181,0.464566929134,1733147
-462.600204468,-175.803192139,0.0830078125,0.275590551181,0.464566929134,1733152
0,0,0,0,0,0
-442.219451904,-250.896286011,0.12158203125,0.322834645669,0.606299212598,1734193
-442.891662598,-250.126663208,0.12060546875,0.322834645669,0.606299212598,1734198
-443.625,-249.219604492,0.12158203125,0.307086614173,0.606299212598,1734203
-444.388916016,-248.147628784,0.1240234375,0.307086614173,0.606299212598,1734209
-445.213928223,-246.965713501,0.1318359375,0.307086614173,0.622047244094,1734213
-446.161132812,-245.563903809,0.14208984375,0.307086614173,0.606299212598,1734218
-447.261169434,-243.859741211,0.15673828125,0.307086614173,0.606299212598,1734223
-448.636169434,-241.935684204,0.16748046875,0.307086614173,0.606299212598,1734229
-450.286193848,-239.654312134,0.1748046875,0.307086614173,0.606299212598,1734233
-452.211212158,-237.153030396,0.18603515625,0.307086614173,0.606299212598,1734239
-454.350128174,-234.514328003,0.2021484375,0.307086614173,0.590551181102,1734243
-456.672363281,-231.65574646,0.21826171875,0.307086614173,0.590551181102,1734248
-459.208496094,-228.687194824,0.23583984375,0.307086614173,0.590551181102,1734253
-461.836303711,-225.553741455,0.25146484375,0.307086614173,0.590551181102,1734258
-464.555770874,-222.392791748,0.27197265625,0.307086614173,0.590551181102,1734264
-467.336364746,-219.259338379,0.2890625,0.307086614173,0.590551181102,1734269
-470.116943359,-216.208328247,0.30224609375,0.307086614173,0.574803149606,1734274
-472.836410522,-213.102355957,0.31787109375,0.307086614173,0.574803149606,1734279
-475.555892944,-209.968902588,0.3349609375,0.307086614173,0.574803149606,1734283
-478.214248657,-206.670516968,0.3466796875,0.307086614173,0.55905511811,1734289
-480.780944824,-203.28968811,0.3583984375,0.307086614173,0.55905511811,1734294
-483.255966187,-199.908843994,0.36767578125,0.322834645669,0.543307086614,1734298
-485.547653198,-196.47303772,0.3779296875,0.322834645669,0.543307086614,1734304
-487.656005859,-193.147171021,0.3818359375,0.322834645669,0.527559055118,1734309
-489.51991272,-189.986221313,0.3857421875,0.322834645669,0.527559055118,1734314
-491.200485229,-187.100143433,0.38671875,0.322834645669,0.511811023622,1734318
-492.636611938,-184.598861694,0.3896484375,0.322834645669,0.511811023622,1734323
-493.889404297,-182.509902954,0.38720703125,0.322834645669,0.496062992126,1734329
-494.897750854,-180.750762939,0.38671875,0.338582677165,0.496062992126,1734333
-495.783874512,-179.29397583,0.38671875,0.338582677165,0.496062992126,1734338
-496.486663818,-178.05708313,0.38818359375,0.338582677165,0.496062992126,1734344
-497.128326416,-177.040084839,0.384765625,0.338582677165,0.496062992126,1734350
-497.678329468,-176.160522461,0.380859375,0.338582677165,0.496062992126,1734353
-498.136672974,-175.418380737,0.37060546875,0.338582677165,0.496062992126,1734359
-498.472793579,-174.841171265,0.357421875,0.338582677165,0.496062992126,1734364
-498.77835083,-174.483840942,0.33544921875,0.338582677165,0.496062992126,1734368
-498.961685181,-174.291442871,0.31396484375,0.338582677165,0.496062992126,1734373
-498.961685181,-174.291442871,0.28271484375,0.338582677165,0.496062992126,1734378
-499.114456177,-174.483840942,0.2333984375,0.338582677165,0.496062992126,1734383
-499.114456177,-174.923629761,0.15234375,0.338582677165,0.496062992126,1734388
-499.114456177,-175.610794067,0.0537109375,0.338582677165,0.496062992126,1734393
-499.022796631,-176.600296021,0.0537109375,0.338582677165,0.48031496063,1734398
0,0,0,0,0,0
-495.722763062,-242.980178833,0.15576171875,0.370078740157,0.622047244094,1734534
-495.997756958,-243.667327881,0.15478515625,0.370078740157,0.622047244094,1734539
-496.425552368,-244.244552612,0.15869140625,0.370078740157,0.606299212598,1734544
-496.91444397,-244.766799927,0.1572265625,0.370078740157,0.606299212598,1734550
-497.342224121,-245.234069824,0.16748046875,0.370078740157,0.606299212598,1734554
-497.770004272,-245.646362305,0.1865234375,0.370078740157,0.606299212598,1734559
-498.106124878,-245.94871521,0.21142578125,0.370078740157,0.606299212598,1734565
-498.320007324,-246.141113281,0.23046875,0.370078740157,0.606299212598,1734569
-498.442230225,-246.251068115,0.24169921875,0.370078740157,0.606299212598,1734575
-498.442230225,-246.251068115,0.2373046875,0.370078740157,0.622047244094,1734590
-498.350570679,-245.976196289,0.23779296875,0.370078740157,0.622047244094,1734595
-498.045013428,-245.508926392,0.23779296875,0.370078740157,0.622047244094,1734599
-497.494995117,-244.684341431,0.240234375,0.370078740157,0.622047244094,1734605
-496.639434814,-243.392471313,0.23779296875,0.370078740157,0.637795275591,1734610
-495.569976807,-241.550872803,0.24072265625,0.370078740157,0.637795275591,1734615
-494.164413452,-239.187042236,0.24169921875,0.370078740157,0.637795275591,1734620
-492.514389038,-236.43838501,0.24462890625,0.370078740157,0.637795275591,1734625
-490.711593628,-233.33241272,0.24169921875,0.370078740157,0.622047244094,1734630
-488.633804321,-230.116500854,0.2470703125,0.370078740157,0.622047244094,1734635
-486.40322876,-226.763137817,0.259765625,0.370078740157,0.622047244094,1734640
-483.989303589,-223.327331543,0.27734375,0.354330708661,0.606299212598,1734645
-481.453170776,-220.056442261,0.29296875,0.354330708661,0.606299212598,1734650
-478.794815063,-216.758056641,0.31201171875,0.354330708661,0.590551181102,1734655
-476.014221191,-213.514648438,0.33203125,0.338582677165,0.574803149606,1734660
-473.172531128,-210.326217651,0.34375,0.338582677165,0.574803149606,1734665
-470.23916626,-207.110305786,0.34716796875,0.338582677165,0.55905511811,1734670
-467.244689941,-203.866897583,0.35546875,0.322834645669,0.55905511811,1734675
-464.280776978,-200.650985718,0.35888671875,0.322834645669,0.543307086614,1734680
-461.286300659,-197.51751709,0.36474609375,0.322834645669,0.543307086614,1734685
-458.200164795,-194.4115448,0.36328125,0.307086614173,0.527559055118,1734690
-455.144561768,-191.470489502,0.3671875,0.307086614173,0.511811023622,1734695
-452.058441162,-188.666870117,0.3671875,0.307086614173,0.511811023622,1734700
-449.063964844,-186.000686646,0.36962890625,0.307086614173,0.496062992126,1734705
-446.252807617,-183.471923828,0.3662109375,0.307086614173,0.496062992126,1734710
-443.686126709,-181.135574341,0.3681640625,0.307086614173,0.496062992126,1734715
-441.333312988,-179.019119263,0.3681640625,0.307086614173,0.48031496063,1734720
-439.286071777,-177.177520752,0.3701171875,0.291338582677,0.48031496063,1734725
-437.483276367,-175.610794067,0.365234375,0.291338582677,0.48031496063,1734730
-435.894378662,-174.263946533,0.3681640625,0.291338582677,0.48031496063,1734736
-434.611022949,-173.164489746,0.36865234375,0.291338582677,0.464566929134,1734740
-433.60269165,-172.312408447,0.3671875,0.291338582677,0.464566929134,1734745
-432.930450439,-171.680221558,0.349609375,0.291338582677,0.464566929134,1734750
-432.502685547,-171.322891235,0.33056640625,0.291338582677,0.464566929134,1734756
-432.288787842,-171.185455322,0.306640625,0.291338582677,0.464566929134,1734760
-432.197113037,-171.130493164,0.29052734375,0.291338582677,0.464566929134,1734766
-432.197113037,-171.130493164,0.26416015625,0.291338582677,0.464566929134,1734770
-432.227661133,-171.350387573,0.20654296875,0.291338582677,0.464566929134,1734776
-432.258239746,-171.707702637,0.11083984375,0.291338582677,0.464566929134,1734781
-432.288787842,-172.25743103,0.11083984375,0.291338582677,0.464566929134,1734786
0,0,0,0,0,0
-439.286071777,-242.84274292,0.17578125,0.307086614173,0.637795275591,1735637
-439.316619873,-243.062637329,0.1787109375,0.307086614173,0.622047244094,1735641
-439.408294678,-243.200057983,0.18408203125,0.307086614173,0.622047244094,1735647
-439.499969482,-243.364990234,0.189453125,0.291338582677,0.622047244094,1735651
-439.499969482,-243.364990234,0.2021484375,0.291338582677,0.622047244094,1735657
-439.530517578,-243.47492981,0.2099609375,0.291338582677,0.606299212598,1735661
-439.530517578,-243.47492981,0.21533203125,0.291338582677,0.606299212598,1735667
-439.530517578,-243.47492981,0.2138671875,0.291338582677,0.606299212598,1735670
-439.652740479,-243.44744873,0.2158203125,0.291338582677,0.606299212598,1735677
-439.805511475,-243.310012817,0.21728515625,0.291338582677,0.606299212598,1735687
-440.01940918,-243.035140991,0.21728515625,0.291338582677,0.606299212598,1735692
-440.416656494,-242.512908936,0.22021484375,0.291338582677,0.606299212598,1735697
-440.966644287,-241.660827637,0.224609375,0.275590551181,0.606299212598,1735702
-441.82220459,-240.451416016,0.23388671875,0.275590551181,0.622047244094,1735707
-442.891662598,-238.857192993,0.23876953125,0.275590551181,0.622047244094,1735712
-444.236114502,-236.933151245,0.24658203125,0.275590551181,0.622047244094,1735717
-445.947265625,-234.596786499,0.25390625,0.275590551181,0.622047244094,1735722
-447.933380127,-231.87562561,0.263671875,0.275590551181,0.606299212598,1735727
-450.133422852,-228.907089233,0.26708984375,0.275590551181,0.606299212598,1735731
-452.486206055,-225.66368103,0.27734375,0.275590551181,0.606299212598,1735737
-454.900115967,-222.227874756,0.28564453125,0.291338582677,0.606299212598,1735742
-457.497375488,-218.792068481,0.29638671875,0.291338582677,0.590551181102,1735746
-460.216842651,-215.273788452,0.30224609375,0.291338582677,0.590551181102,1735752
-463.089096069,-211.755523682,0.31298828125,0.291338582677,0.590551181102,1735756
-465.991897583,-208.209762573,0.31787109375,0.291338582677,0.574803149606,1735762
-468.772491455,-204.609039307,0.32421875,0.291338582677,0.574803149606,1735767
-471.369735718,-201.145736694,0.32373046875,0.291338582677,0.55905511811,1735771
-473.78364563,-197.70993042,0.33056640625,0.291338582677,0.55905511811,1735777
-476.014221191,-194.384063721,0.333984375,0.307086614173,0.543307086614,1735781
-478.183700562,-191.223114014,0.337890625,0.307086614173,0.527559055118,1735786
-480.261489868,-188.172119141,0.33642578125,0.307086614173,0.527559055118,1735792
-482.308731079,-185.313522339,0.341796875,0.307086614173,0.511811023622,1735797
-484.264312744,-182.647323608,0.34423828125,0.307086614173,0.511811023622,1735801
-486.067108154,-180.228515625,0.3466796875,0.307086614173,0.496062992126,1735806
-487.747680664,-178.05708313,0.34423828125,0.307086614173,0.496062992126,1735812
-489.214355469,-176.050567627,0.3466796875,0.307086614173,0.496062992126,1735817
-490.589370728,-174.181488037,0.34716796875,0.322834645669,0.496062992126,1735821
-491.75050354,-172.477325439,0.3486328125,0.322834645669,0.496062992126,1735827
-492.697723389,-171.02053833,0.34521484375,0.322834645669,0.496062992126,1735831
-493.522735596,-169.811141968,0.345703125,0.322834645669,0.496062992126,1735837
-494.072738647,-168.849105835,0.33837890625,0.322834645669,0.496062992126,1735841
-494.439407349,-168.216918945,0.31884765625,0.322834645669,0.496062992126,1735847
-494.683868408,-167.777130127,0.2763671875,0.322834645669,0.496062992126,1735851
-494.775527954,-167.557250977,0.22900390625,0.322834645669,0.496062992126,1735857
-494.775527954,-167.557250977,0.17724609375,0.322834645669,0.496062992126,1735861
-494.744979858,-167.777130127,0.0888671875,0.322834645669,0.48031496063,1735867
-494.683868408,-168.244415283,0.0888671875,0.322834645669,0.48031496063,1735872
0,0,0,0,0,0
-493.583847046,-249.769332886,0.14306640625,0.354330708661,0.622047244094,1736108
-493.6144104,-249.659393311,0.13818359375,0.338582677165,0.622047244094,1736113
-493.583847046,-249.384521484,0.138671875,0.338582677165,0.622047244094,1736118
-493.3699646,-248.917251587,0.138671875,0.338582677165,0.622047244094,1736123
-492.942169189,-248.147628784,0.138671875,0.322834645669,0.622047244094,1736128
-492.239395142,-247.103149414,0.14111328125,0.322834645669,0.637795275591,1736134
-491.292160034,-245.783798218,0.1494140625,0.322834645669,0.637795275591,1736139
-490.161590576,-244.134597778,0.1591796875,0.322834645669,0.622047244094,1736144
-488.786575317,-242.21055603,0.16748046875,0.322834645669,0.622047244094,1736149
-487.258789062,-240.011627197,0.1796875,0.322834645669,0.622047244094,1736154
-485.639328003,-237.565338135,0.19091796875,0.322834645669,0.622047244094,1736158
-483.805969238,-234.9815979,0.2001953125,0.322834645669,0.606299212598,1736164
-481.942062378,-232.205474854,0.21484375,0.322834645669,0.606299212598,1736168
-479.894821167,-229.374359131,0.2294921875,0.307086614173,0.606299212598,1736174
-477.725357056,-226.460784912,0.24658203125,0.307086614173,0.590551181102,1736179
-475.433670044,-223.547225952,0.26171875,0.307086614173,0.590551181102,1736183
-472.958633423,-220.743606567,0.27685546875,0.307086614173,0.590551181102,1736188
-470.36138916,-217.994949341,0.29248046875,0.291338582677,0.574803149606,1736194
-467.519699097,-215.218811035,0.30908203125,0.291338582677,0.574803149606,1736199
-464.494659424,-212.41519165,0.32470703125,0.291338582677,0.574803149606,1736203
-461.225189209,-209.50163269,0.3388671875,0.275590551181,0.55905511811,1736208
-457.80291748,-206.560577393,0.34619140625,0.275590551181,0.55905511811,1736214
-454.227905273,-203.537063599,0.35595703125,0.275590551181,0.55905511811,1736219
-450.652862549,-200.513549805,0.36572265625,0.275590551181,0.543307086614,1736223
-447.200042725,-197.407577515,0.37109375,0.259842519685,0.543307086614,1736229
-443.93057251,-194.191650391,0.37646484375,0.259842519685,0.527559055118,1736234
-440.874969482,-190.975738525,0.3837890625,0.259842519685,0.511811023622,1736239
-438.002716064,-187.814788818,0.38916015625,0.259842519685,0.511811023622,1736245
-435.28326416,-184.736297607,0.38818359375,0.259842519685,0.496062992126,1736250
-432.747131348,-181.877700806,0.3896484375,0.244094488189,0.496062992126,1736254
-430.363769531,-179.129058838,0.3916015625,0.244094488189,0.48031496063,1736259
-428.163726807,-176.517837524,0.39453125,0.244094488189,0.48031496063,1736265
-426.147064209,-174.071548462,0.39208984375,0.244094488189,0.48031496063,1736269
-424.28314209,-171.790161133,0.3916015625,0.244094488189,0.464566929134,1736274
-422.60256958,-169.701187134,0.39306640625,0.244094488189,0.464566929134,1736280
-421.044219971,-167.91456604,0.39599609375,0.244094488189,0.464566929134,1736285
-419.638641357,-166.375320435,0.3935546875,0.228346456693,0.464566929134,1736289
-418.446960449,-165.00100708,0.3935546875,0.228346456693,0.464566929134,1736294
-417.43862915,-164.011489868,0.3935546875,0.228346456693,0.464566929134,1736299
-416.613616943,-163.186889648,0.39111328125,0.228346456693,0.464566929134,1736304
-415.971954346,-162.692138672,0.375,0.228346456693,0.464566929134,1736309
-415.544158936,-162.444763184,0.35791015625,0.228346456693,0.464566929134,1736314
-415.299713135,-162.279846191,0.3388671875,0.228346456693,0.464566929134,1736320
-415.20803833,-162.307327271,0.3212890625,0.228346456693,0.464566929134,1736324
-415.20803833,-162.307327271,0.29833984375,0.228346456693,0.464566929134,1736329
-415.177490234,-162.582183838,0.26318359375,0.228346456693,0.464566929134,1736335
-415.08581543,-162.93951416,0.20458984375,0.228346456693,0.448818897638,1736339
-415.024719238,-163.516738892,0.12060546875,0.228346456693,0.448818897638,1736344
-414.933044434,-164.286346436,0.0009765625,0.228346456693,0.448818897638,1736351
0,0,0,0,0,0
-437.941619873,-245.591384888,0.248046875,0.291338582677,0.55905511811,1737270
-438.033294678,-245.618881226,0.24072265625,0.275590551181,0.543307086614,1737276
-438.186065674,-245.728820801,0.23779296875,0.275590551181,0.543307086614,1737280
-438.33883667,-245.811279297,0.23974609375,0.275590551181,0.543307086614,1737286
-438.522186279,-245.893737793,0.23828125,0.275590551181,0.543307086614,1737291
-438.797180176,-245.94871521,0.2392578125,0.259842519685,0.527559055118,1737296
-439.163848877,-245.866256714,0.2412109375,0.259842519685,0.527559055118,1737299
-439.499969482,-245.783798218,0.24365234375,0.259842519685,0.527559055118,1737306
-440.01940918,-245.508926392,0.2421875,0.259842519685,0.511811023622,1737311
-440.630523682,-245.069152832,0.2431640625,0.259842519685,0.511811023622,1737315
-441.424987793,-244.436950684,0.2470703125,0.259842519685,0.511811023622,1737320
-442.433319092,-243.502410889,0.25341796875,0.259842519685,0.511811023622,1737326
-443.563903809,-242.320495605,0.255859375,0.259842519685,0.511811023622,1737331
-445.030578613,-240.891204834,0.2587890625,0.259842519685,0.511811023622,1737336
-446.772277832,-239.10458374,0.2626953125,0.259842519685,0.511811023622,1737340
-448.880615234,-236.988113403,0.2685546875,0.259842519685,0.511811023622,1737346
-451.294525146,-234.596786499,0.2705078125,0.259842519685,0.511811023622,1737350
-453.983459473,-231.903121948,0.27197265625,0.259842519685,0.511811023622,1737356
-456.916809082,-228.934570312,0.2744140625,0.259842519685,0.511811023622,1737361
-460.125183105,-225.773635864,0.28125,0.275590551181,0.511811023622,1737365
-463.577987671,-222.447769165,0.2880859375,0.275590551181,0.511811023622,1737370
-467.214141846,-219.03944397,0.29638671875,0.275590551181,0.511811023622,1737376
-470.972503662,-215.548660278,0.3076171875,0.275590551181,0.496062992126,1737381
-474.883666992,-211.920440674,0.31982421875,0.275590551181,0.496062992126,1737385
-478.855926514,-208.154785156,0.32763671875,0.275590551181,0.496062992126,1737390
-482.889297485,-204.196731567,0.33935546875,0.275590551181,0.48031496063,1737396
-486.800445557,-200.101242065,0.3486328125,0.275590551181,0.48031496063,1737400
-490.406036377,-195.978271484,0.36083984375,0.291338582677,0.48031496063,1737405
-493.706069946,-191.937759399,0.369140625,0.291338582677,0.464566929134,1737411
-496.547775269,-188.089660645,0.37646484375,0.291338582677,0.448818897638,1737416
-498.992233276,-184.571380615,0.37841796875,0.307086614173,0.448818897638,1737420
-500.978363037,-181.465408325,0.3818359375,0.307086614173,0.433070866142,1737425
-502.567276001,-178.716766357,0.37841796875,0.307086614173,0.433070866142,1737430
-503.820068359,-176.352920532,0.37890625,0.307086614173,0.417322834646,1737436
-504.767303467,-174.346405029,0.37890625,0.322834645669,0.417322834646,1737440
-505.500640869,-172.642242432,0.38134765625,0.322834645669,0.40157480315,1737446
-506.081192017,-171.240432739,0.3779296875,0.322834645669,0.40157480315,1737450
-506.570098877,-170.140975952,0.375,0.322834645669,0.40157480315,1737456
-506.967315674,-169.233917236,0.361328125,0.322834645669,0.40157480315,1737460
-507.303436279,-168.54675293,0.34130859375,0.322834645669,0.40157480315,1737465
-507.54788208,-168.134460449,0.3017578125,0.322834645669,0.385826771654,1737470
-507.700653076,-167.859603882,0.2529296875,0.322834645669,0.385826771654,1737476
-507.792327881,-167.777130127,0.1943359375,0.322834645669,0.385826771654,1737480
-507.792327881,-167.91456604,0.1044921875,0.322834645669,0.385826771654,1737486
-507.792327881,-168.299377441,0.1044921875,0.338582677165,0.385826771654,1737491
0,0,0,0,0,0
-497.067214966,-246.333526611,0.2373046875,0.370078740157,0.543307086614,1737687
-497.067214966,-246.141113281,0.23095703125,0.354330708661,0.527559055118,1737692
-497.006103516,-246.031173706,0.22705078125,0.354330708661,0.527559055118,1737697
-496.822769165,-245.75630188,0.2255859375,0.338582677165,0.527559055118,1737702
-496.425552368,-245.261550903,0.2265625,0.338582677165,0.543307086614,1737707
-495.844985962,-244.574386597,0.2236328125,0.338582677165,0.543307086614,1737712
-495.081085205,-243.584869385,0.22705078125,0.338582677165,0.543307086614,1737717
-494.072738647,-242.320495605,0.22900390625,0.322834645669,0.543307086614,1737722
-492.911621094,-240.836227417,0.23388671875,0.322834645669,0.543307086614,1737727
-491.62828064,-239.187042236,0.23388671875,0.322834645669,0.543307086614,1737732
-490.161590576,-237.345443726,0.2392578125,0.322834645669,0.527559055118,1737737
-488.450469971,-235.338928223,0.2451171875,0.322834645669,0.527559055118,1737742
-486.52545166,-233.167495728,0.255859375,0.322834645669,0.527559055118,1737747
-484.386535645,-230.803665161,0.26123046875,0.322834645669,0.527559055118,1737752
-482.094848633,-228.329879761,0.2744140625,0.307086614173,0.527559055118,1737757
-479.711486816,-225.773635864,0.28466796875,0.307086614173,0.511811023622,1737762
-477.328125,-223.134933472,0.29638671875,0.307086614173,0.511811023622,1737767
-474.944778442,-220.551193237,0.30126953125,0.291338582677,0.511811023622,1737772
-472.500305176,-217.885009766,0.318359375,0.291338582677,0.511811023622,1737777
-470.025283813,-215.30128479,0.3349609375,0.291338582677,0.511811023622,1737782
-467.489135742,-212.662567139,0.35009765625,0.291338582677,0.496062992126,1737788
-464.830780029,-209.886444092,0.3544921875,0.275590551181,0.496062992126,1737792
-462.050201416,-206.945388794,0.36572265625,0.275590551181,0.496062992126,1737798
-459.177947998,-203.866897583,0.37890625,0.275590551181,0.48031496063,1737802
-456.18347168,-200.650985718,0.39404296875,0.275590551181,0.48031496063,1737808
-453.066772461,-197.297622681,0.39892578125,0.259842519685,0.464566929134,1737812
-450.041748047,-193.944274902,0.408203125,0.259842519685,0.464566929134,1737818
-447.10836792,-190.645889282,0.4140625,0.259842519685,0.448818897638,1737822
-444.297241211,-187.402496338,0.419921875,0.259842519685,0.448818897638,1737828
-441.608306885,-184.406463623,0.41796875,0.259842519685,0.433070866142,1737832
-438.980529785,-181.5753479,0.421875,0.244094488189,0.433070866142,1737838
-436.505493164,-178.936645508,0.4228515625,0.244094488189,0.417322834646,1737842
-434.244354248,-176.545333862,0.4248046875,0.244094488189,0.417322834646,1737848
-432.166564941,-174.263946533,0.42138671875,0.244094488189,0.40157480315,1737852
-430.241546631,-172.174972534,0.42431640625,0.228346456693,0.40157480315,1737858
-428.530395508,-170.305892944,0.42431640625,0.228346456693,0.40157480315,1737862
-426.972076416,-168.601730347,0.42626953125,0.228346456693,0.40157480315,1737868
-425.597045898,-167.117462158,0.42138671875,0.228346456693,0.40157480315,1737873
-424.466491699,-165.825592041,0.42431640625,0.228346456693,0.40157480315,1737878
-423.519256592,-164.698654175,0.419921875,0.228346456693,0.385826771654,1737883
-422.785919189,-163.819076538,0.40966796875,0.228346456693,0.385826771654,1737888
-422.205352783,-163.13192749,0.384765625,0.228346456693,0.385826771654,1737893
-421.716461182,-162.747116089,0.3623046875,0.228346456693,0.385826771654,1737898
-421.34979248,-162.499725342,0.326171875,0.228346456693,0.385826771654,1737903
-421.10534668,-162.362304688,0.27734375,0.228346456693,0.385826771654,1737908
-420.92199707,-162.33480835,0.22216796875,0.228346456693,0.385826771654,1737913
-420.92199707,-162.33480835,0.15625,0.228346456693,0.385826771654,1737918
-420.891448975,-162.609680176,0.0830078125,0.228346456693,0.385826771654,1737923
-420.92199707,-162.994491577,0.0830078125,0.228346456693,0.385826771654,1737928
0,0,0,0,0,0
-422.572021484,-259.00479126,0.1650390625,0.228346456693,0.543307086614,1738613
-422.633117676,-258.894851685,0.1474609375,0.228346456693,0.543307086614,1738619
-422.816467285,-258.867370605,0.1357421875,0.228346456693,0.55905511811,1738623
-423.091461182,-258.702438354,0.13330078125,0.228346456693,0.55905511811,1738628
-423.519256592,-258.290145874,0.130859375,0.212598425197,0.55905511811,1738633
-424.099822998,-257.657958984,0.13525390625,0.212598425197,0.55905511811,1738638
-424.955383301,-256.805877686,0.142578125,0.212598425197,0.55905511811,1738643
-426.055389404,-255.733901978,0.15283203125,0.212598425197,0.55905511811,1738647
-427.338745117,-254.469528198,0.15771484375,0.212598425197,0.55905511811,1738652
-428.866516113,-252.957763672,0.1689453125,0.212598425197,0.55905511811,1738658
-430.608215332,-251.143661499,0.177734375,0.212598425197,0.55905511811,1738662
-432.533233643,-249.109664917,0.19189453125,0.212598425197,0.55905511811,1738668
-434.641571045,-246.855773926,0.1982421875,0.212598425197,0.55905511811,1738672
-437.024932861,-244.327011108,0.2080078125,0.212598425197,0.55905511811,1738677
-439.591644287,-241.633331299,0.21923828125,0.212598425197,0.543307086614,1738682
-442.524993896,-238.774734497,0.22998046875,0.212598425197,0.543307086614,1738687
-445.794464111,-235.668762207,0.23828125,0.228346456693,0.543307086614,1738692
-449.369506836,-232.562789917,0.24853515625,0.228346456693,0.527559055118,1738697
-453.188995361,-229.374359131,0.25537109375,0.228346456693,0.527559055118,1738702
-457.130706787,-226.158447266,0.2646484375,0.228346456693,0.527559055118,1738708
-461.102966309,-222.997497559,0.26953125,0.228346456693,0.511811023622,1738712
-465.105789185,-219.864028931,0.28271484375,0.244094488189,0.511811023622,1738718
-469.078048706,-216.785552979,0.30029296875,0.244094488189,0.496062992126,1738722
-472.989196777,-213.734542847,0.32177734375,0.244094488189,0.48031496063,1738728
-476.808685303,-210.683547974,0.3359375,0.244094488189,0.48031496063,1738732
-480.414276123,-207.715011597,0.3486328125,0.244094488189,0.464566929134,1738738
-483.836532593,-204.828918457,0.35400390625,0.244094488189,0.464566929134,1738742
-486.861557007,-202.162734985,0.3564453125,0.259842519685,0.464566929134,1738748
-489.550476074,-199.743927002,0.35400390625,0.259842519685,0.448818897638,1738752
-491.842163086,-197.627471924,0.3564453125,0.259842519685,0.448818897638,1738758
-493.767181396,-195.703414917,0.3564453125,0.259842519685,0.448818897638,1738763
-495.35609436,-193.999252319,0.35791015625,0.259842519685,0.433070866142,1738768
-496.669998169,-192.597442627,0.35302734375,0.275590551181,0.433070866142,1738773
-497.831115723,-191.333053589,0.3515625,0.275590551181,0.433070866142,1738778
-498.686676025,-190.316055298,0.341796875,0.275590551181,0.417322834646,1738783
-499.450576782,-189.491470337,0.33056640625,0.275590551181,0.417322834646,1738788
-500.122802734,-188.776809692,0.30712890625,0.275590551181,0.417322834646,1738793
-500.611694336,-188.19960022,0.28759765625,0.275590551181,0.417322834646,1738798
-501.131149292,-187.732330322,0.26220703125,0.275590551181,0.417322834646,1738803
-501.558929443,-187.320037842,0.23828125,0.275590551181,0.40157480315,1738808
-501.986709595,-187.072647095,0.20361328125,0.275590551181,0.40157480315,1738813
-502.414489746,-186.93522644,0.1669921875,0.275590551181,0.40157480315,1738818
-502.811721802,-186.907730103,0.12939453125,0.275590551181,0.40157480315,1738823
-503.208953857,-187.072647095,0.08935546875,0.275590551181,0.40157480315,1738828
-503.483947754,-187.429977417,0.08935546875,0.291338582677,0.417322834646,1738833
0,0,0,0,0,0
-486.09765625,-258.070251465,0.19091796875,0.291338582677,0.543307086614,1739014
-485.914321899,-258.37260437,0.18994140625,0.291338582677,0.55905511811,1739019
-485.944885254,-258.455062866,0.1962890625,0.291338582677,0.55905511811,1739024
-485.944885254,-258.455062866,0.19287109375,0.275590551181,0.55905511811,1739034
-485.944885254,-258.345123291,0.193359375,0.275590551181,0.574803149606,1739039
-485.944885254,-258.042770386,0.19384765625,0.275590551181,0.574803149606,1739044
-485.914321899,-257.465545654,0.1953125,0.275590551181,0.574803149606,1739049
-485.914321899,-256.50352478,0.19482421875,0.275590551181,0.574803149606,1739054
-485.822662354,-255.156692505,0.20263671875,0.275590551181,0.574803149606,1739059
-485.639328003,-253.507492065,0.21044921875,0.275590551181,0.574803149606,1739064
-485.303207397,-251.473495483,0.2177734375,0.275590551181,0.574803149606,1739069
-484.84487915,-249.082168579,0.22412109375,0.275590551181,0.574803149606,1739075
-484.23374939,-246.415985107,0.232421875,0.275590551181,0.574803149606,1739079
-483.408752441,-243.419952393,0.24462890625,0.275590551181,0.55905511811,1739084
-482.430953979,-240.176544189,0.25732421875,0.275590551181,0.55905511811,1739089
-481.178161621,-236.713256836,0.2724609375,0.275590551181,0.55905511811,1739095
-479.742034912,-233.222473145,0.29052734375,0.275590551181,0.543307086614,1739099
-478.092025757,-229.649230957,0.3076171875,0.259842519685,0.543307086614,1739105
-476.289230347,-226.07598877,0.32080078125,0.259842519685,0.527559055118,1739109
-474.333648682,-222.585189819,0.33056640625,0.259842519685,0.527559055118,1739115
-472.225296021,-219.149383545,0.34765625,0.259842519685,0.527559055118,1739120
-469.933609009,-215.823516846,0.36083984375,0.259842519685,0.511811023622,1739125
-467.458587646,-212.580108643,0.37255859375,0.244094488189,0.496062992126,1739130
-464.739105225,-209.254257202,0.3818359375,0.244094488189,0.496062992126,1739135
-461.775192261,-205.955871582,0.3935546875,0.244094488189,0.48031496063,1739140
-458.505706787,-202.657485962,0.40478515625,0.244094488189,0.48031496063,1739145
-454.961242676,-199.38659668,0.412109375,0.244094488189,0.464566929134,1739150
-451.263977051,-196.225646973,0.4189453125,0.228346456693,0.448818897638,1739155
-447.597259521,-193.119674683,0.4267578125,0.228346456693,0.448818897638,1739160
-444.022247314,-190.151138306,0.43359375,0.228346456693,0.433070866142,1739165
-440.599975586,-187.320037842,0.43701171875,0.228346456693,0.417322834646,1739170
-437.299957275,-184.653839111,0.4375,0.212598425197,0.417322834646,1739175
-434.122131348,-182.207550049,0.439453125,0.212598425197,0.40157480315,1739180
-431.188781738,-179.871185303,0.44091796875,0.212598425197,0.40157480315,1739185
-428.438751221,-177.672271729,0.4404296875,0.212598425197,0.385826771654,1739190
-425.994262695,-175.583297729,0.43896484375,0.212598425197,0.385826771654,1739195
-423.824798584,-173.631759644,0.44091796875,0.212598425197,0.370078740157,1739200
-421.838684082,-171.817657471,0.43896484375,0.196850393701,0.370078740157,1739205
-420.066436768,-170.195953369,0.427734375,0.196850393701,0.370078740157,1739210
-418.599761963,-168.766647339,0.408203125,0.196850393701,0.370078740157,1739215
-417.31640625,-167.557250977,0.38671875,0.196850393701,0.370078740157,1739220
-416.216400146,-166.595214844,0.359375,0.196850393701,0.370078740157,1739225
-415.269165039,-165.825592041,0.3212890625,0.196850393701,0.370078740157,1739230
-414.383056641,-165.358322144,0.2744140625,0.196850393701,0.354330708661,1739235
-413.588592529,-165.00100708,0.2177734375,0.196850393701,0.354330708661,1739240
-412.824707031,-164.891052246,0.13818359375,0.196850393701,0.354330708661,1739245
-412.091369629,-164.973510742,0.0654296875,0.196850393701,0.354330708661,1739250
-411.358001709,-165.220901489,0.0654296875,0.196850393701,0.354330708661,1739255
0,0,0,0,0,0
